      516  26.936485  103.021110     1.443     1774.7    -4230.8       73.9   5662.9   3424.5   9635.5 2022  9 29  7 48 11.140  3.2   2
      832  26.944993  103.045638     1.246     4210.0    -3288.2     -123.7   5312.6   2424.9   6987.0 2022 10 20 13 55 59.600  3.3   2
      963  26.992181  102.989347     2.310    -1378.7     1940.5      940.9  13533.4   4753.7   8587.0 2022 11  1  8 33 14.600  2.2   2
     2025  26.990487  103.010645     1.693      735.3     1752.7      323.9   4431.0   5585.9  11840.9 2023  1 14 13  2  8.100  3.0   2
     2338  27.001697  102.999023     1.102     -418.8     2994.9     -267.0   2971.2   3447.1   7993.0 2023  1 18  5 19 25.630  2.9   2
     2624  27.017092  102.965129     1.218    -3782.9     4700.8     -150.8   3448.0   5875.0   9613.0 2023  1 23  9 43 59.910  2.4   2
     2676  26.999786  102.993783     1.682     -938.4     2783.2      312.6   3268.4   3484.7   6054.8 2023  1 24  6  5  2.570  2.6   2
     3349  26.940200  103.058341     1.215     5471.6    -3819.1     -154.0   5627.7   2503.1   6684.2 2023  2  4 14 38  6.790  2.5   2
     4000  26.958730  102.963517     1.414    -3943.8    -1765.9       45.3  11980.8   7948.1   9069.3 2023  2 16 12 50 49.270  2.5   2
     4111  26.951335  102.995418     2.062     -776.8    -2585.5      692.8  23427.3   5149.4   8646.5 2023  2 19  3  9 54.340  1.7   2
     4280  26.967409  103.017432     0.531     1409.1     -804.4     -838.0   9435.5   3402.5  10379.8 2023  2 23  6 21 21.630  2.4   2
     4421  26.996153  102.974056     0.560    -2897.1     2380.5     -809.2   4555.1   3266.9  15099.5 2023  2 26  3 34 36.930  3.1   2
