        3  26.913682  102.834912    12.040   -10264.9    -4022.5     5904.0    641.7    795.0    574.9 2022  8 23 16 29 48.550  1.9   1
      444  27.025077  102.791121     8.814   -14607.3     8320.3     2677.8     20.6     27.4     17.3 2022  9 24  7 41 55.320  2.6   1
      672  26.822904  102.895199    10.756    -4279.8   -14080.8     4619.1     21.7     13.7     18.3 2022 10 10  3 35  1.940  3.7   1
      779  27.067721  102.753963     4.541   -18292.0    13045.4    -1595.1     25.9     39.9     34.6 2022 10 17 22 37 48.240  2.6   1
     1068  26.731809  103.090902     9.713    15170.1   -24174.5     3576.3     56.1     59.0    150.6 2022 12  4 21  3 17.040  1.6   1
     1104  26.871027  102.903410     9.705    -3463.2    -8748.9     3568.8    128.9     62.1    171.1 2023  1  1  1  2 48.170  2.7   1
     1113  26.616376  102.994206    12.207     5562.5   -36964.9     6071.0    272.4    222.2    218.2 2023  1  1  5 59 15.820  2.3   1
     1148  26.920085  102.897135     9.045    -4085.3    -3313.2     2908.9    450.7    339.3    372.6 2023  1  1 17  9 12.760  2.5   1
     1150  26.926847  102.918221     7.386    -1991.5    -2563.8     1249.5    177.3    154.9    165.4 2023  1  1 17 54 31.060  2.5   1
     1194  26.823966  102.942741    13.227      443.7   -13963.2     7090.7    220.9    256.0    221.3 2023  1  2 13 15 59.500  3.7   1
     1213  26.980349  102.897274     8.523    -4070.3     3364.3     2386.8    517.0   1165.0    318.4 2023  1  2 20 38 12.040  2.4   1
     1214  26.981523  102.906600    20.247    -3144.3     3494.4    14110.4     60.2     87.3    102.1 2023  1  2 20 43 14.180  0.7   1
     1233  27.102020  102.981217     8.010     4261.5    16845.9     1873.6     15.6     10.7     21.7 2023  1  3  3 48 43.310  3.1   1
     1248  27.133600  102.833504    12.622   -10395.1    20344.9     6485.6    469.2    624.9    381.3 2023  1  3 10 35 16.200  2.6   1
     1350  26.851335  102.958187    14.296     1978.6   -10930.9     8159.8    282.5    322.6    230.9 2023  1  4 19 27 11.020  3.5   1
     1360  26.967936  102.929020     5.787     -919.0     1989.0     -349.0    255.9    227.9    279.4 2023  1  4 22 34  8.940  2.1   1
     1387  26.845042  102.958228     8.229     1982.2   -11628.0     2093.0    313.7    297.5    330.1 2023  1  5 13 36 43.040  3.8   1
     1395  26.923818  102.912760     7.072    -2533.8    -2899.4      935.2    208.5    137.8    135.4 2023  1  5 16 58 37.710  3.2   1
     1405  26.811292  102.972021    14.081     3353.5   -15367.6     7944.1    443.3    485.0    365.3 2023  1  5 18 48 23.160  3.0   1
     1406  26.975220  102.908830    19.754    -2923.2     2795.9    13617.4     39.6     62.3    123.8 2023  1  5 18 53 13.880  1.2   1
     1410  26.847534  102.948136     4.731      979.6   -11351.9    -1405.5     69.1    109.7    179.8 2023  1  5 19 19 20.860  2.6   1
     1411  26.922139  102.838159    10.788    -9942.1    -3085.4     4651.5    622.9    825.0    581.3 2023  1  5 19 20 31.660  2.4   1
     1412  26.851727  102.944832     4.438      651.5   -10887.3    -1698.0     59.6     98.6    170.9 2023  1  5 19 34 36.200  2.3   1
     1425  26.826007  102.958366    14.182     1995.9   -13737.1     8045.5    269.3    194.3    185.1 2023  1  5 21  4 48.560  3.5   1
     1428  26.831820  102.973242    16.820     3474.5   -13093.0    10684.0    152.8    230.0    154.8 2023  1  5 21 57 36.580  5.6   1
     1431  26.831616  102.946948    10.869      861.5   -13115.6     4732.2    304.2    196.3    213.6 2023  1  5 22  4  9.800  4.9   1
     1432  26.874689  102.857837    11.203    -7990.2    -8343.0     5066.5    400.3    466.7    315.4 2023  1  5 22  8 18.040  2.8   1
     1433  26.837140  102.945573    11.413      725.0   -12503.6     5277.1    218.1    238.4    256.1 2023  1  5 22 15 54.360  2.9   1
     1436  26.823767  102.951326    14.108     1297.1   -13985.3     7971.8    299.4    210.7    215.6 2023  1  5 22 21  5.480  5.6   1
     1440  26.830137  102.960832    13.645     2241.4   -13279.5     7508.2    141.6    183.2    123.4 2023  1  5 22 45 17.520  4.8   1
     1441  26.837795  102.962248    12.375     2382.1   -12431.0     6238.8    266.2    185.7    175.0 2023  1  5 22 47 20.320  3.1   1
     1444  26.834766  102.965535    15.992     2708.2   -12766.6     9855.8    238.7    327.0    249.3 2023  1  5 23  2 29.760  3.2   1
     1445  26.833612  102.964299    12.011     2585.4   -12894.5     5874.8    200.9    122.8    177.4 2023  1  5 23  5 44.480  4.0   1
     1446  26.838837  102.954492    16.566     1611.4   -12315.5    10429.6    540.0    409.6    420.3 2023  1  5 23 11 18.480  3.4   1
     1448  26.822156  102.962516    14.745     2408.3   -14163.8     8608.4    165.7    227.3    116.3 2023  1  5 23 27 57.080  5.4   1
     1449  26.828776  102.929346     8.724     -886.8   -13430.4     2587.6     69.7     72.8     76.5 2023  1  5 23 33 36.320  3.2   1
     1461  26.836987  102.923568    11.560    -1460.7   -12520.5     5423.5    463.9    323.9    291.0 2023  1  6  2  9 13.140  3.6   1
     1465  26.830422  102.966341    17.051     2788.2   -13248.0    10914.7    328.8    223.4    218.0 2023  1  6  2 50 22.410  5.9   1
     1467  26.835256  102.962646    12.015     2421.5   -12712.3     5878.7    250.8    199.0    127.9 2023  1  6  2 57  1.020  3.8   1
     1469  26.837803  102.950716    12.600     1236.0   -12430.2     6463.4    227.4    199.2    157.3 2023  1  6  3  0 59.270  3.6   1
     1470  26.829364  102.950138    13.249     1178.9   -13365.3     7112.7    187.3    210.0    177.5 2023  1  6  3 25  4.030  3.7   1
     1479  26.833850  102.960832    14.282     2241.3   -12868.2     8145.6    160.9    220.4    172.6 2023  1  6  4 27 46.330  3.9   1
     1480  26.829795  102.974886    13.523     3637.6   -13317.3     7386.4    222.5    214.3    214.7 2023  1  6  4 51 23.310  3.7   1
     1489  26.810903  102.966423    12.219     2797.1   -15410.7     6082.4    502.3    611.3    587.0 2023  1  6  6  5 52.330  3.0   1
     1490  26.835063  102.962646    13.564     2421.9   -12733.9     7428.0    264.2    234.6    221.1 2023  1  6  6  8 33.500  3.0   1
     1491  26.845089  102.933382     8.047     -485.6   -11623.0     1910.6     70.4     72.3     77.5 2023  1  6  6 12 13.430  3.1   1
     1496  26.835333  102.959847    13.912     2143.2   -12703.7     7776.1    147.2    194.8    160.0 2023  1  6  7 51  6.930  4.0   1
     1509  26.834198  102.980656    17.218     4210.3   -12829.5    11082.0    401.5    312.7    234.4 2023  1  6 11  5  1.410  3.2   1
     1510  26.969899  102.915698     8.262    -2241.2     2206.4     2125.4    195.8    185.8    168.2 2023  1  6 11 15 40.300  5.4   1
     1511  26.837044  102.958512    14.203     2010.7   -12514.2     8066.5    208.0    272.9    183.4 2023  1  6 11 24 59.760  3.7   1
     1520  26.837020  102.953133    14.144     1476.6   -12516.8     8007.4    257.4    328.2    239.7 2023  1  6 14 37 17.560  3.7   1
     1530  26.835154  102.937882    10.404      -39.0   -12723.6     4267.2    418.2    257.9    362.9 2023  1  6 16 14 42.600  2.7   1
     1551  26.825065  102.951351    13.307     1299.2   -13841.5     7170.3    217.5    263.3    210.1 2023  1  6 20 36  5.420  3.7   1
     1558  26.829812  102.962451    13.304     2402.3   -13315.6     7167.7    157.2    233.8    127.5 2023  1  6 21 38 29.200  4.3   1
     1573  27.093427  102.979997     8.048     4140.6    15893.6     1911.4     15.4     10.7     22.0 2023  1  7  0 47 17.390  3.2   1
     1584  26.939162  102.671338    12.433   -26507.4    -1199.3     6296.6    108.3    134.5    128.5 2023  1  7  5 10 35.680  2.9   1
     1598  26.838566  102.940812    15.580      252.3   -12345.6     9443.7    441.1    281.4    392.3 2023  1  7 11 38 45.550  3.3   1
     1607  26.959037  102.892261     7.569    -4568.7     1002.8     1432.5    362.9    233.6    361.1 2023  1  7 15 39 14.060  2.9   1
     1608  27.102714  102.874634    13.880    -6315.4    16922.7     7743.3    333.9    174.3    214.8 2023  1  7 15 40  8.830  4.2   1
     1611  26.835968  102.948657    14.441     1031.5   -12633.5     8304.2    165.7    231.0    151.5 2023  1  7 16 37 55.380  2.6   1
     1620  26.810938  102.955469    12.653     1708.7   -15407.0     6516.6    244.8    321.5    204.2 2023  1  7 20 13  6.540  3.4   1
     1644  26.840125  102.937337    13.260      -93.0   -12172.9     7123.5    442.8    369.4    359.3 2023  1  8  5 28 16.570  3.7   1
     1653  26.834499  102.952035    14.220     1366.8   -12796.2     8083.5    154.1    167.3    132.3 2023  1  8  9 21  3.240  3.7   1
     1662  26.829213  102.933431    12.364     -480.8   -13381.8     6227.7    539.8    427.7    460.7 2023  1  8 12 18 53.450  3.6   1
     1675  26.831211  102.955225    11.540     1684.2   -13160.5     5403.9    255.9    133.1    218.0 2023  1  8 17  5 43.960  3.1   1
     1678  26.682257  102.996745    13.928     5813.0   -29665.1     7791.3    109.5     43.9     79.0 2023  1  8 18  3 48.840  3.2   1
     1688  26.828436  102.961629    14.347     2320.6   -13468.0     8210.8    180.2    219.7    121.2 2023  1  8 20 59 20.120  3.0   1
     1691  26.934678  102.856917    12.108    -8078.8    -1696.2     5971.4     78.2    104.7     63.3 2023  1  8 21 39 13.640  3.3   1
     1692  26.935689  102.868563    12.557    -6922.7    -1584.2     6420.7     79.7    104.2     69.8 2023  1  8 21 47 29.700  3.2   1
     1719  26.884432  102.939998     9.561      171.2    -7263.5     3424.5    242.0    144.0    166.4 2023  1  9 16  6 17.470  3.2   1
     1720  26.875911  102.937492    10.612      -77.8    -8207.7     4476.1    217.8    222.5    260.7 2023  1  9 16 14 24.770  3.0   1
     1721  26.872624  102.936100     9.337     -215.8    -8571.8     3201.0    262.5    232.3    226.2 2023  1  9 16 39 28.720  3.0   1
     1722  26.874931  102.955672    14.845     1728.3    -8316.2     8709.0    318.9    189.8    135.3 2023  1  9 16 57 16.400  4.2   1
     1727  26.887486  102.962142    10.748     2371.1    -6925.3     4611.8    394.8    353.4    353.9 2023  1  9 19  8 37.980  2.9   1
     1729  26.969956  102.920182     4.172    -1795.9     2212.9    -1964.8    361.6    325.8    375.9 2023  1  9 19 18 43.680  2.5   1
     1730  26.868445  102.944906     8.333      659.1    -9034.9     2196.3    193.3    153.8    224.5 2023  1  9 19 27 32.440  2.9   1
     1731  26.940196  102.884652    11.004    -5324.5    -1084.7     4867.7    694.2    374.9    325.7 2023  1  9 19 36  8.060  2.9   1
     1732  26.881730  102.953385    10.103     1500.7    -7562.9     3966.7    329.6    264.8    214.4 2023  1  9 20 35 17.380  4.9   1
     1733  26.881602  102.943791    10.939      548.2    -7577.1     4803.0    233.1    240.7    174.9 2023  1  9 20 39 20.860  3.4   1
     1734  26.876495  102.941496     8.617      320.2    -8142.8     2480.3    198.5    146.1    170.4 2023  1  9 21 45  5.440  3.0   1
     1737  26.884275  102.942529    10.667      422.4    -7280.8     4530.6    234.4    210.6    139.1 2023  1  9 22  7  4.500  3.6   1
     1738  26.889158  102.949373    11.907     1102.8    -6739.9     5770.8    420.3    359.9    323.3 2023  1  9 22 12 25.440  3.7   1
     1748  26.884658  102.943254    10.518      494.6    -7238.6     4381.2    199.7    137.8    182.5 2023  1 10  1 44 54.780  2.7   1
     1770  26.881106  102.922331     8.342    -1583.4    -7632.1     2205.2    334.3    266.0    291.7 2023  1 10  9 51  7.700  3.4   1
     1779  26.849725  102.926579    11.083    -1161.9   -11109.1     4946.9    308.5    162.3    181.4 2023  1 10 13 36 48.280  3.4   1
     1781  26.825562  102.947257    11.295      892.3   -13786.5     5159.1    180.0    216.8    211.0 2023  1 10 15  7 20.700  2.9   1
     1783  26.856500  102.915096    15.744    -2302.6   -10358.4     9607.2    394.4    421.1    384.2 2023  1 10 15 13 25.930  3.7   1
     1785  26.851257  102.936239    11.795     -201.7   -10939.4     5658.9    342.7    259.7    232.8 2023  1 10 16 19 19.210  2.9   1
     1790  26.967853  102.918831     6.153    -1930.3     1979.8       16.4    348.0    241.0    315.6 2023  1 10 18 32 50.840  2.7   1
     1810  26.840818  102.930778    15.834     -744.3   -12096.1     9697.3    635.3    487.5    500.6 2023  1 11  0  7 17.780  3.6   1
     1812  26.952435  102.907690     8.898    -3037.0      271.5     2761.9    212.1    181.8    132.8 2023  1 11  0 36  5.800  2.7   1
     1823  27.110288  102.835596    14.487   -10188.6    17762.0     8351.0    204.5    149.0    147.3 2023  1 11  4 48 26.140  4.3   1
     1846  26.875509  102.932414    11.478     -582.1    -8252.3     5341.8    216.4    231.5    193.2 2023  1 11 12 40 18.140  3.3   1
     1847  27.101306  102.855257    13.297    -8237.8    16766.7     7161.0    260.2    156.3    202.4 2023  1 11 12 47 56.460  2.5   1
     1855  26.884249  102.944368    10.461      605.5    -7283.9     4325.1    208.7    194.9    126.3 2023  1 11 15 39  2.760  3.5   1
     1862  26.890342  102.949365     9.653     1101.6    -6608.8     3517.0    346.0    264.4    241.6 2023  1 11 18 31 49.400  3.0   1
     1878  27.029230  102.798364    18.024   -13887.8     8780.3    11887.6    316.5    269.6    291.8 2023  1 12  1 42  2.140  3.9   1
     1898  27.113963  102.819100    13.627   -11825.0    18169.1     7490.4    389.7    246.3    249.8 2023  1 12 11  0 25.500  4.2   1
     1923  27.114225  102.816618    13.691   -12071.5    18198.2     7554.2    280.6    167.7    261.3 2023  1 12 21 27 16.860  4.8   1
     1926  27.103912  102.827686    14.784   -10973.4    17055.5     8647.4    454.1    362.9    371.4 2023  1 12 22 45 29.160  3.7   1
     1928  27.093451  102.876229    13.681    -6157.0    15896.2     7544.5    373.1    218.0    265.5 2023  1 13  0  2  4.850  3.5   1
     1934  27.108518  102.854297    12.128    -8333.2    17565.9     5991.6    386.6    252.7    295.6 2023  1 13  1 42 41.480  3.2   1
     1941  26.826994  102.978361    10.682     3983.2   -13627.8     4545.2    141.6    110.7    208.5 2023  1 13  5 13  5.790  3.6   1
     1947  27.112701  102.820955    13.921   -11640.9    18029.3     7784.6    316.8    203.4    235.4 2023  1 13  9 37 46.380  2.8   1
     1948  27.116323  102.848527    14.212    -8905.1    18430.5     8075.5    660.7    485.5    544.3 2023  1 13  9 48 48.310  3.4   1
     1957  27.114752  102.823177    10.456   -11420.6    18256.6     4319.3    223.1    102.3    152.1 2023  1 13 11 23 47.790  3.1   1
     1965  27.103766  102.810856    12.650   -12643.9    17039.2     6513.5    262.6    159.0    211.5 2023  1 13 13 55 47.290  3.4   1
     1983  27.103908  102.863745    12.998    -7395.8    17055.0     6861.5    312.5    214.0    233.5 2023  1 13 18 44 10.720  3.2   1
     1986  27.094934  102.954215     6.727     1582.1    16060.6      591.0    127.3     75.5    123.3 2023  1 13 20 24 47.360  2.4   1
     1999  26.783136  102.976343    13.850     3782.7   -18487.5     7713.6    142.0    153.1    189.9 2023  1 14  2  9 10.410  3.6   1
     2002  26.787189  102.978540    14.859     4001.3   -18038.3     8722.5    129.8    155.4    215.2 2023  1 14  2 13 49.160  3.6   1
     2014  26.881976  102.924007     8.949    -1417.0    -7535.6     2812.4    220.0    173.9    177.9 2023  1 14  8 57 20.990  2.8   1
     2031  26.857894  102.893612    11.495    -4436.3   -10204.0     5358.9    303.3    244.9    420.6 2023  1 14 14 35  3.700  3.0   1
     2044  26.942893  102.909806     6.143    -2826.8     -785.9        6.8    663.3    522.7    387.1 2023  1 14 16 43 43.950  2.8   1
     2057  26.956331  102.911393     7.730    -2668.9      703.1     1594.0    424.9    250.0    274.5 2023  1 14 21 31 33.240  2.7   1
     2063  27.105259  102.824414    10.864   -11298.7    17204.7     4727.8     97.7     48.3    103.9 2023  1 14 23 36 57.880  3.7   1
     2077  27.067832  103.140519    11.352    20072.3    13057.7     5215.9     29.6     15.8     47.3 2023  1 15  3  5 26.790  3.6   1
     2105  26.748448  102.752743     2.086   -18439.2   -22331.0    -4050.5    143.9    202.9    237.8 2023  1 15 13 25 48.110  1.9   1
     2119  27.108944  102.831193    13.615   -10625.4    17613.0     7478.6    176.9    156.3    148.4 2023  1 15 17 11  5.080  3.8   1
     2149  26.895626  103.122233     7.498    18271.1    -6023.2     1361.6    121.6    181.2    183.1 2023  1 15 23 45 28.480  3.5   1
     2153  26.841526  102.953613    13.140     1524.1   -12017.5     7003.5    215.4    198.5    155.5 2023  1 16  2 13 26.450  3.6   1
     2173  26.859365  102.956209    11.106     1781.7   -10041.1     4970.0    313.1    188.2    299.5 2023  1 16  8 53 26.520  3.6   1
     2175  26.846106  102.969694    14.198     3121.8   -11510.1     8061.5    263.3    252.0    263.4 2023  1 16  8 58 50.730  3.3   1
     2195  26.839266  102.978483    13.239     3995.0   -12268.0     7102.5    222.7    216.6    190.1 2023  1 16 16  3 18.920  3.4   1
     2198  26.974225  102.920402     7.898    -1774.5     2685.8     1761.3    187.7    140.4    154.5 2023  1 16 16 16 44.450  3.2   1
     2199  26.970768  102.942415     8.773      410.9     2302.8     2636.3    202.0    219.7    277.2 2023  1 16 16 20  5.830  3.0   1
     2269  27.120463  102.854346     4.420    -8327.9    18889.4    -1716.1    458.7    258.8    492.8 2023  1 17 12 55 13.130  3.6   1
     2281  27.065342  103.042375    11.314    10331.8    12781.8     5177.7    170.4     98.8    166.8 2023  1 17 15 29  9.270  3.3   1
     2293  26.826086  102.969499     8.262     3102.3   -13728.3     2126.0     47.3     27.8     31.1 2023  1 17 18 26 33.720  2.6   1
     2348  26.998747  102.876229     6.136    -6159.9     5402.8       -0.0     19.1     13.7     15.0 2023  1 18  7 22 51.730  3.2   1
     2402  26.880806  103.127547     7.033    18800.7    -7665.2      896.9    122.5    183.3    174.6 2023  1 19  3 45  0.380  2.3   1
     2409  26.951949  102.990739     6.665     5209.7      217.6      529.1     54.5     84.6     49.5 2023  1 19  5 13 45.370  2.7   1
     2443  26.574382  103.042106    13.098    10327.4   -41618.0     6962.4    236.2    180.7    200.4 2023  1 19 18 37 36.240  3.7   1
     2447  26.857351  102.948657    11.730     1031.2   -10264.1     5593.4    312.9    254.4    171.2 2023  1 19 22  6 22.960  3.6   1
     2453  26.932068  102.678019    12.216   -25844.9    -1985.4     6079.8    108.1    131.5    130.0 2023  1 19 23 53 15.560  1.7   1
     2463  26.979527  102.823999    13.809   -11346.2     3273.3     7672.8    628.0    738.0    393.1 2023  1 20  8 24  0.370  3.4   1
     2480  26.914634  102.922038    12.431    -1612.8    -3917.1     6294.7    242.6    165.0    199.2 2023  1 20 16 55 36.370  2.9   1
     2487  26.978589  102.900203    20.765    -3779.6     3169.4    14628.5     97.1     59.7     46.6 2023  1 20 18 16 42.820  3.0   1
     2490  27.114838  102.814176    14.392   -12313.4    18266.1     8255.7    312.0    189.0    265.9 2023  1 20 19  7 17.640  3.4   1
     2499  26.733913  102.897941    13.795    -4008.3   -23941.4     7658.4     24.1     46.6     45.1 2023  1 20 20 43 15.000  1.3   1
     2537  26.978125  102.799740    14.951   -13754.9     3117.9     8814.4    161.7    109.2    378.0 2023  1 21 19 43 34.100  3.3   1
     2595  26.922750  102.925195    11.384    -1298.7    -3017.8     5247.1    236.6    164.7    202.6 2023  1 22 20 25 59.880  2.7   1
     2608  27.124485  102.787134    10.443   -14996.9    19335.0     4306.4    148.5     60.2    137.2 2023  1 22 23 57 49.340  3.1   1
     2630  27.060907  103.130697     9.964    19098.1    12290.4     3827.7     30.6     15.5     78.8 2023  1 23 13 50 46.020  3.2   1
     2654  27.103194  102.848966    14.950    -8861.7    16976.0     8813.2    295.4    215.6    231.0 2023  1 23 21 54 10.300  4.3   1
     2674  27.112339  102.811230    11.614   -12606.6    17989.2     5478.0    232.5    177.5    230.3 2023  1 24  5 27  3.620  3.5   1
     2700  26.974976  102.925033     9.085    -1314.5     2768.8     2949.1    185.4    176.9    197.6 2023  1 24 17  6 42.280  4.3   1
     2703  26.844173  102.928215    13.956     -999.1   -11724.3     7819.3    249.1    165.5    179.4 2023  1 24 18 28 40.720  5.3   1
     2705  26.844476  102.935140    10.219     -311.1   -11690.7     4083.1    132.7    172.8    155.4 2023  1 24 18 39  8.100  3.5   1
     2706  26.843272  102.938159    13.525      -11.4   -11824.2     7389.0    255.6    167.0    212.7 2023  1 24 19  2 19.360  4.5   1
     2720  26.493125  102.979590    10.806     4110.8   -50621.3     4669.2     62.8     93.5    117.2 2023  1 24 23 44 49.420  3.2   1
     2729  26.866315  102.915942    14.697    -2217.9    -9271.0     8561.0    368.9    330.3    291.7 2023  1 25  2 54 46.450  3.1   1
     2748  26.969069  102.915885     8.374    -2223.2     2114.6     2238.0    138.8    120.5    143.4 2023  1 25 12 51 58.640  3.5   1
     2751  26.976341  102.924178     8.949    -1399.5     2920.3     2812.9    162.9    153.5    141.5 2023  1 25 14  8 38.810  3.4   1
     2754  26.503501  102.994922    11.176     5636.1   -49471.6     5039.8     75.0     98.0    113.6 2023  1 25 14 54 48.050  3.8   1
     2756  26.946468  102.914624     6.520    -2348.5     -389.8      384.1    595.4    473.9    413.1 2023  1 25 15 29  8.450  3.3   1
     2790  26.721767  103.008065    11.554     6937.2   -25287.2     5417.9     78.0     68.7     83.9 2023  1 25 22 18 21.720  4.1   1
     2804  26.734475  102.898104    13.737    -3992.8   -23879.2     7600.2     24.3     46.6     45.4 2023  1 25 23 33 14.880  3.5   1
     2823  26.978914  102.907463    19.817    -3058.8     3205.5    13680.2     48.2     91.5    111.5 2023  1 26  8 13 13.850  1.8   1
     2826  26.987587  102.829761    14.735   -10773.0     4166.3     8598.2    489.3    362.0    234.5 2023  1 26  8 57 51.390  3.5   1
     2851  26.953996  102.934684     9.825     -356.1      444.2     3688.2    249.4    283.3    190.3 2023  1 26 20 34 54.440  2.6   1
     2868  26.858879  102.938957    11.488       68.2   -10094.8     5351.1    427.9    298.1    301.6 2023  1 27  3  4  5.290  3.2   1
     2876  26.862286  102.977783    12.928     3924.9    -9717.3     6791.1    337.3    286.3    228.8 2023  1 27  6 13 52.750  3.3   1
     2877  26.686676  102.999813    13.774     6117.6   -29175.4     7637.8    116.7     45.8     83.7 2023  1 27  6 25 49.430  3.5   1
     2889  26.988318  102.834025    13.356   -10350.2     4247.2     7219.4    391.5    227.0    139.2 2023  1 27 10 58 34.340  3.6   1
     2895  26.980729  102.902165     9.305    -3585.0     3406.5     3168.4    503.7   1194.4    319.7 2023  1 27 12  9 22.740  3.3   1
     2898  26.974609  102.930566     9.083     -765.0     2728.3     2946.5    173.3    173.4    161.2 2023  1 27 13 50 19.660  3.3   1
     2904  26.993850  102.828491    13.738   -10898.8     4860.2     7601.7    323.7    167.2    138.6 2023  1 27 15 33 31.920  3.2   1
     2917  27.052146  102.754053     4.398   -18284.3    11319.7    -1738.5     23.8     47.5     32.2 2023  1 27 18 35 17.800  1.3   1
     2922  27.113456  102.849300     8.310    -8828.3    18112.9     2173.9    248.2    134.4    236.7 2023  1 27 20 21  5.380  3.1   1
     2929  27.033809  102.761597    13.885   -17537.5     9288.0     7748.2    208.2    163.8    197.6 2023  1 27 23 50 57.520  3.2   1
     2936  26.826394  102.969735    14.570     3125.5   -13694.2     8433.9    171.0    263.4    155.8 2023  1 28  2  0 52.420  3.3   1
     2956  26.878689  102.869849    10.469    -6796.3    -7899.8     4332.7    420.1    465.1    310.5 2023  1 28 10 40 14.790  2.7   1
     2958  26.976095  102.793905    15.717   -14334.0     2893.0     9580.5    125.6    106.7    355.0 2023  1 28 11 46 10.310  3.4   1
     2964  26.924025  102.900163     6.424    -3784.4    -2876.4      287.6    236.8    162.0    145.8 2023  1 28 12 13 23.580  3.3   1
     2982  26.931167  102.888338    10.041    -4958.8    -2085.3     3904.3    440.9    349.0    192.3 2023  1 28 19 57 32.200  3.4   1
     2983  26.828117  102.975806     8.247     3728.8   -13503.5     2110.9     50.7     28.5     31.6 2023  1 28 20  3 15.040  1.2   1
     3022  26.717816  103.023885    11.365     8510.2   -25725.1     5228.7     73.7     67.3     85.9 2023  1 29 13 41  6.720  3.2   1
     3026  27.016329  102.789323    18.386   -14786.0     7351.1    12250.1    593.0    567.6    457.7 2023  1 29 16 21 19.480  3.0   1
     3042  27.115875  102.752604     7.390   -18423.1    18381.0     1253.9    647.2    359.9    431.9 2023  1 29 20 41  5.560  1.4   1
     3047  26.859076  102.951213     8.101     1285.0   -10073.0     1964.9    262.9    185.3    321.9 2023  1 29 22 51 44.600  3.2   1
     3073  26.836070  102.942269     9.834      397.2   -12622.3     3697.8    147.2    168.2    218.5 2023  1 30 12  1 48.770  3.0   1
     3077  26.858164  102.951221    14.998     1286.2   -10174.0     8861.9    460.7    418.2    430.4 2023  1 30 12 26 51.580  3.5   1
     3101  26.867800  102.952824     8.307     1445.2    -9106.4     2170.7     48.0     55.8     50.3 2023  1 30 23 34 55.420  2.2   1
     3136  26.624302  103.009904    12.192     7123.1   -36086.6     6055.4    221.8    118.0    171.5 2023  1 31 16 27 59.290  3.8   1
     3140  26.882955  102.923128     8.402    -1504.7    -7427.3     2265.7    245.1    164.7    227.2 2023  1 31 17  3 23.640  3.8   1
     3153  26.928485  102.909896     8.373    -2818.4    -2382.4     2236.7    194.2    138.4    189.0 2023  1 31 20 31 50.780  2.5   1
     3156  26.953866  102.910164    10.027    -2791.3      429.9     3890.6    339.8    398.3    212.4 2023  1 31 21 28 23.660  2.7   1
     3161  26.931045  102.914095     7.888    -2401.2    -2098.8     1751.4    203.5    147.6    223.3 2023  1 31 22 23 52.560  2.7   1
     3178  26.948199  102.892830     7.688    -4512.4     -197.9     1551.5    180.0    167.2    129.7 2023  2  1  8 53 40.230  3.3   1
     3205  26.995036  102.860400     5.929    -7730.8     4991.7     -207.2     20.9     13.8     14.9 2023  2  1 21 43 10.840  1.7   1
     3256  27.105214  102.763159     6.746   -17376.7    17199.7      609.7    526.0    369.7    419.2 2023  2  2 18 28 39.720  2.2   1
     3269  26.831362  102.952441     6.453     1407.6   -13143.8      316.2    273.8    131.3    259.4 2023  2  2 21 52 48.160  2.3   1
     3291  27.106435  102.841772     8.593    -9575.9    17334.9     2457.0    192.4    124.0    184.1 2023  2  3  9 59 32.770  3.5   1
     3336  27.165009  103.131193    11.872    19138.9    23825.1     5735.7    155.2    146.3    243.1 2023  2  4 10 29 17.550  4.6   1
     3366  26.984406  102.897249    19.995    -4072.8     3813.9    13858.4    144.4     31.2     84.5 2023  2  4 20  3 14.540  1.6   1
     3367  26.850948  102.947021    13.686      869.4   -10973.7     7549.5    249.9    223.0    200.3 2023  2  4 20  7 36.480  2.5   1
     3368  26.733842  103.088574    11.007    14938.6   -23949.4     4870.6     68.0     63.3    138.9 2023  2  4 20 33 16.400 -0.2   1
     3373  26.983246  102.917944     6.234    -2018.5     3685.3       97.9    535.0    462.8    469.8 2023  2  4 21 12 48.680  2.8   1
     3392  26.494145  102.992448     9.423     5390.1   -50508.4     3286.5     73.1    108.6     93.3 2023  2  5 11 56 54.050  3.3   1
     3395  26.977364  102.758911    12.103   -17808.3     3033.5     5966.7     38.4     46.0     24.5 2023  2  5 12 41 57.150  3.3   1
     3419  26.967535  102.919377     9.588    -1876.6     1944.6     3451.5    185.1    141.9    178.3 2023  2  6  1 12 27.600  4.9   1
     3421  26.988700  102.949748     4.979     1139.1     4289.6    -1157.0    761.2    786.4    780.0 2023  2  6  1 43 57.790  3.2   1
     3434  26.968516  102.916195    10.004    -2192.2     2053.2     3867.1    193.9    184.3    157.8 2023  2  6  8 30 31.150  4.5   1
     3470  27.127572  102.878597     6.434    -5921.1    19676.9      297.5     96.9     61.2    127.9 2023  2  6 22 10  4.780  2.6   1
     3497  26.577913  103.057186    11.557    11827.3   -41226.6     5421.0    151.7    140.2    150.3 2023  2  7 12 22 33.570  3.9   1
     3499  26.570835  103.057039    11.488    11812.7   -42010.8     5351.1    174.9    163.3    184.2 2023  2  7 12 51 49.860  3.6   1
     3505  27.024559  102.795418    16.985   -14180.6     8262.8    10848.1    298.2    247.1    273.4 2023  2  7 14  0  9.910  3.1   1
     3506  26.976912  102.933000     5.449     -523.3     2983.7     -687.2    305.3    356.7    322.0 2023  2  7 14 24 46.020  2.7   1
     3517  26.738894  102.744800     2.921   -19229.1   -23389.6    -3215.5    138.3    236.1    198.4 2023  2  7 18  6 57.520  1.4   1
     3521  26.573769  103.052344    12.099    11345.5   -41685.8     5962.2    153.7    125.0    138.2 2023  2  7 18 46 48.700  4.0   1
     3533  27.102743  102.853328    14.000    -8429.6    16925.9     7863.7    260.7    170.6    188.7 2023  2  7 22 51 25.800  4.0   1
     3597  26.943091  102.927913    10.522    -1028.7     -763.9     4385.7    271.0    262.7    185.4 2023  2  9 13 58 42.220  2.9   1
     3603  26.927716  102.920565     8.685    -1758.3    -2467.5     2548.3    273.7    175.6    188.9 2023  2  9 17 12 51.860  1.9   1
     3641  26.811698  102.964014    14.027     2558.0   -15322.6     7890.5    493.2    619.5    373.7 2023  2 10  3 51 17.800  3.1   1
     3643  26.868327  102.938940     5.926       66.7    -9048.1     -210.1    219.6    201.2    390.9 2023  2 10  4 12 31.530  3.3   1
     3658  27.026742  102.763949    12.090   -17304.6     8504.8     5953.5    202.0    211.3    267.4 2023  2 10 11 42 25.830  3.6   1
     3661  26.963110  102.921240     7.411    -1691.1     1454.2     1274.8    274.2    185.6    205.3 2023  2 10 13 44 34.240  3.2   1
     3668  26.920730  102.859798     8.964    -7793.6    -3241.6     2827.6      6.1      5.5      5.6 2023  2 10 15 49  8.740  1.8   1
     3677  26.976093  102.759928    13.521   -17707.8     2892.7     7384.7     39.6     46.5     22.7 2023  2 10 18 13 48.420  2.2   1
     3679  26.824974  102.963175    11.253     2474.3   -13851.7     5116.1    398.5    516.1    361.7 2023  2 10 18 51 51.000  2.9   1
     3681  26.824390  102.957194    15.927     1879.6   -13916.4     9790.5    454.5    450.4    281.3 2023  2 10 18 59 17.160  3.7   1
     3682  26.853843  103.009961    14.809     7121.5   -10652.9     8672.7    104.1    171.5    112.9 2023  2 10 20  1 54.320  2.5   1
     3689  26.800230  102.981388    14.987     4283.7   -16593.3     8850.6    442.0    505.4    359.3 2023  2 10 21 25 36.460  3.2   1
     3694  26.839079  102.959302    16.446     2089.2   -12288.8    10309.9    264.4    361.9    254.2 2023  2 10 22 52 55.800  3.0   1
     3696  26.819617  102.954240    12.281     1586.1   -14445.2     6144.8    216.1    221.6    260.5 2023  2 10 23 21 27.120  3.0   1
     3697  27.003416  102.805444     5.295   -13186.9     5920.2     -841.6    125.5    208.9    202.6 2023  2 10 23 27 25.760  2.8   1
     3703  26.925651  102.897721     9.447    -4026.9    -2696.3     3310.4    453.9    311.4    216.5 2023  2 11  0 34 33.290  3.9   1
     3721  27.126703  102.853516    11.338    -8410.0    19580.8     5201.4    213.1    107.9    215.7 2023  2 11  8 41  3.690  2.8   1
     3744  26.870447  102.940186     6.190      190.2    -8813.2       53.2    220.8    201.2    363.3 2023  2 11 15  5 42.430  2.9   1
     3786  27.172213  102.835775     6.555   -10167.9    24623.3      419.1    138.0     82.2     83.3 2023  2 12  3 32 54.620  4.6   1
     3787  27.005672  102.801107     4.278   -13617.3     6170.2    -1858.9    162.8    255.4    213.5 2023  2 12  3 34  5.200  4.2   1
     3788  26.845453  102.951579    12.946     1322.2   -11582.4     6809.2    335.5    426.8    277.2 2023  2 12  3 36 55.170  3.0   1
     3802  27.101292  102.824601    11.764   -11280.3    16765.0     5627.1    340.9    183.9    513.8 2023  2 12  7  2 15.470  3.4   1
     3830  26.874333  102.937052    15.616     -121.5    -8382.5     9479.2    705.8    465.9    457.9 2023  2 12 15 24 31.290  3.6   1
     3868  26.867800  102.924040    11.995    -1413.8    -9106.4     5858.8    272.5    311.6    254.4 2023  2 13  3 57 56.990  3.5   1
     3886  26.493811  102.979915     9.295     4143.2   -50545.4     3158.8     58.6    109.7     97.0 2023  2 13 11 20 53.140  3.7   1
     3943  26.881510  102.965820    14.025     2735.9    -7587.3     7888.8    294.5    129.4    283.2 2023  2 14 21 11 56.760  3.0   1
     3948  27.117094  102.813826    13.606   -12348.1    18516.0     7470.1    431.7    314.1    276.3 2023  2 14 23  2 21.120  3.0   1
     3970  27.113466  102.815267     9.206   -12205.3    18114.1     3069.7    302.9    157.9    211.5 2023  2 15 11 38  6.520  3.0   1
     3973  26.969289  102.904272     8.227    -3376.0     2139.0     2090.4    319.4    381.0    236.2 2023  2 15 14 54  0.720  2.3   1
     3976  27.108042  102.839323     8.200    -9819.2    17513.2     2063.3    147.9    109.1    140.0 2023  2 15 15 17 29.780  2.8   1
     3977  26.849219  102.963696    12.442     2525.6   -11165.2     6305.3    452.4    375.8    408.3 2023  2 15 16  9 19.260  4.2   1
     3978  27.108014  102.844995     8.622    -9255.9    17509.9     2485.9    226.2    136.3    239.8 2023  2 15 16 28  5.090  2.4   1
     3983  26.837236  102.969889    16.508     3141.2   -12493.0    10371.8    261.7    243.4    170.8 2023  2 15 20 50 46.760  2.9   1
     4005  27.137779  102.855192     6.754    -8243.1    20808.0      617.3    444.1    314.0    666.9 2023  2 16 15 51 51.340  2.9   1
     4058  26.829793  102.965487    13.531     2704.0   -13317.5     7394.2    169.3    164.8    206.0 2023  2 17 23  0 31.120  3.8   1
     4084  26.853326  103.003768    12.453     6506.1   -10710.0     6316.1    352.9    334.4    470.5 2023  2 18 11 25  4.350  3.4   1
     4191  27.120211  102.828825    12.978   -10860.4    18861.4     6841.5    466.4    628.8    387.7 2023  2 21 10 20 53.620  4.4   1
     4208  27.102602  102.858439    14.677    -7922.4    16910.3     8540.4    445.2    303.6    326.6 2023  2 21 17 57 10.720  4.4   1
     4224  26.916166  102.906592     6.544    -3146.1    -3747.2      407.3    190.2    150.2    111.3 2023  2 21 23 18 40.080  4.2   1
     4226  27.120974  102.857397     7.705    -8024.8    18945.8     1568.8    326.9    224.6    469.2 2023  2 21 23 53 52.720  4.6   1
     4237  26.661139  103.005802    13.911     6713.7   -32005.1     7774.3    592.9    543.0    339.1 2023  2 22  7 42  7.120  3.2   1
     4255  27.119360  102.873787    14.277    -6398.6    18767.1     8141.1    248.7    122.6    141.3 2023  2 22 15 42 47.490  5.8   1
     4257  27.116553  102.846663     8.525    -9090.2    18456.0     2388.9    219.7    146.2    229.6 2023  2 22 16 22 50.940  3.6   1
     4268  26.883931  102.919702    12.486    -1844.9    -7318.9     6349.8     58.9     73.5     82.4 2023  2 22 19 47 48.020  2.6   1
     4273  27.210354  102.811296    10.810   -12594.6    28849.5     4673.8    275.1    157.4    289.8 2023  2 22 23 31 42.920  3.7   1
     4289  26.821346  102.889087    10.364    -4887.0   -14253.5     4227.7     21.1     13.7     18.8 2023  2 23 11 33 42.170  3.2   1
     4315  26.965692  102.887223     8.275    -5069.2     1740.2     2138.8    368.0    240.7    331.0 2023  2 24  5 13 31.620  3.6   1
     4349  27.205981  102.799202    10.179   -13794.3    28365.1     4042.6     75.8     59.7     97.3 2023  2 25  5 47 20.360  3.6   1
     4359  26.923242  102.921712     7.288    -1644.5    -2963.2     1152.1    303.3    182.1    267.8 2023  2 25 10  3 21.110  2.7   1
     4383  27.127627  102.891130     7.293    -4677.9    19683.1     1156.6     98.2     59.8    123.7 2023  2 25 16 42 41.760  3.2   1
     4386  26.853998  102.954224     9.864     1584.4   -10635.7     3727.3    150.3    169.5    242.3 2023  2 25 17 28  3.480  3.4   1
     4419  27.212864  102.790934    11.159   -14614.1    29127.6     5022.6     74.3     70.6     86.7 2023  2 26  2 50 36.150  4.6   1
     4445  26.849788  102.973877     8.535     3536.6   -11102.2     2398.4    200.3    162.9    257.7 2023  2 26 16 17  1.720  2.8   1
     4464  26.920719  102.922957     7.789    -1521.2    -3242.7     1653.0    202.3    139.4    166.3 2023  2 27  1 33 45.570  4.1   1
     4471  26.863904  102.948747    13.473     1040.7    -9538.1     7337.0    237.7    187.8    245.1 2023  2 27  5 56 53.330  3.4   1
     4478  27.134672  102.849479     9.747    -8809.8    20463.7     3610.7    262.9    212.1    283.9 2023  2 27 11 59 33.760  4.3   1
     4491  26.827972  102.967220    10.285     2875.6   -13519.4     4148.2    160.3    108.7    210.9 2023  2 27 20 25 38.820  3.6   1
     4510  26.782546  102.972900    11.892     3441.1   -18552.7     5755.3    296.5    244.3    264.6 2023  2 28 10 34 50.940  3.1   1
     4517  26.873391  102.923014    14.825    -1516.1    -8486.9     8689.0    543.9    365.3    337.5 2023  2 28 15 11  5.610  3.4   1
     4529  26.870258  102.907218    11.994    -3085.1    -8834.1     5858.0    346.1    254.8    415.0 2023  2 28 21 24  5.320  3.2   1
     4530  26.626241  103.012679    12.186     7398.7   -35871.7     6050.0    217.3    118.0    172.3 2023  2 28 21 42 45.880  3.9   1
     4540  26.938027  102.765845     7.040   -17123.1    -1325.0      903.5    521.9    893.3    890.5 2023  3  1  5 57 41.830  3.5   1
     4550  26.901919  102.921297    17.069    -1685.9    -5326.0    10932.5     31.3     83.2    109.9 2023  3  1 11 42 30.150  3.5   1
     4551  26.860392  102.943066    11.571      476.1    -9927.2     5434.9    236.3    213.6    165.3 2023  3  1 11 57 26.400  3.6   1
     4560  26.841518  102.972054     6.956     3355.8   -12018.4      819.7    265.5    166.3    254.9 2023  3  1 16 21 48.300  2.7   1
     4565  26.851676  102.962174    12.852     2374.5   -10892.8     6716.1    282.3    242.5    165.8 2023  3  1 21 29 18.360  3.0   1
     4591  27.002277  102.794930     6.025   -14230.7     5793.9     -111.0    193.3    423.4    287.0 2023  3  2 16 50 48.560  4.2   1
     4596  26.860901  102.956486    13.945     1809.4    -9871.0     7808.8    292.6    153.8    185.4 2023  3  2 22 25 24.180  5.2   1
     4597  26.854808  103.025382     7.025     8653.7   -10545.9      889.8     87.1     40.6    122.3 2023  3  2 22 32 59.520  2.6   1
     4599  26.850675  102.973592     7.966     3508.8   -11003.9     1830.6    156.6    141.6    184.1 2023  3  2 22 48 55.160  3.7   1
     4601  26.841083  102.925846    14.356    -1234.7   -12066.8     8219.7    256.1    148.7    213.7 2023  3  3  1 24  8.360  3.3   1
     4611  26.789746  102.992733    11.838     5411.2   -17755.0     5701.6    297.3    219.1    371.4 2023  3  3 13 47 48.060  3.9   1
     4615  26.826573  102.959318    11.558     2091.1   -13674.5     5421.9    225.2    160.0    191.5 2023  3  3 18 35 13.960  2.7   1
     4620  26.948081  103.001799     5.788     6308.2     -210.9     -348.0     51.7     82.7     64.1 2023  3  4  4  7 31.650  3.8   1
     4629  26.856787  102.945052     8.593      673.2   -10326.6     2456.4    670.1    616.7    418.3 2023  3  4 14 18 51.790  2.9   1
     4641  27.179171  102.847795     7.786    -8975.4    25394.2     1649.3    134.5     83.8     78.5 2023  3  4 20 26 14.320  3.4   1
     4646  27.112410  102.856047     8.351    -8159.0    17997.2     2215.0    246.1    137.4    198.3 2023  3  4 22 34 25.720  3.0   1
     4647  27.214762  102.819881    12.736   -11742.6    29338.0     6599.5    305.5    170.6    267.4 2023  3  4 22 58 19.380  3.1   1
     4648  27.130766  102.791284     9.955   -14584.1    20030.9     3818.7    148.3     82.4    142.1 2023  3  5  0  8  8.700  3.6   1
     4651  26.858317  102.941659     8.555      336.5   -10157.1     2419.1     52.4     54.7     49.2 2023  3  5  8 40 14.220  2.9   1
     4659  26.856462  102.952458    11.564     1408.9   -10362.8     5427.6    157.5    115.4    155.4 2023  3  5 15 55  1.790  3.5   1
     4673  26.863196  102.958285    12.448     1987.7    -9616.7     6311.8    120.0    133.5    103.2 2023  3  6  3 24 59.860  3.1   1
     4680  27.129348  102.813379    14.702   -12391.8    19873.9     8566.0    560.1    423.8    503.4 2023  3  6  7 11 16.110  4.4   1
     4682  27.129576  102.854281    10.074    -8333.7    19899.1     3938.0    218.3    112.9    225.0 2023  3  6  7 43  0.390  2.5   1
     4685  27.122524  102.866089    10.031    -7162.4    19117.7     3894.4    230.4    136.0    241.8 2023  3  6 11 41 37.020  4.0   1
     4686  27.124605  102.864071     7.579    -7362.8    19348.2     1443.1    394.6    231.4    487.8 2023  3  6 14 35 50.270  3.5   1
     4699  26.848208  102.949772    14.170     1142.3   -11277.2     8033.6    351.8    308.5    231.0 2023  3  6 20 48 46.520  6.1   1
     4702  26.841473  102.990243     8.503     5162.6   -12023.4     2367.1    301.0    246.7    383.0 2023  3  6 21  4 33.560  2.8   1
     4706  26.856437  102.911027     7.796    -2706.7   -10365.3     1659.3     30.3     20.5     42.3 2023  3  6 21 45 18.720  2.7   1
     4709  26.836373  102.994173    11.221     5553.5   -12588.5     5084.9    687.7    414.1    608.0 2023  3  6 21 58  3.300  3.2   1
     4710  26.860370  102.944889    10.980      656.9    -9929.6     4844.0    235.1    218.3    296.3 2023  3  6 22 22 54.720  3.4   1
     4714  26.840002  102.977352     6.711     3882.1   -12186.5      574.9    370.8    366.1    686.5 2023  3  6 23 14 54.440  2.9   1
     4716  26.862954  102.958976    11.951     2056.8    -9643.4     5814.4    111.3     95.8    117.6 2023  3  6 23 32 30.960  2.8   1
     4718  26.842094  102.993457     6.953     5482.5   -11954.6      816.6    263.2    261.7    452.5 2023  3  6 23 47  1.200  2.9   1
     4719  26.861078  102.965544    14.214     2709.0    -9851.2     8077.5    194.8    151.9    155.6 2023  3  6 23 51 24.000  3.8   1
     4727  26.855418  102.965047    12.374     2659.8   -10478.4     6237.3    209.3    154.6    174.7 2023  3  7  1 31 58.920  3.6   1
     4728  26.845437  102.958439    11.490     2003.7   -11584.3     5353.6    219.6    163.7    253.2 2023  3  7  2 24 32.150  4.1   1
     4730  26.849040  102.945817     7.823      749.8   -11185.1     1687.0    243.9    203.4    235.6 2023  3  7  3 21 32.720  3.4   1
     4731  26.855831  102.995174    13.827     5652.6   -10432.5     7690.8    349.1    327.6    417.4 2023  3  7  3 41 30.630  4.1   1
     4732  26.844997  102.980754     7.721     4220.1   -11633.0     1584.8    305.5    229.5    392.2 2023  3  7  4  7 50.350  3.1   1
     4733  27.146940  103.122054    11.224    18233.5    21823.0     5087.5    141.8    203.5    197.2 2023  3  7  4 18 49.650  3.6   1
     4734  26.871248  102.940373    11.352      208.7    -8724.4     5215.9    971.5    795.5    953.8 2023  3  7  4 37  7.440  3.5   1
     4738  27.033516  102.768726    13.731   -16829.5     9255.5     7594.4    213.9    171.6    212.0 2023  3  7  5 32 22.230  4.8   1
     4739  26.859426  102.978792     9.819     4025.2   -10034.2     3682.3    254.5    258.9    190.6 2023  3  7  5 48 34.360  3.6   1
     4741  26.857605  102.964665    13.698     2622.1   -10236.1     7561.9    247.3    215.6    137.9 2023  3  7  7  3 58.910  4.4   1
     4744  26.855062  102.942741    12.925      444.2   -10517.9     6788.7    281.1    266.8    192.7 2023  3  7  8 29 47.790  3.6   1
     4745  26.849845  102.960881     7.175     2246.2   -11095.8     1038.7    133.2    133.8    205.4 2023  3  7  9  0 10.610  3.3   1
     4746  27.104413  102.946623     6.601      828.6    17110.9      464.8     74.7     66.2    123.4 2023  3  7  9 21 49.230  3.0   1
     4753  26.848313  102.940389    13.932      209.9   -11265.6     7795.5    234.4    110.6    159.3 2023  3  7 14  7 58.450  3.7   1
     4754  26.857336  102.925618    10.788    -1257.4   -10265.8     4651.4    304.8    291.6    287.7 2023  3  7 14 12 42.270  4.2   1
     4755  26.853957  102.948079    11.267      974.5   -10640.2     5130.3    261.0    168.2    186.7 2023  3  7 14 38 37.150  4.4   1
     4756  26.843233  102.973104    13.507     3460.2   -11828.5     7370.3    381.4    426.3    273.1 2023  3  7 14 40 28.990  5.1   1
     4757  26.842605  102.953491     8.319     1511.5   -11898.1     2182.8    306.6    155.2    252.0 2023  3  7 14 45 52.360  3.4   1
     4759  26.841713  102.969718    11.390     3123.8   -11996.7     5254.0    288.1    153.1    277.1 2023  3  7 15 16 58.030  4.7   1
     4764  26.850458  102.984448    11.491     4587.2   -11027.9     5354.6    295.1    289.8    300.5 2023  3  7 19  1 47.760  3.4   1
     4765  26.856565  102.972184    10.808     3368.3   -10351.1     4671.3    156.0    162.8    106.0 2023  3  7 19 34 57.800  3.5   1
     4769  26.851086  102.961369    14.891     2294.4   -10958.2     8755.0    205.0    176.2    135.0 2023  3  7 21 13 56.800  4.2   1
     4770  26.847715  102.981234    10.760     4267.8   -11331.8     4623.2    218.4    250.4    169.0 2023  3  7 21 21 38.080  4.7   1
     4771  26.857135  102.971281     7.614     3279.2   -10288.1     1477.2    191.3    168.9    213.6 2023  3  7 21 31 15.840  3.3   1
     4773  26.856217  102.972762     7.361     3426.2   -10389.7     1224.4    215.8    237.3    323.7 2023  3  7 21 37  4.420  3.1   1
     4774  26.852997  102.964648    15.520     2620.4   -10746.6     9383.6    192.8    174.8    210.6 2023  3  7 21 44 29.740  4.6   1
     4775  26.858230  102.939364    11.229      108.3   -10166.8     5092.3    217.0    199.4    182.2 2023  3  7 21 58 11.320  3.5   1
     4776  26.844688  102.946834     8.040      850.9   -11667.3     1903.3    306.3    266.2    339.6 2023  3  7 22 12 13.060  3.0   1
     4777  26.870298  102.940861    11.375      256.8    -8829.5     5238.5    200.4    190.9    131.8 2023  3  7 22 18  8.440  2.5   1
     4778  26.855145  102.940454     9.758      216.3   -10508.5     3621.6    400.4    290.3    364.4 2023  3  7 22 33 19.200  3.1   1
     4780  26.849247  102.979997     7.242     4144.6   -11162.1     1106.6    309.6    248.8    413.9 2023  3  7 22 43 48.740  3.1   1
     4784  26.845331  102.990080    12.253     5146.6   -11596.0     6116.5    186.6    261.7    341.4 2023  3  7 23 35 24.520  3.5   1
     4788  26.861629  102.970426    14.973     3193.7    -9790.1     8836.4    597.3    365.8    474.2 2023  3  8  0 27 48.520  3.5   1
     4789  26.855937  102.936133    14.919     -212.4   -10420.9     8782.4    400.3    241.1    222.1 2023  3  8  0 57 17.160  4.1   1
     4791  26.851886  102.978215    11.961     3968.1   -10869.7     5824.9    469.3    403.8    406.1 2023  3  8  3  2 53.700  3.9   1
     4792  26.840340  102.935441     7.227     -281.2   -12149.0     1090.3    321.9    148.7    254.9 2023  3  8  3 38 24.440  3.5   1
     4796  26.852948  102.988770    11.147     5016.5   -10752.0     5010.6    218.0    267.1    211.1 2023  3  8  4 57 33.230  3.8   1
     4797  26.848712  102.952368    11.750     1400.4   -11221.5     5613.9    247.5    173.4    167.7 2023  3  8  5 35 57.320  3.5   1
     4800  26.865206  102.960547    12.927     2212.2    -9393.8     6790.1    235.7    193.9    203.3 2023  3  8  8 34 31.720  2.9   1
     4804  26.862746  102.967448    13.941     2898.0    -9666.5     7805.0    239.8    227.7    123.9 2023  3  8 10 57 26.430  3.6   1
     4807  26.854038  102.986076    11.567     4748.5   -10631.2     5431.0    250.7    293.6    279.8 2023  3  8 11 16  2.730  4.7   1
     4808  26.846962  103.005851    11.124     6713.1   -11415.2     4987.1    271.5    192.1    208.6 2023  3  8 11 32  1.250  4.6   1
     4811  26.850435  102.979045    14.296     4050.4   -11030.4     8160.0    391.9    410.5    245.4 2023  3  8 12 16  0.270  3.5   1
     4812  27.119765  102.869409    12.478    -6833.4    18812.0     6341.8    228.3    100.3    137.9 2023  3  8 12 28 57.760  4.6   1
     4815  26.851377  102.928743     9.346     -947.0   -10926.0     3210.0    336.7    184.9    232.8 2023  3  8 13 18 43.040  4.4   1
     4817  26.857540  102.978304     8.507     3976.4   -10243.2     2370.8    143.1    150.7    256.2 2023  3  8 14 11 31.600  3.5   1
     4819  26.866087  102.931714    13.878     -651.3    -9296.3     7741.9    367.9    327.6    295.9 2023  3  8 14 20 24.160  3.3   1
     4823  26.892531  102.931201    18.450     -702.5    -6366.1    12313.3     66.1     71.5    109.4 2023  3  8 15 31 26.470  3.0   1
     4826  26.853845  102.999544    12.873     6087.0   -10652.6     6736.6    302.3    381.6    428.6 2023  3  8 16 15 45.670  3.2   1
     4829  27.128105  102.837793    10.581    -9969.8    19736.1     4444.8    257.9    210.7    241.1 2023  3  8 16 47  0.080  4.2   1
     4831  26.849841  102.932479     8.307     -575.9   -11096.3     2171.0    223.0    193.0    276.4 2023  3  8 17 18 39.800  3.2   1
     4837  26.855853  102.960156    14.077     2174.2   -10430.2     7940.4    589.2    367.9    427.9 2023  3  8 17 50 50.880  4.7   1
     4840  26.790948  102.995036    13.824     5640.8   -17621.7     7688.0    290.8    226.2    339.0 2023  3  8 18 13 36.560  4.5   1
     4844  26.854706  102.936279    14.458     -197.9   -10557.4     8322.0    241.2    119.0    134.0 2023  3  8 18 45 27.760  2.8   1
     4845  26.832013  102.953939     6.318     1556.6   -13071.8      182.0    284.5    129.9    273.4 2023  3  8 18 49 30.880  3.0   1
     4847  26.851345  102.982048     9.365     4348.5   -10929.7     3228.9    330.4    291.3    362.7 2023  3  8 18 57 27.600  2.7   1
     4851  26.849567  102.939925     8.419      164.1   -11126.8     2282.4    273.0    228.5    326.4 2023  3  8 19 33  5.040  3.0   1
     4861  26.841976  102.959180     7.003     2076.8   -11967.7      866.3    220.3    153.6    222.6 2023  3  8 21  9 17.160  3.3   1
     4863  26.851152  102.952604    10.018     1423.5   -10951.1     3882.0    145.4    112.8    204.2 2023  3  8 22  6  3.880  2.9   1
     4867  26.855420  102.979102    14.404     4055.5   -10478.2     8267.7    288.4    253.3    197.9 2023  3  8 22 37 23.320  5.3   1
     4869  26.843300  102.974382     8.870     3587.2   -11820.9     2733.8    141.7    174.0    319.7 2023  3  8 22 47 56.720  3.4   1
     4870  26.849436  102.963623    10.751     2517.9   -11141.1     4614.3    173.1    154.4    132.1 2023  3  8 22 53 20.080  4.4   1
     4871  26.858899  102.966276    11.196     2781.5   -10092.8     5059.5    294.4    242.3    297.5 2023  3  8 23  1 14.240  4.4   1
     4874  26.853621  103.029850     7.959     9097.3   -10677.4     1822.6     87.7     41.4    131.3 2023  3  8 23 13 55.680  3.0   1
     4875  26.850950  102.947021     9.840      868.9   -10973.4     3703.9    190.9    165.1    285.0 2023  3  8 23 18 10.680  3.7   1
     4876  26.846141  102.933252    11.035     -499.0   -11506.3     4898.6    215.6    150.5    181.1 2023  3  8 23 31 30.160  3.5   1
     4879  26.838865  102.938997    10.679       72.1   -12312.4     4542.2    221.7    205.5    233.6 2023  3  8 23 46 48.580  3.6   1
     4881  26.864524  102.935083     8.754     -317.3    -9469.5     2617.9    360.8    228.4    289.1 2023  3  9  0  8 16.170  3.0   1
     4882  26.843699  102.998218    10.138     5955.0   -11776.9     4002.0    151.8    136.9    168.0 2023  3  9  0 11 33.010  3.5   1
     4883  26.848932  102.938403    11.244       13.1   -11197.1     5107.1    266.0    169.0    208.9 2023  3  9  0 20 14.340  4.0   1
     4890  26.851058  102.929631    12.325     -858.6   -10961.5     6188.9    289.4    269.6    229.1 2023  3  9  1 40 14.960  3.8   1
     4893  26.854177  102.970508    10.269     3202.0   -10615.8     4132.6    173.6    161.4    201.5 2023  3  9  5 13 22.700  5.9   1
     4894  26.857058  102.969670    13.699     3119.2   -10296.7     7562.3    255.4    225.8    188.2 2023  3  9  5 38 48.930  3.3   1
     4897  26.876263  102.914339    12.256    -2377.4    -8168.7     6120.0     72.7     63.1     84.8 2023  3  9  6 15  2.590  3.8   1
     4898  26.864048  102.973120     8.954     3461.8    -9522.0     2817.8    324.7    296.0    345.7 2023  3  9  6 15 57.280  3.5   1
     4900  26.857033  102.974609    10.799     3609.6   -10299.5     4662.2    213.5    194.6    228.6 2023  3  9  6 32  3.540  4.3   1
     4902  26.857206  102.971663    10.782     3316.9   -10280.3     4645.8    173.5    179.6    160.4 2023  3  9  6 45 48.880  4.0   1
     4903  26.864726  102.959025    11.081     2061.4    -9447.0     4944.6    194.1    301.4    277.8 2023  3  9  6 46 51.560  3.8   1
     4905  26.845846  102.954517     5.780     1613.8   -11539.0     -356.1    182.2    139.7    317.5 2023  3  9  7  8 25.460  3.1   1
     4910  26.862844  102.962061    11.614     2363.3    -9655.7     5477.5    158.2     92.3    123.1 2023  3  9  7 45 49.050  3.3   1
     4911  26.858260  102.986214    10.358     4762.3   -10163.5     4222.1    178.1    168.9    170.1 2023  3  9  7 50 26.180  3.9   1
     4912  26.847113  102.979728    12.253     4118.5   -11398.6     6116.7    350.8    245.5    387.6 2023  3  9  8  5  8.630  4.8   1
     4914  26.851760  102.945597     7.193      727.6   -10883.6     1056.6    306.8    253.4    308.5 2023  3  9  8 52 12.370  3.2   1
     4916  26.854240  102.983765    11.191     4519.1   -10608.9     5054.5    174.1    129.9    153.4 2023  3  9  9  0 32.420  4.1   1
     4917  26.852112  102.978353     8.066     3981.6   -10844.7     1929.9    186.5    145.3    221.3 2023  3  9  9  4 21.020  3.5   1
     4918  26.857121  102.931038    10.564     -718.6   -10289.6     4427.4    405.4    441.4    343.3 2023  3  9  9 17 12.240  4.3   1
     4922  26.840273  102.962622     6.865     2419.0   -12156.6      728.2    245.2    150.7    331.1 2023  3  9  9 50 21.030  3.1   1
     4926  27.117104  102.843888    11.193    -9365.8    18517.3     5056.6    309.3    177.3    358.0 2023  3  9 10 41  7.130  4.5   1
     4928  26.848771  102.959993     5.432     2157.8   -11214.8     -704.7    211.5    301.4    438.3 2023  3  9 10 55  9.960  2.9   1
     4929  26.867859  102.960864    13.051     2244.3    -9099.9     6914.5    202.7    131.5    203.7 2023  3  9 11 29 18.650  3.4   1
     4930  26.858875  102.992310     9.994     5368.3   -10095.4     3858.0    210.7    163.7    198.4 2023  3  9 11 30 47.930  3.3   1
     4941  26.849148  102.973079     6.929     3458.2   -11173.0      793.0    305.4    240.0    382.2 2023  3  9 12 37 23.010  3.2   1
     4948  26.842932  102.991577    11.411     5295.3   -11861.8     5274.8    129.7    165.9    184.1 2023  3  9 14 21 16.690  3.2   1
     4952  26.842277  102.991536     7.934     5291.8   -11934.4     1797.8    243.8    254.8    378.8 2023  3  9 16 32  5.440  4.1   1
     4959  26.851597  102.916528    11.568    -2159.9   -10901.8     5431.3    436.5    344.5    300.4 2023  3  9 19 16 19.620  2.8   1
     4962  26.845119  102.958789    16.306     2038.0   -11619.5    10169.1    736.3    464.6    437.6 2023  3  9 20  3 57.880  2.9   1
     4963  26.851320  102.947982    11.377      964.8   -10932.3     5240.3    165.5    148.9    125.3 2023  3  9 20 12 33.500  2.8   1
     4966  26.858193  102.939364    13.950      108.4   -10170.9     7813.8    240.3    111.8    129.4 2023  3  9 20 28 34.180  3.9   1
     4969  26.850578  102.949967    10.990     1161.9   -11014.6     4853.5    177.2    127.8    172.6 2023  3  9 20 49 10.180  3.5   1
     4972  26.856842  102.934660    13.464     -358.7   -10320.6     7327.3    355.4    309.9    344.4 2023  3  9 20 59 26.520  3.3   1
     4974  26.865889  102.966300    13.419     2784.3    -9318.2     7283.0    263.8    180.2    175.0 2023  3  9 21  6 49.720  5.2   1
     4975  26.867074  102.939925    14.512      164.1    -9186.9     8376.0    431.4    231.6    201.6 2023  3  9 21 12 28.800  3.3   1
     4977  26.888019  102.878206     8.474    -5966.5    -6866.2     2337.1     65.9     63.3    125.6 2023  3  9 21 21 14.400  2.6   1
     4981  26.855979  102.960921    11.100     2250.1   -10416.1     4963.2    230.3    301.1    204.8 2023  3  9 21 36  5.360  3.9   1
     4982  26.853210  102.948853    15.506     1050.9   -10723.0     9369.5    729.2    492.4    713.6 2023  3  9 21 40 47.760  3.0   1
     4990  26.849829  102.926872    10.793    -1132.7   -11097.7     4657.0    821.4    622.7    720.0 2023  3  9 22 27 35.960  3.4   1
     4992  26.861519  102.945597    11.071      727.9    -9802.2     4934.5    433.4    295.5    300.5 2023  3  9 22 48 34.400  3.8   1
     4997  26.862836  102.959546    13.047     2113.1    -9656.4     6910.1    263.6    198.3    168.4 2023  3 10  0 20 44.950  5.5   1
     4999  26.856138  102.952083    11.880     1371.8   -10398.5     5743.9    235.8    231.8    273.2 2023  3 10  0 50 10.610  4.2   1
     5000  26.855328  102.973560    15.539     3505.6   -10488.3     9402.6    252.2    231.6    203.3 2023  3 10  1 32 17.130  4.6   1
     5001  26.859585  102.966252    12.343     2778.9   -10016.7     6206.1    172.2    120.8    129.9 2023  3 10  1 58 31.600  2.6   1
     5004  26.871016  102.900431     9.409    -3758.7    -8749.9     3272.9    113.6     60.2    173.0 2023  3 10  2 51 15.710  3.4   1
     5007  26.842318  102.974365     9.525     3585.7   -11930.0     3389.0    209.3    196.9    305.2 2023  3 10  3 17 29.440  3.0   1
     5009  26.850382  103.018481    14.506     7967.9   -11036.2     8369.9     85.0    173.8    146.9 2023  3 10  3 28 22.810  3.7   1
     5010  26.841557  102.946989     9.827      866.1   -12014.2     3691.0    269.4    223.2    318.3 2023  3 10  3 57 59.450  3.5   1
     5011  26.867607  102.937061    11.323     -120.3    -9127.8     5187.0    242.0    253.5    179.2 2023  3 10  5 39 33.770  2.9   1
     5014  26.866990  102.953638    11.843     1526.4    -9196.2     5706.7     99.2    107.8    112.9 2023  3 10  6 35 52.600  3.3   1
     5022  26.845717  102.993245    10.399     5461.4   -11553.2     4262.2    135.1    104.7    138.5 2023  3 10 11 21 23.550  3.4   1
     5023  26.853436  102.964087    13.843     2564.2   -10697.9     7707.1    280.7    345.2    220.1 2023  3 10 12 19 19.430  3.5   1
     5024  26.832328  102.989901    13.570     5129.1   -13036.7     7433.6    221.6    202.3    260.7 2023  3 10 13 19 22.060  4.1   1
     5032  26.843958  102.935132    14.310     -311.8   -11748.1     8173.7    440.3    230.4    275.3 2023  3 10 16 13 27.840  3.8   1
     5036  27.031000  102.894198    11.145    -4374.8     8976.6     5008.6    674.3    398.7    271.7 2023  3 10 18  8  4.040  4.8   1
     5041  27.019784  102.896899    11.849    -4107.2     7733.7     5712.3    285.0    263.6    160.5 2023  3 10 18 52 49.780  3.7   1
     5043  27.039040  102.908488     9.151    -2956.5     9867.4     3014.8    598.4    315.6    333.9 2023  3 10 18 57 22.840  3.7   1
     5044  27.023254  102.885506    10.614    -5238.3     8118.3     4477.3    694.4    418.7    384.2 2023  3 10 19  2 23.560  3.3   1
     5045  27.028365  102.900358     9.460    -3763.7     8684.7     3323.2    209.4    140.7    135.7 2023  3 10 19  5 56.440  3.2   1
     5048  27.017824  102.896004    11.312    -4196.0     7516.7     5175.2    245.7    202.6    145.0 2023  3 10 19 23 42.860  2.3   1
     5049  26.869232  102.942660    10.858      435.8    -8947.6     4721.1    231.3    219.4    208.0 2023  3 10 19 42 54.160  3.0   1
     5052  27.026516  102.903988     9.097    -3403.1     8479.6     2960.7    280.4    138.8    212.9 2023  3 10 19 55 36.560  3.2   1
     5054  26.854236  102.971956     7.619     3345.8   -10609.4     1482.1    178.7    162.4    248.8 2023  3 10 20 14 21.840  3.4   1
     5055  27.026825  102.898079     9.930    -3989.7     8514.0     3793.9    285.2    174.1    235.6 2023  3 10 20 25 37.900  3.9   1
     5064  26.850975  102.970882     6.349     3239.1   -10970.8      212.6    174.6    213.0    306.1 2023  3 10 21 25  8.900  3.2   1
     5065  26.846246  102.943677     9.156      536.8   -11494.6     3019.5    198.9    133.1    226.7 2023  3 10 21 37 59.520  3.1   1
     5066  27.036395  102.801628     8.942   -13563.9     9574.4     2805.2     20.1     26.1     17.8 2023  3 10 21 42 31.720  2.3   1
     5070  26.854093  102.968457     8.809     2998.4   -10625.1     2672.7    158.2    137.6    193.2 2023  3 10 22 15  6.200  3.0   1
     5071  27.115727  102.852930    13.610    -8468.1    18364.5     7473.8    341.0    228.5    239.5 2023  3 10 22 20 47.880  3.5   1
     5072  26.866486  102.940430    12.833      214.0    -9252.1     6696.5    258.6    267.9    217.5 2023  3 10 22 47  7.080  2.2   1
     5074  26.912933  102.855827     8.095    -8188.2    -4105.6     1958.4      5.9      5.3      6.0 2023  3 10 22 54 53.120  2.8   1
     5079  26.859218  102.954386     6.150     1600.3   -10057.3       13.1    259.8    336.2    454.8 2023  3 10 23 16  8.140  3.5   1
     5080  26.861635  102.970605     8.512     3212.0    -9789.4     2375.5    336.6    279.1    342.6 2023  3 10 23 23 55.640  3.3   1
     5083  27.106108  102.829248    10.023   -10818.8    17298.8     3886.9     63.7     41.2     92.7 2023  3 11  0  8 26.740  3.5   1
     5087  26.855245  102.952482    12.705     1411.3   -10497.6     6568.2    466.1    365.7    396.0 2023  3 11 13  1 44.270  3.3   1
     5088  26.864559  102.921997     8.954    -1616.5    -9465.4     2817.3     31.8     20.6     37.0 2023  3 11 13 41 47.870  2.5   1
     5091  26.948814  102.771265     7.102   -16583.6     -129.8      965.6    520.9    994.6    835.4 2023  3 11 14 29 21.430  2.3   1
     5092  27.098020  102.823665     9.860   -11372.9    16402.6     3724.0    193.4    105.4    153.2 2023  3 11 14 41 36.040  2.8   1
     5106  26.872072  102.881323     8.452    -5657.4    -8633.0     2315.9     89.0     38.3    131.9 2023  3 11 21  1 59.360  2.7   1
     5108  26.855597  103.016488    16.268     7770.2   -10458.5    10131.2    391.1    349.1    515.0 2023  3 11 21 12 16.400  3.5   1
     5115  27.157928  103.128255    11.213    18847.6    23040.6     5076.8    148.3    135.6    229.9 2023  3 11 23 30 29.120  4.9   1
     5121  26.840849  102.938208    13.064       -6.5   -12092.6     6927.9    285.3    160.7    224.0 2023  3 12  1 19  0.220  4.1   1
     5132  26.846051  102.960856     9.487     2243.7   -11516.2     3350.1    305.7    255.6    300.4 2023  3 12  8 12 14.250  3.6   1
     5142  27.053752  103.044165    10.001    10510.1    11497.5     3864.8    172.7     98.1    178.8 2023  3 12 12 20  9.100  3.2   1
     5143  26.672054  103.005111    13.319     6644.7   -30795.6     7183.1    590.1    511.9    347.4 2023  3 12 13  0 24.520  2.7   1
     5150  27.014014  102.800773    16.815   -13649.5     7094.4    10678.8    592.4    546.2    445.6 2023  3 12 15 38 22.330  3.2   1
     5152  26.864429  102.923706     9.563    -1446.8    -9479.9     3426.5    469.8    347.2    386.9 2023  3 12 16  1 19.410  2.5   1
     5157  26.878577  102.920614    14.414    -1754.0    -7912.3     8277.5    499.2    341.6    298.7 2023  3 12 19  9 25.120  3.2   1
     5158  26.999294  102.793815     4.580   -14341.6     5463.6    -1556.9    161.7    267.9    232.5 2023  3 12 19 23 38.260  3.5   1
     5162  27.127417  102.837020     8.926   -10046.8    19659.9     2789.5    354.5    317.5    534.8 2023  3 12 20 30 52.180  2.9   1
     5164  27.118451  102.877498     3.641    -6030.5    18666.4    -2495.0    524.1    255.5    535.7 2023  3 12 20 59  2.920  3.1   1
