      516  26.936430  103.021118     1.426     1775.0    -4237.0       57.2   8655.3   5185.0  11079.0 2022  9 29  7 48 11.140  3.2   2
      832  26.944954  103.046143     1.166     4259.7    -3292.4     -203.2   7189.5   5408.3   9992.9 2022 10 20 13 55 59.600  3.3   2
      963  26.991907  102.992236     2.209    -1092.6     1910.0      840.1  11762.1   4878.6  12613.2 2022 11  1  8 33 14.600  2.2   2
     2025  26.990137  103.010409     1.442      711.9     1713.9       73.1   6225.7   7051.5   7648.4 2023  1 14 13  2  8.100  3.0   2
     2338  27.001876  102.998999     1.058     -420.7     3014.7     -311.2   5775.9   5017.5  15516.9 2023  1 18  5 19 25.630  2.9   2
     2624  27.016547  102.965161     1.393    -3779.8     4640.3       24.3   4638.4   6945.4  11427.2 2023  1 23  9 43 59.910  2.4   2
     2676  26.999725  102.993856     1.672     -931.3     2776.4      302.8   6285.3   5339.8   9227.4 2023  1 24  6  5  2.570  2.6   2
     3349  26.940238  103.057520     1.304     5389.9    -3814.9      -65.3  12249.9   5298.3  13424.3 2023  2  4 14 38  6.790  2.5   2
     4000  26.959108  102.963957     1.528    -3900.2    -1724.0      159.0  16777.9   5108.2  11269.6 2023  2 16 12 50 49.270  2.5   2
     4111  26.951652  102.997599     2.004     -559.8    -2550.3      635.2  11812.6   6496.8   8631.4 2023  2 19  3  9 54.340  1.7   2
     4280  26.967601  103.018701     0.769     1534.9     -783.0     -599.9  13043.7   5868.5  11793.3 2023  2 23  6 21 21.630  2.4   2
     4421  26.996326  102.974137     0.560    -2888.5     2399.6     -808.9   4347.7   5371.1  15412.1 2023  2 26  3 34 36.930  3.1   2
