      516  26.936204  103.021021     1.329     1765.8    -4262.1      -40.2   9431.0   5874.4  13011.2 2022  9 29  7 48 11.140  3.2   2
      832  26.945441  103.046086     1.294     4254.4    -3238.4      -74.7   8359.0   5791.2  12722.9 2022 10 20 13 55 59.600  3.3   2
      963  26.992421  102.990104     1.888    -1304.1     1967.1      518.4  14989.9   5413.3  12604.5 2022 11  1  8 33 14.600  2.2   2
     2025  26.989571  103.009749     1.533      646.6     1651.2      163.6   6735.5   6595.0  11727.1 2023  1 14 13  2  8.100  3.0   2
     2338  27.002411  102.998983     1.326     -422.4     3073.9      -43.1   5568.4   5759.7   9745.0 2023  1 18  5 19 25.630  2.9   2
     2624  27.016795  102.965080     1.403    -3787.7     4667.8       33.9   3615.3   6339.4  11014.5 2023  1 23  9 43 59.910  2.4   2
     2676  26.999396  102.993953     1.569     -921.8     2739.9      200.1   5818.0   5234.3   8944.4 2023  1 24  6  5  2.570  2.6   2
     3349  26.940145  103.054997     1.534     5139.1    -3825.4      165.0  12685.7   5401.7  14640.4 2023  2  4 14 38  6.790  2.5   2
     4000  26.959047  102.970557     1.538    -3244.6    -1730.7      168.9  19897.1   5716.8  12140.0 2023  2 16 12 50 49.270  2.5   2
     4111  26.950865  102.999666     1.772     -355.0    -2637.6      402.5  10973.0   6178.4  13276.5 2023  2 19  3  9 54.340  1.7   2
     4280  26.967330  103.015161     0.906     1183.2     -813.1     -463.4  14748.6   5391.2   9894.1 2023  2 23  6 21 21.630  2.4   2
     4421  26.996653  102.974536     0.782    -2849.0     2435.9     -587.2   4933.7   4555.2  17184.9 2023  2 26  3 34 36.930  3.1   2
