      516  26.936316  103.021061     1.379     1769.6    -4249.6        9.4   9408.6   5820.3  13328.4 2022  9 29  7 48 11.140  3.2   2
      832  26.945192  103.046118     1.228     4257.3    -3266.1     -141.3   8060.2   5845.4  12337.9 2022 10 20 13 55 59.600  3.3   2
      963  26.992157  102.991366     2.054    -1178.6     1937.7      684.6  12629.9   5379.2  12030.3 2022 11  1  8 33 14.600  2.2   2
     2025  26.989856  103.010091     1.487      680.4     1682.8      117.5   5726.2   7686.1   8153.2 2023  1 14 13  2  8.100  3.0   2
     2338  27.002134  102.998983     1.318     -422.1     3043.2      -50.7   4699.3   5697.0  10217.0 2023  1 18  5 19 25.630  2.9   2
     2624  27.016679  102.965120     1.377    -3783.6     4654.8        7.7   3296.2   6528.3  10712.1 2023  1 23  9 43 59.910  2.4   2
     2676  26.999569  102.993913     1.624     -925.9     2759.0      254.5   5583.1   4936.5   8556.1 2023  1 24  6  5  2.570  2.6   2
     3349  26.940196  103.056315     1.420     5269.7    -3819.6       51.2  12374.9   5291.2  14987.2 2023  2  4 14 38  6.790  2.5   2
     4000  26.959080  102.966960     1.531    -3601.9    -1727.3      162.2  18351.2   5717.0  12092.1 2023  2 16 12 50 49.270  2.5   2
     4111  26.951257  102.998608     1.971     -459.8    -2593.9      602.0  10763.6   5979.7  12820.0 2023  2 19  3  9 54.340  1.7   2
     4280  26.967474  103.016992     0.840     1365.7     -797.2     -529.1  14294.1   5209.1   9603.3 2023  2 23  6 21 21.630  2.4   2
     4421  26.996486  102.974333     0.674    -2869.4     2417.5     -695.6   4277.1   5009.3  16724.8 2023  2 26  3 34 36.930  3.1   2
