        3  26.913735  102.834953    12.037   -10261.1    -4016.6     5901.0    787.9    976.4    705.8 2022  8 23 16 29 48.550  1.9   1
      444  27.025075  102.791121     8.814   -14607.2     8320.2     2677.9     13.5     17.1      8.5 2022  9 24  7 41 55.320  2.6   1
      672  26.822906  102.895190    10.756    -4280.4   -14080.7     4619.3     83.0     52.4     69.8 2022 10 10  3 35  1.940  3.7   1
      779  27.067780  102.753939     4.546   -18294.9    13051.8    -1590.5     37.5     53.3     48.1 2022 10 17 22 37 48.240  2.6   1
     1068  26.731748  103.090942     9.672    15174.6   -24181.2     3535.9    104.2     85.9    180.0 2022 12  4 21  3 17.040  1.6   1
     1104  26.871035  102.904500     9.880    -3354.7    -8747.9     3743.8    270.9    197.9    251.4 2023  1  1  1  2 48.170  2.7   1
     1113  26.615424  102.993660    12.185     5508.0   -37070.4     6048.8    332.0    362.5    312.5 2023  1  1  5 59 15.820  2.3   1
     1148  26.918390  102.901432     8.494    -3658.8    -3500.8     2357.9    371.4    259.9    339.6 2023  1  1 17  9 12.760  2.5   1
     1150  26.928302  102.919800     7.530    -1834.5    -2402.6     1393.7    307.3    256.2    239.0 2023  1  1 17 54 31.060  2.5   1
     1194  26.822563  102.942863    13.071      455.9   -14118.8     6934.8    365.1    387.4    272.3 2023  1  2 13 15 59.500  3.7   1
     1213  26.981787  102.896997     8.513    -4097.9     3523.7     2376.4    703.4   1815.7    431.6 2023  1  2 20 38 12.040  2.4   1
     1214  26.981270  102.906722    20.287    -3132.5     3466.5    14150.8     77.7    111.7    132.4 2023  1  2 20 43 14.180  0.7   1
     1233  27.102020  102.981217     8.010     4261.7    16845.9     1874.1     22.8     11.9     28.9 2023  1  3  3 48 43.310  3.1   1
     1248  27.127903  102.827401    12.702   -11001.0    19713.8     6566.1    323.2    419.5    277.8 2023  1  3 10 35 16.200  2.6   1
     1252  27.093601  102.904085    14.119    -3393.1    15912.9     7982.8    485.3    355.2    350.0 2023  1  3 12 47  7.960  3.2   1
     1283  26.569403  103.022184    13.275     8346.0   -42169.6     7138.3    702.0    311.4    333.2 2023  1  3 19  7 30.080  3.1   1
     1304  27.116530  102.828548    12.309   -10887.9    18453.6     6172.4    565.3    377.1    416.8 2023  1  4  2 22 33.690  2.9   1
     1350  26.851164  102.956779    14.150     1838.4   -10949.8     8013.5    309.1    316.5    209.3 2023  1  4 19 27 11.020  3.5   1
     1360  26.965839  102.928011     5.875    -1018.7     1756.5     -261.1    299.4    282.0    331.2 2023  1  4 22 34  8.940  2.1   1
     1387  26.850045  102.955990     8.250     1760.2   -11073.6     2113.3    482.6    503.0    608.3 2023  1  5 13 36 43.040  3.8   1
     1395  26.923250  102.911629     6.997    -2645.8    -2962.4      860.3    308.9    208.5    196.7 2023  1  5 16 58 37.710  3.2   1
     1405  26.800140  102.972225    14.642     3373.2   -16603.2     8506.0    346.4    546.9    470.9 2023  1  5 18 48 23.160  3.0   1
     1406  26.975177  102.908879    19.714    -2918.5     2791.3    13577.8     48.6     75.4    151.5 2023  1  5 18 53 13.880  1.2   1
     1410  26.847738  102.947656     4.837      932.4   -11329.3    -1299.3    201.6    232.5    360.0 2023  1  5 19 19 20.860  2.6   1
     1411  26.922083  102.838127    10.791    -9945.7    -3091.7     4654.6    764.9   1012.5    713.8 2023  1  5 19 20 31.660  2.4   1
     1412  26.851457  102.943905     4.671      559.3   -10917.2    -1465.2    196.1    213.6    371.8 2023  1  5 19 34 36.200  2.3   1
     1413  26.852443  102.919792    12.555    -1836.2   -10808.1     6418.3    713.5    483.3    316.2 2023  1  5 19 38 54.920  3.3   1
     1417  26.853979  102.907007    14.243    -3106.1   -10637.8     8106.4    531.4    382.0    281.4 2023  1  5 19 57 22.800  2.6   1
     1425  26.827047  102.960628    14.345     2221.3   -13622.1     8209.0    378.5    310.4    193.6 2023  1  5 21  4 48.560  3.5   1
     1428  26.830452  102.972469    16.873     3397.1   -13244.6    10736.2    379.4    328.3    217.9 2023  1  5 21 57 36.580  5.6   1
     1431  26.833175  102.952612    10.917     1424.6   -12943.1     4780.4    416.3    263.9    298.4 2023  1  5 22  4  9.800  4.9   1
     1432  26.874880  102.857992    11.193    -7974.6    -8321.8     5056.8    862.4   1006.9    678.6 2023  1  5 22  8 18.040  2.8   1
     1433  26.836800  102.943970    11.152      565.8   -12541.3     5015.7    303.9    268.8    276.1 2023  1  5 22 15 54.360  2.9   1
     1436  26.824917  102.954671    14.296     1628.8   -13858.0     8159.3    228.2    197.4    299.2 2023  1  5 22 21  5.480  5.6   1
     1439  26.853522  103.002018    14.938     6332.8   -10688.6     8801.9    463.9    319.3    450.6 2023  1  5 22 43 29.800  5.2   1
     1440  26.829586  102.961271    13.589     2284.8   -13340.6     7452.7    182.0    191.7    171.2 2023  1  5 22 45 17.520  4.8   1
     1441  26.837594  102.959831    12.356     2141.9   -12453.4     6220.0    266.8    249.0    227.7 2023  1  5 22 47 20.320  3.1   1
     1444  26.829482  102.969645    16.133     3116.6   -13352.1     9996.8    408.5    356.2    311.2 2023  1  5 23  2 29.760  3.2   1
     1445  26.834363  102.965763    12.114     2731.1   -12811.4     5977.9    381.6    302.2    281.8 2023  1  5 23  5 44.480  4.0   1
     1446  26.840424  102.952816    16.455     1444.4   -12139.9    10319.1    396.9    465.9    242.1 2023  1  5 23 11 18.480  3.4   1
     1448  26.820042  102.961344    14.745     2292.5   -14398.1     8608.2    260.0    274.7    179.0 2023  1  5 23 27 57.080  5.4   1
     1449  26.829079  102.929451     8.702     -876.4   -13396.7     2565.3    211.6    254.6    139.8 2023  1  5 23 33 36.320  3.2   1
     1450  26.815399  102.933765    15.566     -447.9   -14912.6     9429.6    524.7    274.7    350.3 2023  1  5 23 38 26.920  3.7   1
     1461  26.842997  102.922005    11.785    -1616.3   -11854.6     5648.3    845.0    529.1    502.7 2023  1  6  2  9 13.140  3.6   1
     1465  26.832808  102.963184    16.953     2474.7   -12983.6    10816.9    335.5    234.8    245.9 2023  1  6  2 50 22.410  5.9   1
     1467  26.834696  102.959587    12.080     2117.9   -12774.3     5943.5    261.7    270.7    241.9 2023  1  6  2 57  1.020  3.8   1
     1469  26.837854  102.950977    12.654     1261.9   -12424.4     6518.1    238.9    211.3    197.4 2023  1  6  3  0 59.270  3.6   1
     1470  26.828735  102.950757    13.151     1240.6   -13434.8     7014.3    301.9    251.3    191.5 2023  1  6  3 25  4.030  3.7   1
     1474  26.824978  102.952124    15.828     1376.5   -13851.3     9691.7    344.3    465.2    304.8 2023  1  6  3 41 32.280  3.4   1
     1478  26.815289  102.954500    16.245     1612.6   -14924.6    10108.7    514.6    274.6    336.5 2023  1  6  4 27  4.690  3.8   1
     1479  26.835447  102.960116    14.257     2169.8   -12691.3     8120.5    186.1    276.8    255.0 2023  1  6  4 27 46.330  3.9   1
     1480  26.828247  102.972990    13.497     3449.5   -13489.0     7360.4    318.3    211.9    293.8 2023  1  6  4 51 23.310  3.7   1
     1489  26.809794  102.968953    11.959     3048.0   -15533.7     5822.3    230.9    306.0    280.8 2023  1  6  6  5 52.330  3.0   1
     1490  26.836617  102.961304    13.523     2288.2   -12561.6     7386.6    556.1    522.3    401.4 2023  1  6  6  8 33.500  3.0   1
     1491  26.844810  102.933285     8.073     -495.7   -11653.8     1936.8    216.8    254.6    165.5 2023  1  6  6 12 13.430  3.1   1
     1494  26.941787  102.848869    14.941    -8878.4     -908.4     8805.1    387.8    269.4    170.1 2023  1  6  7  0 26.850  3.4   1
     1496  26.834460  102.959424    13.873     2101.7   -12800.5     7736.7    288.2    202.0    175.6 2023  1  6  7 51  6.930  4.0   1
     1509  26.834052  102.981763    17.171     4320.8   -12845.9    11034.3    445.5    537.6    382.0 2023  1  6 11  5  1.410  3.2   1
     1510  26.969816  102.916781     8.270    -2134.2     2197.3     2134.0    326.0    340.5    214.5 2023  1  6 11 15 40.300  5.4   1
     1511  26.834605  102.960588    14.338     2216.6   -12784.5     8201.6    209.6    231.4    172.6 2023  1  6 11 24 59.760  3.7   1
     1520  26.834462  102.954590    14.201     1621.2   -12800.2     8064.7    243.4    235.9    180.4 2023  1  6 14 37 17.560  3.7   1
     1530  26.837960  102.940047    10.278      176.1   -12412.7     4141.9    302.3    290.6    295.4 2023  1  6 16 14 42.600  2.7   1
     1538  26.784540  102.972746     7.936     3425.9   -18331.8     1799.4    445.6    717.9   1267.1 2023  1  6 17  7 21.200  2.2   1
     1551  26.826823  102.951139    13.288     1278.6   -13646.8     7151.2    326.7    334.6    231.6 2023  1  6 20 36  5.420  3.7   1
     1558  26.829966  102.962492    13.320     2406.5   -13298.5     7184.0    190.0    193.2    157.6 2023  1  6 21 38 29.200  4.3   1
     1561  26.818140  102.972233    17.489     3373.9   -14609.0    11352.4    370.2    479.0    310.5 2023  1  6 22 13 55.780  4.5   1
     1573  27.093427  102.979997     8.047     4140.3    15893.6     1910.7     22.8     11.9     31.7 2023  1  7  0 47 17.390  3.2   1
     1584  26.939162  102.671346    12.433   -26507.2    -1199.3     6296.6     28.4     35.4     33.8 2023  1  7  5 10 35.680  2.9   1
     1598  26.840420  102.946802    15.333      847.2   -12140.1     9196.4    372.2    339.6    361.5 2023  1  7 11 38 45.550  3.3   1
     1607  26.960860  102.886100     8.069    -5180.3     1204.9     1933.1    343.2    177.7    369.6 2023  1  7 15 39 14.060  2.9   1
     1608  27.103322  102.868587    13.814    -6915.1    16990.1     7677.2    299.0    160.3    162.6 2023  1  7 15 40  8.830  4.2   1
     1611  26.838295  102.947917    14.372      958.1   -12375.5     8235.8    267.8    311.4    229.2 2023  1  7 16 37 55.380  2.6   1
     1620  26.813656  102.957389    12.662     1899.3   -15105.7     6525.5    164.8    244.9    223.3 2023  1  7 20 13  6.540  3.4   1
     1635  26.989048  102.908781    10.450    -2928.2     4328.2     4313.9    509.3    553.7    219.7 2023  1  8  2 20 23.170  3.0   1
     1643  26.789132  102.966634    10.516     2817.8   -17823.0     4379.8    297.1    394.7    612.3 2023  1  8  4 44 11.920  2.7   1
     1644  26.840186  102.944157    13.308      584.8   -12166.2     7171.8    425.5    366.0    247.6 2023  1  8  5 28 16.570  3.7   1
     1652  26.826078  102.969702    12.506     3122.4   -13729.2     6369.9    613.7    489.1    402.7 2023  1  8  7 43 55.900  3.2   1
     1653  26.835394  102.951400    14.234     1304.0   -12697.0     8097.7    225.8    236.5    203.0 2023  1  8  9 21  3.240  3.7   1
     1662  26.830959  102.943245    12.717      493.7   -13188.4     6580.6    362.8    267.1    241.2 2023  1  8 12 18 53.450  3.6   1
     1675  26.830845  102.955290    11.231     1690.4   -13201.0     5094.1    420.6    241.3    278.2 2023  1  8 17  5 43.960  3.1   1
     1678  26.682369  102.996427    13.878     5781.3   -29652.7     7742.0    286.5    104.8    187.0 2023  1  8 18  3 48.840  3.2   1
     1688  26.827738  102.960091    14.288     2167.5   -13545.4     8151.4    236.3    237.6    180.4 2023  1  8 20 59 20.120  3.0   1
     1691  26.934816  102.857251    12.086    -8045.6    -1680.9     5950.1    148.8    117.9    115.7 2023  1  8 21 39 13.640  3.3   1
     1692  26.935905  102.868807    12.560    -6898.0    -1560.3     6424.0    149.7    122.0    119.8 2023  1  8 21 47 29.700  3.2   1
     1696  26.894942  102.926294    10.970    -1190.0    -6099.0     4833.5    438.2    425.0    465.6 2023  1  9  1  2 25.250  3.1   1
     1719  26.884041  102.941968     9.564      367.0    -7306.9     3428.1    241.6    165.8    165.3 2023  1  9 16  6 17.470  3.2   1
     1720  26.876805  102.940259    10.541      197.6    -8108.8     4404.4    433.5    378.0    286.9 2023  1  9 16 14 24.770  3.0   1
     1721  26.872992  102.938428     9.452       15.2    -8531.1     3315.4    414.1    394.3    326.0 2023  1  9 16 39 28.720  3.0   1
     1722  26.873305  102.960164    14.770     2174.7    -8496.5     8633.2    691.0    396.0    498.8 2023  1  9 16 57 16.400  4.2   1
     1727  26.883555  102.958569    10.521     2015.7    -7360.6     4384.9    356.7    298.2    329.5 2023  1  9 19  8 37.980  2.9   1
     1729  26.967902  102.919312     4.417    -1882.8     1985.1    -1719.7    557.2    504.8    546.7 2023  1  9 19 18 43.680  2.5   1
     1730  26.867181  102.944173     8.123      586.2    -9174.9     1986.5    517.0    383.5    475.6 2023  1  9 19 27 32.440  2.9   1
     1731  26.938538  102.875806    11.210    -6203.6    -1268.5     5073.4    675.2    461.6    481.5 2023  1  9 19 36  8.060  2.9   1
     1732  26.879537  102.949544    10.302     1119.2    -7805.9     4165.4    354.7    269.5    257.8 2023  1  9 20 35 17.380  4.9   1
     1733  26.883156  102.945508    10.809      718.6    -7404.9     4672.8    272.0    315.8    263.8 2023  1  9 20 39 20.860  3.4   1
     1734  26.876658  102.943823     8.688      551.6    -8124.9     2551.6    265.2    194.7    197.1 2023  1  9 21 45  5.440  3.0   1
     1737  26.884804  102.943319    10.685      501.4    -7222.4     4548.1    277.6    236.5    171.5 2023  1  9 22  7  4.500  3.6   1
     1738  26.887933  102.947095    11.789      876.2    -6875.5     5652.4    508.9    526.3    311.9 2023  1  9 22 12 25.440  3.7   1
     1748  26.884172  102.942977    10.481      467.5    -7292.3     4344.7    240.7    173.4    211.8 2023  1 10  1 44 54.780  2.7   1
     1770  26.875677  102.922087     7.837    -1607.5    -8233.6     1700.8    750.7    599.6    641.1 2023  1 10  9 51  7.700  3.4   1
     1778  26.871252  102.959082    19.250     2066.9    -8723.8    13113.2    307.1    373.6    222.7 2023  1 10 13 34 23.820  3.4   1
     1779  26.850275  102.923462    11.208    -1471.1   -11048.3     5071.4    352.4    324.3    215.6 2023  1 10 13 36 48.280  3.4   1
     1781  26.827073  102.949292    11.419     1094.6   -13619.0     5282.2    345.7    379.6    392.7 2023  1 10 15  7 20.700  2.9   1
     1783  26.858976  102.916227    15.760    -2189.9   -10084.1     9624.1    552.7    446.6    482.4 2023  1 10 15 13 25.930  3.7   1
     1785  26.850875  102.933659    11.902     -458.1   -10981.7     5765.8    446.4    492.3    427.3 2023  1 10 16 19 19.210  2.9   1
     1790  26.970319  102.920589     6.029    -1755.9     2252.9     -107.4    351.0    283.1    269.2 2023  1 10 18 32 50.840  2.7   1
     1805  27.120839  102.811898     7.808   -12539.7    18931.1     1671.3    285.3    158.0    496.5 2023  1 10 22 46 21.860  3.2   1
     1810  26.843300  102.934570    15.735     -367.7   -11821.0     9598.8    472.9    479.0    363.1 2023  1 11  0  7 17.780  3.6   1
     1812  26.952136  102.907194     8.851    -3086.0      238.2     2714.3    485.4    397.4    294.7 2023  1 11  0 36  5.800  2.7   1
     1823  27.110773  102.834391    14.419   -10308.1    17815.7     8282.7    239.3    165.2    189.6 2023  1 11  4 48 26.140  4.3   1
     1846  26.878127  102.934668    11.575     -358.2    -7962.1     5438.6    411.7    359.7    332.8 2023  1 11 12 40 18.140  3.3   1
     1847  27.101707  102.858496    13.197    -7916.2    16811.2     7060.7    237.8    166.1    259.2 2023  1 11 12 47 56.460  2.5   1
     1855  26.882788  102.942570    10.381      426.9    -7445.6     4244.8    268.0    215.6    171.4 2023  1 11 15 39  2.760  3.5   1
     1862  26.890253  102.947607     9.750      926.8    -6618.5     3613.8    363.4    298.5    286.4 2023  1 11 18 31 49.400  3.0   1
     1868  26.881358  102.960994    20.037     2256.7    -7604.2    13901.0    321.5    398.1    214.7 2023  1 11 20 35 25.940  2.9   1
     1878  27.028835  102.795736    17.831   -14148.9     8736.6    11694.2    321.7    330.8    273.4 2023  1 12  1 42  2.140  3.9   1
     1885  27.115127  102.800374    14.883   -13683.6    18298.1     8746.7    381.3    288.7    314.0 2023  1 12  6 36 45.960  5.0   1
     1898  27.116412  102.813737    13.464   -12357.6    18440.6     7328.1    289.3    200.9    230.0 2023  1 12 11  0 25.500  4.2   1
     1923  27.114897  102.816577    13.555   -12075.6    18272.5     7418.8    218.6    190.2    221.3 2023  1 12 21 27 16.860  4.8   1
     1924  27.121047  102.811768    11.322   -12552.4    18954.0     5185.7    465.1    400.3    515.4 2023  1 12 22 30 23.240  3.9   1
     1926  27.104777  102.826416    14.727   -11100.0    17151.2     8590.7    313.6    191.3    215.4 2023  1 12 22 45 29.160  3.7   1
     1928  27.094999  102.870223    13.616    -6753.1    16067.8     7479.5    482.2    300.8    282.0 2023  1 13  0  2  4.850  3.5   1
     1934  27.106909  102.861271    12.224    -7641.2    17387.6     6087.9    392.5    242.0    292.9 2023  1 13  1 42 41.480  3.2   1
     1941  26.827795  102.977311    10.900     3878.6   -13539.1     4763.5    288.2    205.9    261.4 2023  1 13  5 13  5.790  3.6   1
     1947  27.113011  102.821859    14.018   -11551.2    18063.6     7882.0    178.9    120.4    232.3 2023  1 13  9 37 46.380  2.8   1
     1948  27.112166  102.853377    14.329    -8424.4    17970.1     8192.7    278.9    189.2    201.2 2023  1 13  9 48 48.310  3.4   1
     1957  27.114579  102.826375    10.359   -11103.6    18237.3     4222.2    332.4    231.9    237.7 2023  1 13 11 23 47.790  3.1   1
     1961  27.096336  102.891040    14.934    -4687.2    16216.1     8798.0    470.3    361.7    344.4 2023  1 13 12  4 18.040  2.8   1
     1965  27.104541  102.812142    12.702   -12516.1    17125.2     6565.2    197.5    307.0    222.9 2023  1 13 13 55 47.290  3.4   1
     1968  27.093195  102.915251    16.922    -2284.3    15867.9    10785.9    466.6    291.6    235.8 2023  1 13 14 55 59.380  2.5   1
     1981  27.160520  103.128369     7.892    18858.8    23327.7     1755.6    328.8    251.0    824.8 2023  1 13 18 35 34.340  3.6   1
     1983  27.101506  102.866366    13.185    -7135.7    16788.7     7048.6    482.1    303.3    246.0 2023  1 13 18 44 10.720  3.2   1
     1986  27.094802  102.954248     6.679     1585.1    16045.9      542.3    256.9    177.7    317.0 2023  1 13 20 24 47.360  2.4   1
     1987  27.121692  102.805819     9.144   -13142.7    19025.5     3008.0    276.5    160.9    423.9 2023  1 13 20 28 56.680  3.1   1
     1999  26.784149  102.976042    13.645     3752.9   -18375.0     7508.4    160.1    199.3    229.5 2023  1 14  2  9 10.410  3.6   1
     2002  26.786011  102.979411    14.968     4088.2   -18168.9     8831.7    171.1    248.6    228.0 2023  1 14  2 13 49.160  3.6   1
     2014  26.882080  102.923714     9.009    -1446.3    -7524.1     2872.8    421.5    376.7    273.6 2023  1 14  8 57 20.990  2.8   1
     2031  26.862189  102.899227    12.134    -3878.5    -9728.1     5997.9    455.1    347.2    327.3 2023  1 14 14 35  3.700  3.0   1
     2044  26.938812  102.903044     6.316    -3498.3    -1238.1      179.6    587.9    595.3    457.8 2023  1 14 16 43 43.950  2.8   1
     2057  26.954224  102.917749     7.688    -2037.8      469.7     1551.5    438.9    298.7    327.3 2023  1 14 21 31 33.240  2.7   1
     2063  27.105056  102.824300    10.868   -11309.4    17182.2     4731.8    176.9    166.1    170.8 2023  1 14 23 36 57.880  3.7   1
     2077  27.067851  103.140552    11.341    20075.6    13059.8     5204.8     52.0     58.4     86.0 2023  1 15  3  5 26.790  3.6   1
     2084  27.056561  102.990633     5.899     5196.8    11808.8     -237.9   1225.2   1287.3   1661.1 2023  1 15  5 40 13.010  2.7   1
     2105  26.747906  102.752897     1.979   -18424.2   -22390.9    -4157.0    213.7    306.7    399.2 2023  1 15 13 25 48.110  1.9   1
     2119  27.109176  102.832495    13.681   -10496.7    17638.7     7544.8    211.0    158.6    175.0 2023  1 15 17 11  5.080  3.8   1
     2120  26.864771  102.959432     9.525     2102.1    -9442.1     3388.7   1092.5    476.0    836.4 2023  1 15 17 24 37.540  2.8   1
     2149  26.895034  103.122144     7.427    18262.5    -6088.9     1290.6    256.1    284.6    246.2 2023  1 15 23 45 28.480  3.5   1
     2153  26.840556  102.952881    13.126     1451.2   -12125.2     6989.7    210.0    263.8    183.7 2023  1 16  2 13 26.450  3.6   1
     2173  26.856820  102.950000    11.216     1165.0   -10323.0     5079.2    308.9    240.8    332.9 2023  1 16  8 53 26.520  3.6   1
     2175  26.848161  102.972241    14.507     3374.2   -11282.5     8370.9    290.4    278.3    290.4 2023  1 16  8 58 50.730  3.3   1
     2180  26.843105  102.938371     4.534        9.5   -11842.8    -1602.4    293.9    293.5    545.4 2023  1 16 10 14 47.540  2.7   1
     2195  26.840273  102.979517    12.896     4097.8   -12156.5     6759.1    517.5    527.1    357.8 2023  1 16 16  3 18.920  3.4   1
     2198  26.973582  102.921737     7.997    -1641.6     2614.5     1860.4    305.3    220.6    224.4 2023  1 16 16 16 44.450  3.2   1
     2199  26.969344  102.940430     8.612      213.8     2144.9     2475.2    338.5    383.0    318.7 2023  1 16 16 20  5.830  3.0   1
     2219  26.978625  102.816154     6.570   -12124.5     3173.3      434.1    432.5    625.3    488.3 2023  1 16 21  1 28.460  2.8   1
     2269  27.118579  102.867008     3.804    -7070.9    18680.5    -2332.1    598.3    343.0   1260.8 2023  1 17 12 55 13.130  3.6   1
     2281  27.065592  103.043579    11.269    10451.1    12809.5     5132.5    196.3    207.8    255.5 2023  1 17 15 29  9.270  3.3   1
     2293  26.826080  102.969442     8.267     3096.7   -13729.1     2130.9     64.2     35.6     57.9 2023  1 17 18 26 33.720  2.6   1
     2348  26.998745  102.876221     6.136    -6160.7     5402.7       -0.2     36.7     21.3     20.0 2023  1 18  7 22 51.730  3.2   1
     2402  26.881376  103.127653     7.098    18811.0    -7602.2      961.1    256.3    308.8    239.3 2023  1 19  3 45  0.380  2.3   1
     2409  26.952348  102.990568     6.652     5193.1      261.7      515.9    169.3    181.7    164.9 2023  1 19  5 13 45.370  2.7   1
     2443  26.573608  103.042464    13.147    10363.4   -41703.6     7011.2    357.1    173.2    173.2 2023  1 19 18 37 36.240  3.7   1
     2447  26.859436  102.945768    11.795      744.5   -10033.1     5659.1    268.3    227.3    245.2 2023  1 19 22  6 22.960  3.6   1
     2453  26.932068  102.678019    12.216   -25845.1    -1985.4     6079.9     28.4     34.6     34.1 2023  1 19 23 53 15.560  1.7   1
     2463  26.987107  102.812834    13.799   -12454.0     4113.1     7662.8    383.2    361.9    378.1 2023  1 20  8 24  0.370  3.4   1
     2473  26.994997  102.812638     6.762   -12472.9     4987.4      625.2    434.7    622.7    491.7 2023  1 20 16 10 14.250  2.5   1
     2480  26.914164  102.922738    12.508    -1543.1    -3969.0     6371.5    328.6    278.0    278.5 2023  1 20 16 55 36.370  2.9   1
     2487  26.978455  102.899805    20.771    -3819.5     3154.4    14634.9    128.3     78.3     74.0 2023  1 20 18 16 42.820  3.0   1
     2490  27.114671  102.816056    14.401   -12126.9    18247.5     8264.3    275.4    222.4    245.8 2023  1 20 19  7 17.640  3.4   1
     2497  26.941996  102.880184     8.641    -5768.2     -885.3     2504.5    626.7    338.9    550.6 2023  1 20 20 25  2.480  2.8   1
     2499  26.733787  102.897925    13.807    -4010.2   -23955.5     7670.2     51.8     69.7     69.1 2023  1 20 20 43 15.000  1.3   1
     2537  26.978113  102.800008    14.980   -13727.9     3116.6     8843.6    315.4    152.9    502.8 2023  1 21 19 43 34.100  3.3   1
     2543  26.983683  102.842977    14.879    -9461.5     3733.7     8742.7    534.3    492.4    353.5 2023  1 21 23 20 39.120  2.4   1
     2576  26.841903  102.916781    13.084    -2135.0   -11975.9     6947.3    789.8    261.3    227.6 2023  1 22 14 38 34.180  3.1   1
     2595  26.923193  102.924463    11.301    -1371.8    -2968.7     5164.5    322.7    274.7    285.9 2023  1 22 20 25 59.880  2.7   1
     2608  27.124312  102.788298    10.349   -14881.0    19315.9     4213.1    226.8     79.6    212.1 2023  1 22 23 57 49.340  3.1   1
     2630  27.060889  103.130656     9.997    19094.5    12288.3     3860.5     53.6     58.0     86.2 2023  1 23 13 50 46.020  3.2   1
     2654  27.103668  102.851318    15.061    -8628.9    17028.5     8924.3    410.5    237.9    302.3 2023  1 23 21 54 10.300  4.3   1
     2674  27.113538  102.810311    11.515   -12697.0    18122.1     5378.4    313.7    626.1    428.3 2023  1 24  5 27  3.620  3.5   1
     2682  26.882609  102.873779     3.276    -6406.1    -7465.4    -2860.0    367.0    276.0    717.8 2023  1 24 10  7 40.410  2.4   1
     2697  26.990420  102.879443     8.702    -5841.0     4480.1     2565.7    494.0    204.0    520.5 2023  1 24 16 18 14.540  3.7   1
     2700  26.975216  102.925179     8.919    -1300.3     2795.6     2782.3    271.9    249.2    225.2 2023  1 24 17  6 42.280  4.3   1
     2703  26.843496  102.930111    13.976     -811.0   -11799.5     7840.0    283.4    232.9    239.1 2023  1 24 18 28 40.720  5.3   1
     2705  26.844202  102.935514    10.072     -274.3   -11721.2     3935.4    159.7    187.9    314.7 2023  1 24 18 39  8.100  3.5   1
     2706  26.843197  102.939136    13.330       85.8   -11832.5     7193.6    196.5    158.8    206.7 2023  1 24 19  2 19.360  4.5   1
     2720  26.493744  102.979867    10.839     4138.1   -50552.8     4702.8    166.6    139.9    193.5 2023  1 24 23 44 49.420  3.2   1
     2729  26.865910  102.916056    14.552    -2206.7    -9315.9     8415.5    510.8    415.7    342.5 2023  1 25  2 54 46.450  3.1   1
     2748  26.968919  102.915592     8.467    -2251.7     2097.8     2330.7    259.5    197.0    167.4 2023  1 25 12 51 58.640  3.5   1
     2751  26.975486  102.921794     9.063    -1636.0     2825.5     2926.6    297.8    300.4    169.5 2023  1 25 14  8 38.810  3.4   1
     2754  26.502814  102.994580    11.141     5602.4   -49547.9     5004.3    174.7    147.3    190.3 2023  1 25 14 54 48.050  3.8   1
     2756  26.945546  102.921427     6.614    -1672.5     -491.8      477.7    615.4    384.8    420.4 2023  1 25 15 29  8.450  3.3   1
     2757  27.006287  102.927018    10.496    -1117.1     6238.3     4359.9    456.6    405.1    230.3 2023  1 25 15 48 38.800  3.1   1
     2790  26.722194  103.008439    11.572     6974.7   -25239.9     5435.4    199.2    209.4    172.7 2023  1 25 22 18 21.720  4.1   1
     2804  26.734601  102.898120    13.725    -3990.8   -23865.1     7588.2     51.9     69.9     69.7 2023  1 25 23 33 14.880  3.5   1
     2812  26.992802  102.864087     7.744    -7365.5     4744.3     1607.3    314.4    195.4    340.3 2023  1 26  1 32 51.440  2.8   1
     2823  26.979148  102.907397    19.760    -3065.8     3231.4    13623.8     60.2    110.0    142.5 2023  1 26  8 13 13.850  1.8   1
     2826  26.993365  102.821265    14.931   -11616.7     4806.5     8794.6    415.6    371.3    395.2 2023  1 26  8 57 51.390  3.5   1
     2851  26.950234  102.929818     9.704     -839.5       27.5     3567.3   1052.6   1122.8    707.5 2023  1 26 20 34 54.440  2.6   1
     2868  26.863332  102.934269    11.694     -397.4    -9601.4     5557.6    524.3    448.5    316.6 2023  1 27  3  4  5.290  3.2   1
     2876  26.863558  102.972298    13.248     3380.1    -9576.5     7111.6    444.3    285.3    302.2 2023  1 27  6 13 52.750  3.3   1
     2877  26.686613  103.000415    13.821     6177.9   -29182.5     7684.4    319.5    100.1    185.9 2023  1 27  6 25 49.430  3.5   1
     2889  26.988239  102.833439    13.353   -10408.1     4238.6     7216.5    347.3    167.7    152.0 2023  1 27 10 58 34.340  3.6   1
     2895  26.979517  102.902425     9.315    -3558.9     3272.0     3178.9    682.1   1448.0    434.0 2023  1 27 12  9 22.740  3.3   1
     2898  26.975332  102.929199     8.991     -901.0     2808.3     2854.3    292.2    259.9    199.1 2023  1 27 13 50 19.660  3.3   1
     2904  26.993040  102.831974    13.714   -10553.5     4770.6     7577.7    359.3    169.3    151.8 2023  1 27 15 33 31.920  3.2   1
     2917  27.052065  102.754085     4.394   -18281.9    11310.6    -1742.5     35.1     63.3     44.9 2023  1 27 18 35 17.800  1.3   1
     2922  27.112701  102.849634     8.509    -8795.5    18029.4     2373.0    335.9    162.5    240.9 2023  1 27 20 21  5.380  3.1   1
     2929  27.031409  102.764193    14.036   -17279.9     9021.9     7899.8    440.6    423.9    417.8 2023  1 27 23 50 57.520  3.2   1
     2936  26.825466  102.967643    14.567     2918.3   -13797.2     8430.2    258.0    250.5    177.9 2023  1 28  2  0 52.420  3.3   1
     2956  26.878499  102.869678    10.478    -6813.4    -7920.8     4342.1    903.7    999.3    669.0 2023  1 28 10 40 14.790  2.7   1
     2958  26.976298  102.793254    15.482   -14398.3     2915.6     9345.4    299.7    138.0    438.9 2023  1 28 11 46 10.310  3.4   1
     2964  26.923501  102.900578     6.427    -3743.4    -2934.6      290.5    329.9    244.3    196.7 2023  1 28 12 13 23.580  3.3   1
     2982  26.933118  102.894173    10.178    -4379.8    -1869.0     4041.3    323.8    302.1    109.1 2023  1 28 19 57 32.200  3.4   1
     2983  26.828125  102.975854     8.242     3734.2   -13502.6     2105.9     65.8     36.1     58.8 2023  1 28 20  3 15.040  1.2   1
     2995  26.937750  102.917301     8.446    -2083.0    -1355.8     2309.6   1180.5   1141.5    967.4 2023  1 29  1  1 38.610  3.2   1
     3022  26.717407  103.023527    11.347     8473.9   -25770.3     5210.5    185.8    208.3    176.4 2023  1 29 13 41  6.720  3.2   1
     3026  27.019285  102.793245    18.146   -14396.7     7678.5    12009.7    394.1    370.3    331.5 2023  1 29 16 21 19.480  3.0   1
     3042  27.115855  102.752531     7.387   -18430.4    18378.7     1250.7   1294.8    719.1    863.0 2023  1 29 20 41  5.560  1.4   1
     3047  26.861957  102.946867     8.590      853.4    -9753.8     2453.4    347.9    277.1    289.8 2023  1 29 22 51 44.600  3.2   1
     3060  26.890381  102.991862    10.722     5322.4    -6604.4     4585.7   5292.4    717.0   1405.5 2023  1 30  7 18 55.250  3.1   1
     3070  27.155157  103.130184     7.090    19039.6    22733.6      953.5    326.6    243.8    663.2 2023  1 30 11  6 47.380  3.9   1
     3073  26.837221  102.942041     9.943      374.1   -12494.5     3806.3    159.2    231.4    244.6 2023  1 30 12  1 48.770  3.0   1
     3077  26.857806  102.945264    14.873      694.3   -10213.6     8737.0    473.4    408.8    289.8 2023  1 30 12 26 51.580  3.5   1
     3095  26.950350  102.832943    14.655   -10459.0       40.3     8518.3    320.0    267.3    179.6 2023  1 30 21 27  4.160  3.8   1
     3101  26.867737  102.952897     8.322     1452.9    -9113.5     2186.1    125.9    188.5    157.0 2023  1 30 23 34 55.420  2.2   1
     3136  26.624626  103.008626    12.212     6996.0   -36050.8     6075.2    250.5    157.7    207.1 2023  1 31 16 27 59.290  3.8   1
     3140  26.883838  102.923608     8.445    -1456.4    -7329.4     2309.0    408.0    378.3    288.4 2023  1 31 17  3 23.640  3.8   1
     3153  26.929038  102.909806     8.496    -2826.6    -2320.9     2359.5    291.5    195.1    229.0 2023  1 31 20 31 50.780  2.5   1
     3156  26.960809  102.916390     9.892    -2172.9     1199.2     3755.4    367.5    432.8    250.3 2023  1 31 21 28 23.660  2.7   1
     3161  26.930021  102.913005     7.617    -2509.0    -2212.1     1481.1    272.7    210.7    281.5 2023  1 31 22 23 52.560  2.7   1
     3178  26.948299  102.894580     7.601    -4338.6     -187.0     1465.0    419.6    522.1    338.3 2023  2  1  8 53 40.230  3.3   1
     3205  26.995036  102.860409     5.929    -7730.5     4991.7     -207.0     29.3     22.0     20.1 2023  2  1 21 43 10.840  1.7   1
     3219  27.004936  102.949976     6.059     1161.8     6088.7      -77.1    361.4   1091.8    259.8 2023  2  2  4 41  3.020  2.7   1
     3256  27.105235  102.763208     6.749   -17371.9    17202.1      612.8   1050.4    738.6    837.6 2023  2  2 18 28 39.720  2.2   1
     3269  26.832107  102.947144     6.365      881.7   -13061.4      228.4    931.2    453.8    957.4 2023  2  2 21 52 48.160  2.3   1
     3291  27.106095  102.843132     8.736    -9441.3    17297.4     2600.0    175.9    151.9    211.1 2023  2  3  9 59 32.770  3.5   1
     3294  27.142403  102.850480     7.178    -8710.4    21320.3     1041.5    284.2    332.0    524.4 2023  2  3 12 41 11.350  3.3   1
     3336  27.163894  103.132235    11.602    19242.4    23701.6     5466.0    207.0    247.8    269.3 2023  2  4 10 29 17.550  4.6   1
     3365  26.952423  102.941813     8.805      351.5      270.1     2669.0    483.9    541.1    441.6 2023  2  4 19 34  7.760  2.5   1
     3366  26.984383  102.896525    20.015    -4144.7     3811.3    13878.9    184.6     55.3    109.7 2023  2  4 20  3 14.540  1.6   1
     3367  26.851056  102.945540    13.791      722.2   -10961.7     7654.5    202.0    206.7    201.7 2023  2  4 20  7 36.480  2.5   1
     3368  26.733911  103.088501    11.041    14931.5   -23941.7     4904.9    111.6     90.1    165.5 2023  2  4 20 33 16.400 -0.2   1
     3373  26.984157  102.916903     5.791    -2122.0     3786.3     -345.6    446.7    438.2    486.4 2023  2  4 21 12 48.680  2.8   1
     3392  26.493581  102.992749     9.468     5420.5   -50570.8     3331.7    118.9    155.5    147.5 2023  2  5 11 56 54.050  3.3   1
     3395  26.977486  102.759041    12.097   -17795.5     3047.1     5960.6    167.7    197.5    109.9 2023  2  5 12 41 57.150  3.3   1
     3419  26.968471  102.919906     9.524    -1824.0     2048.2     3388.0    299.1    347.5    182.5 2023  2  6  1 12 27.600  4.9   1
     3421  26.988053  102.942008     5.431      370.9     4217.9     -705.2    306.4    344.2    317.2 2023  2  6  1 43 57.790  3.2   1
     3434  26.969635  102.915641    10.199    -2247.2     2177.2     4063.0    378.6    379.8    259.1 2023  2  6  8 30 31.150  4.5   1
     3470  27.127427  102.879126     6.330    -5868.5    19661.0      193.3    174.3    134.9    238.0 2023  2  6 22 10  4.780  2.6   1
     3497  26.578174  103.057202    11.529    11829.1   -41197.7     5392.4    194.9    145.7    146.1 2023  2  7 12 22 33.570  3.9   1
     3498  26.581834  103.048682     9.919    10981.4   -40792.2     3782.8    342.0    230.0    308.1 2023  2  7 12 27 52.750  3.8   1
     3499  26.570506  103.056356    11.550    11744.7   -42047.5     5413.3    234.3    130.9    163.8 2023  2  7 12 51 49.860  3.6   1
     3505  27.023517  102.797119    17.041   -14012.0     8147.4    10904.5    339.7    274.8    295.9 2023  2  7 14  0  9.910  3.1   1
     3506  26.976919  102.935148     5.454     -310.4     2984.2     -682.6    305.6    340.3    301.5 2023  2  7 14 24 46.020  2.7   1
     3517  26.739488  102.744645     3.015   -19244.7   -23323.8    -3121.2    213.0    339.4    322.1 2023  2  7 18  6 57.520  1.4   1
     3521  26.573956  103.052905    12.043    11401.3   -41665.0     5906.2    247.1    130.1    137.9 2023  2  7 18 46 48.700  4.0   1
     3533  27.104122  102.852677    13.955    -8493.6    17078.6     7818.3    261.6    244.0    164.8 2023  2  7 22 51 25.800  4.0   1
     3584  26.834757  102.943986    17.143      567.3   -12767.7    11006.6    967.8    975.3    577.9 2023  2  9  5 18 18.600  3.7   1
     3597  26.945506  102.933114    10.649     -512.3     -496.4     4512.2   1038.7   1199.2    694.4 2023  2  9 13 58 42.220  2.9   1
     3603  26.927342  102.919621     8.813    -1852.3    -2509.1     2676.7    311.9    267.9    204.6 2023  2  9 17 12 51.860  1.9   1
     3641  26.820996  102.960620    13.568     2220.7   -14292.5     7432.1    226.1    453.6    363.2 2023  2 10  3 51 17.800  3.1   1
     3643  26.868831  102.939844     5.808      155.9    -8992.2     -328.7    280.9    239.5    603.0 2023  2 10  4 12 31.530  3.3   1
     3658  27.029277  102.764299    12.168   -17269.1     8785.7     6031.3    413.9    514.4    445.6 2023  2 10 11 42 25.830  3.6   1
     3661  26.962779  102.922241     7.497    -1591.6     1417.5     1361.0    288.3    276.2    268.9 2023  2 10 13 44 34.240  3.2   1
     3668  26.920730  102.859798     8.964    -7793.6    -3241.6     2827.6      3.7      4.0      3.1 2023  2 10 15 49  8.740  1.8   1
     3677  26.975966  102.759790    13.526   -17721.4     2878.8     7390.0    171.6    200.4    101.8 2023  2 10 18 13 48.420  2.2   1
     3679  26.819409  102.964388    11.703     2595.0   -14468.3     5566.3    214.7    248.8    347.0 2023  2 10 18 51 51.000  2.9   1
     3681  26.818296  102.962093    16.055     2366.5   -14591.6     9919.0    505.4    584.3    333.6 2023  2 10 18 59 17.160  3.7   1
     3682  26.852161  103.010441    14.926     7169.3   -10839.2     8789.6    309.8    339.5    390.3 2023  2 10 20  1 54.320  2.5   1
     3689  26.810278  102.979899    14.421     4136.3   -15480.0     8285.0    518.2    477.6    390.9 2023  2 10 21 25 36.460  3.2   1
     3694  26.841014  102.960840    16.237     2242.1   -12074.5    10100.7    703.4    590.4    488.6 2023  2 10 22 52 55.800  3.0   1
     3696  26.818457  102.955534    12.198     1715.2   -14573.7     6061.5    195.2    212.8    225.3 2023  2 10 23 21 27.120  3.0   1
     3697  27.000342  102.805526     5.143   -13179.1     5579.6     -993.3    246.7    391.2    299.3 2023  2 10 23 27 25.760  2.8   1
     3703  26.924414  102.892228     9.265    -4572.6    -2833.4     3128.3    317.5    260.4    127.7 2023  2 11  0 34 33.290  3.9   1
     3721  27.126872  102.854338    11.355    -8328.5    19599.3     5218.8    255.5    187.1    228.7 2023  2 11  8 41  3.690  2.8   1
     3744  26.869920  102.939290     6.192      101.0    -8871.5       55.3    281.1    251.5    346.4 2023  2 11 15  5 42.430  2.9   1
     3748  26.795441  102.963810     8.593     2537.8   -17124.1     2456.9    294.5    397.3    689.1 2023  2 11 16 32 54.340  2.5   1
     3784  27.002183  102.931836     4.112     -639.0     5783.6    -2023.9    345.9    253.5    333.8 2023  2 12  3  7  9.350  3.9   1
     3786  27.172257  102.836247     6.540   -10121.6    24628.3      404.0    255.3    150.4    362.8 2023  2 12  3 32 54.620  4.6   1
     3787  27.003375  102.800521     4.383   -13675.6     5915.7    -1753.3    174.9    278.1    372.1 2023  2 12  3 34  5.200  4.2   1
     3788  26.847131  102.953874    13.029     1549.4   -11396.6     6892.5    326.9    334.5    320.4 2023  2 12  3 36 55.170  3.0   1
     3802  27.099314  102.832324    12.700   -10513.9    16546.0     6563.9    570.5    317.1    639.1 2023  2 12  7  2 15.470  3.4   1
     3830  26.874980  102.933024    15.540     -521.3    -8310.9     9403.4    467.0    250.2    250.0 2023  2 12 15 24 31.290  3.6   1
     3868  26.871136  102.927873    12.268    -1033.5    -8736.8     6132.1    323.9    306.4    252.0 2023  2 13  3 57 56.990  3.5   1
     3886  26.494387  102.979712     9.246     4123.4   -50481.5     3110.0    108.5    157.3    153.1 2023  2 13 11 20 53.140  3.7   1
     3936  27.089349  102.897518    17.716    -4044.8    15441.9    11579.5    468.5    296.7    231.6 2023  2 14 14 12 31.560  2.6   1
     3943  26.880821  102.968522    13.785     3004.6    -7663.7     7648.4    728.8    386.1    646.7 2023  2 14 21 11 56.760  3.0   1
     3948  27.111778  102.819295    13.964   -11806.0    17926.9     7828.1    338.9    215.3    255.0 2023  2 14 23  2 21.120  3.0   1
     3964  27.099561  102.839054    11.835    -9846.1    16573.4     5699.0    881.7    820.4    767.3 2023  2 15 10 22 17.840  3.4   1
     3970  27.113635  102.814299     9.487   -12301.4    18132.7     3350.8    472.4    501.4    559.6 2023  2 15 11 38  6.520  3.0   1
     3973  26.963291  102.906958     7.924    -3109.8     1474.3     1787.3    438.0    402.7    273.6 2023  2 15 14 54  0.720  2.3   1
     3976  27.107800  102.839315     8.077    -9819.8    17486.2     1941.0    204.5    171.8    275.4 2023  2 15 15 17 29.780  2.8   1
     3977  26.853691  102.964575    12.494     2612.9   -10669.7     6358.0    805.3   1175.5    783.9 2023  2 15 16  9 19.260  4.2   1
     3978  27.107961  102.845117     8.633    -9244.0    17504.1     2496.9    203.3    155.5    204.0 2023  2 15 16 28  5.090  2.4   1
     3983  26.838983  102.966943    16.410     2848.7   -12299.4    10273.7    395.2    290.0    269.4 2023  2 15 20 50 46.760  2.9   1
     4004  27.187600  102.831714    11.466   -10570.2    26328.2     5330.0    502.5    691.5    535.6 2023  2 16 15 18 47.110  2.6   1
     4005  27.137095  102.860742     6.608    -7692.5    20732.3      472.0    268.2    162.4    375.5 2023  2 16 15 51 51.340  2.9   1
     4041  26.950614  102.922314     7.282    -1584.5       69.6     1145.9    582.4    548.7    494.5 2023  2 17 13 22  2.790  2.8   1
     4058  26.828851  102.964811    13.533     2636.6   -13421.9     7396.2    277.1    199.2    231.5 2023  2 17 23  0 31.120  3.8   1
     4083  27.141846  102.864225    10.896    -7346.4    21258.5     4760.0    239.7    294.5    253.4 2023  2 18 11  9 37.300  4.4   1
     4084  26.851308  103.005314    12.748     6659.9   -10933.8     6612.1    405.0    390.6    530.5 2023  2 18 11 25  4.350  3.4   1
     4094  27.215786  102.782878     9.868   -15412.8    29451.3     3731.7    390.9    237.0    796.0 2023  2 18 17 38 21.640  3.3   1
     4131  27.065965  103.117952    13.335    17832.9    12850.9     7198.4    239.3    283.9    469.4 2023  2 19 20 12 42.980  3.6   1
     4144  27.063068  102.995939     7.816     5723.3    12529.7     1679.9   1260.7   1289.0   2030.1 2023  2 20  1 49 31.540  3.9   1
     4191  27.125134  102.833610    12.968   -10385.3    19406.9     6831.3    341.4    425.6    270.8 2023  2 21 10 20 53.620  4.4   1
     4208  27.103819  102.853768    14.628    -8385.3    17045.0     8492.1    313.3    186.4    196.2 2023  2 21 17 57 10.720  4.4   1
     4224  26.915190  102.907983     6.559    -3008.0    -3855.4      422.7    317.0    244.2    208.3 2023  2 21 23 18 40.080  4.2   1
     4226  27.120752  102.852498     6.896    -8510.6    18921.4      760.0    412.9    258.4    463.3 2023  2 21 23 53 52.720  4.6   1
     4230  26.919228  102.825578    10.464   -11192.0    -3408.0     4327.8    747.8    338.9    411.0 2023  2 22  4 37  4.290  3.5   1
     4237  26.662925  103.000936    13.645     6230.4   -31807.1     7508.6    396.9    409.3    143.9 2023  2 22  7 42  7.120  3.2   1
     4255  27.119781  102.871468    14.192    -6628.7    18813.7     8055.8    365.7    186.9    197.3 2023  2 22 15 42 47.490  5.8   1
     4257  27.117261  102.844816     8.308    -9273.2    18534.5     2171.4    234.6    134.2    282.5 2023  2 22 16 22 50.940  3.6   1
     4265  27.200484  102.817253    11.268   -12004.0    27755.8     5131.2    721.6    521.2    713.3 2023  2 22 19 25 30.120  3.7   1
     4268  26.883653  102.919906    12.450    -1824.0    -7349.8     6314.0    253.9    141.5    168.7 2023  2 22 19 47 48.020  2.6   1
     4273  27.209249  102.816105    11.293   -12117.2    28727.0     5156.6    428.2    289.6    394.6 2023  2 22 23 31 42.920  3.7   1
     4289  26.821344  102.889095    10.364    -4886.4   -14253.7     4227.6     80.8     52.3     71.4 2023  2 23 11 33 42.170  3.2   1
     4311  27.216374  102.770190     5.361   -16670.6    29516.6     -775.0    283.0    319.3    546.0 2023  2 24  1 42  1.350  3.7   1
     4315  26.963765  102.892212     7.891    -4573.4     1526.9     1754.9    294.6    179.1    376.0 2023  2 24  5 13 31.620  3.6   1
     4331  27.054696  103.107690    14.704    16815.6    11602.1     8568.0    246.6    292.0    484.6 2023  2 24 19 32 57.420  3.3   1
     4336  26.910384  102.961336     9.585     2290.5    -4387.9     3448.6    719.0    765.9    503.8 2023  2 24 22 37 37.160  2.0   1
     4349  27.205894  102.799341    10.163   -13780.5    28355.3     4026.5    206.0    175.8    258.5 2023  2 25  5 47 20.360  3.6   1
     4359  26.921021  102.921777     7.103    -1638.5    -3209.5      966.4    378.8    256.9    311.5 2023  2 25 10  3 21.110  2.7   1
     4374  27.219753  102.762533     2.956   -17430.0    29891.0    -3180.4    278.2    321.3    669.7 2023  2 25 13  4  1.670  3.5   1
     4383  27.127763  102.890592     7.389    -4730.5    19698.1     1253.0    183.1    135.7    223.7 2023  2 25 16 42 41.760  3.2   1
     4386  26.853377  102.954403     9.759     1602.1   -10704.5     3623.1    310.9    240.7    338.6 2023  2 25 17 28  3.480  3.4   1
     4401  27.214559  102.832186    12.141   -10522.2    29315.4     6004.6    499.4    694.7    534.1 2023  2 25 21 21 32.000  2.2   1
     4419  27.212901  102.790780    11.183   -14629.1    29131.7     5046.7    205.8    183.5    250.3 2023  2 26  2 50 36.150  4.6   1
     4420  27.205857  102.800968     9.017   -13618.7    28351.4     2880.2    373.5    274.0    344.1 2023  2 26  2 54 33.970  3.8   1
     4445  26.849394  102.971834     8.322     3334.1   -11146.0     2185.5    211.1    179.3    306.7 2023  2 26 16 17  1.720  2.8   1
     4464  26.921749  102.922957     7.882    -1521.1    -3128.8     1745.5    287.9    239.8    194.7 2023  2 27  1 33 45.570  4.1   1
     4471  26.865068  102.947038    13.664      870.8    -9409.1     7527.4    386.6    289.7    335.2 2023  2 27  5 56 53.330  3.4   1
     4478  27.132998  102.849634     9.843    -8794.5    20278.3     3706.7    247.3    229.0    257.9 2023  2 27 11 59 33.760  4.3   1
     4491  26.827325  102.968457    10.041     2998.8   -13591.1     3905.0    228.2    254.1    384.4 2023  2 27 20 25 38.820  3.6   1
     4510  26.784422  102.970898    12.133     3241.8   -18344.8     5996.2    356.0    283.7    339.4 2023  2 28 10 34 50.940  3.1   1
     4517  26.877389  102.920500    15.294    -1765.8    -8043.9     9157.2    454.2    252.5    244.0 2023  2 28 15 11  5.610  3.4   1
     4529  26.866246  102.900692    11.366    -3733.5    -9278.5     5229.5    432.1    334.9    357.4 2023  2 28 21 24  5.320  3.2   1
     4530  26.625893  103.013908    12.168     7521.3   -35910.2     6031.1    239.9    158.0    210.9 2023  2 28 21 42 45.880  3.9   1
     4540  26.938035  102.765837     7.039   -17123.6    -1324.1      902.9    635.5   1088.1   1084.8 2023  3  1  5 57 41.830  3.5   1
     4549  26.840959  102.973242     7.287     3473.9   -12080.4     1150.2   1068.6    791.7   1289.2 2023  3  1 11 36  8.330  4.1   1
     4550  26.902266  102.921167    17.144    -1698.8    -5287.4    11007.4    204.3    171.6    171.6 2023  3  1 11 42 30.150  3.5   1
     4551  26.862500  102.944515    11.670      620.0    -9693.8     5533.9    291.5    213.0    224.9 2023  3  1 11 57 26.400  3.6   1
     4560  26.842464  102.972542     7.227     3404.8   -11913.7     1090.9    240.4    200.1    259.9 2023  3  1 16 21 48.300  2.7   1
     4565  26.851135  102.959701    12.758     2128.4   -10952.8     6621.7    421.1    342.0    292.2 2023  3  1 21 29 18.360  3.0   1
     4576  27.135166  102.882080    11.479    -5575.5    20518.5     5342.9    281.0    294.6    227.9 2023  3  2  9 48 34.580  4.2   1
     4591  27.005105  102.793213     5.035   -14400.6     6107.3    -1101.6    192.6    386.5    562.2 2023  3  2 16 50 48.560  4.2   1
     4596  26.860293  102.958008    13.876     1960.5    -9938.3     7739.8    339.7    222.6    224.6 2023  3  2 22 25 24.180  5.2   1
     4597  26.854950  103.025871     7.005     8702.1   -10530.3      869.7    147.5    180.0    393.7 2023  3  2 22 32 59.520  2.6   1
     4599  26.850588  102.975016     7.928     3650.2   -11013.4     1792.1    210.3    196.4    237.6 2023  3  2 22 48 55.160  3.7   1
     4601  26.840662  102.925985    14.229    -1220.6   -12113.3     8092.2    289.8    242.2    250.4 2023  3  3  1 24  8.360  3.3   1
     4611  26.791410  102.991846    12.260     5323.6   -17570.5     6123.5    744.9    524.1    814.7 2023  3  3 13 47 48.060  3.9   1
     4615  26.827932  102.960799    11.656     2238.2   -13523.9     5520.1    320.9    259.6    363.2 2023  3  3 18 35 13.960  2.7   1
     4620  26.947703  103.001953     5.812     6323.2     -252.8     -324.8    159.1    182.0    194.4 2023  3  4  4  7 31.650  3.8   1
     4629  26.855428  102.942554     8.858      425.3   -10477.1     2721.3    493.0    414.2    372.3 2023  3  4 14 18 51.790  2.9   1
     4641  27.179293  102.847819     7.786    -8973.3    25407.7     1649.9    252.4    152.0    352.7 2023  3  4 20 26 14.320  3.4   1
     4646  27.113007  102.855973     8.243    -8166.7    18063.1     2107.0    323.4    164.5    287.5 2023  3  4 22 34 25.720  3.0   1
     4647  27.215487  102.814339    12.358   -12291.8    29418.2     6221.6    407.5    288.6    387.4 2023  3  4 22 58 19.380  3.1   1
     4648  27.130855  102.790120    10.028   -14699.6    20040.9     3891.6    223.0    101.6    209.0 2023  3  5  0  8  8.700  3.6   1
     4651  26.858384  102.941602     8.540      330.7   -10149.7     2403.8    151.4    184.9    151.2 2023  3  5  8 40 14.220  2.9   1
     4659  26.856712  102.953223    11.455     1485.2   -10335.1     5318.9    207.2    177.9    208.3 2023  3  5 15 55  1.790  3.5   1
     4673  26.863155  102.957788    12.466     1938.4    -9621.0     6329.6    188.4    193.4    159.2 2023  3  6  3 24 59.860  3.1   1
     4680  27.126955  102.817546    14.133   -11979.1    19608.6     7997.0    351.7    349.4    309.9 2023  3  6  7 11 16.110  4.4   1
     4682  27.129596  102.854305    10.049    -8331.0    19901.3     3912.6    262.2    198.8    331.1 2023  3  6  7 43  0.390  2.5   1
     4685  27.122245  102.864095     9.890    -7359.8    19086.8     3753.2    327.1    235.4    407.1 2023  3  6 11 41 37.020  4.0   1
     4686  27.124807  102.868823     7.494    -6891.1    19370.5     1357.8    281.9    149.1    335.5 2023  3  6 14 35 50.270  3.5   1
     4699  26.847347  102.950521    14.204     1216.4   -11372.6     8067.2    511.8    409.8    453.8 2023  3  6 20 48 46.520  6.1   1
     4702  26.840946  102.988281     8.139     4968.3   -12081.9     2002.9    274.2    182.9    313.8 2023  3  6 21  4 33.560  2.8   1
     4706  26.856433  102.910994     7.795    -2710.1   -10366.0     1658.3    134.5     58.8    118.2 2023  3  6 21 45 18.720  2.7   1
     4709  26.841386  102.982780    11.797     4421.9   -12033.3     5661.0    429.6    324.5    320.8 2023  3  6 21 58  3.300  3.2   1
     4710  26.859253  102.944043    10.635      572.8   -10053.4     4498.2    290.2    266.4    227.6 2023  3  6 22 22 54.720  3.4   1
     4713  26.827039  102.958561    15.827     2015.9   -13622.8     9690.3    625.3    514.5    515.9 2023  3  6 23 10 34.880  3.3   1
     4714  26.841616  102.976115     7.963     3759.1   -12007.7     1826.9    251.3    266.9    392.5 2023  3  6 23 14 54.440  2.9   1
     4716  26.862980  102.958813    11.967     2040.7    -9640.4     5830.8    178.5    161.5    159.8 2023  3  6 23 32 30.960  2.8   1
     4717  26.841833  102.892668    13.042    -4530.6   -11983.6     6905.4    775.1    265.1    228.0 2023  3  6 23 33 54.700  4.2   1
     4718  26.841119  102.992171     7.446     5354.2   -12062.6     1309.6    245.7    251.8    293.6 2023  3  6 23 47  1.200  2.9   1
     4719  26.860406  102.965519    14.113     2706.9    -9925.5     7976.4    206.1    172.7    168.0 2023  3  6 23 51 24.000  3.8   1
     4720  26.849595  102.932894    14.967     -534.2   -11123.5     8830.7    616.3    449.0    362.8 2023  3  7  0 14 25.750  3.6   1
     4726  26.864669  102.866992     2.285    -7080.8    -9453.2    -3851.2    310.2    222.1    947.1 2023  3  7  1 24 15.120  3.8   1
     4727  26.856439  102.966536    12.427     2807.3   -10365.1     6290.3    361.0    309.4    319.2 2023  3  7  1 31 58.920  3.6   1
     4728  26.845709  102.958390    11.689     1998.3   -11554.1     5552.5    282.8    257.7    266.1 2023  3  7  2 24 32.150  4.1   1
     4730  26.849890  102.947152     7.928      882.1   -11090.8     1791.3    218.5    223.0    281.8 2023  3  7  3 21 32.720  3.4   1
     4731  26.853977  102.996094    14.182     5743.9   -10637.9     8045.2    413.3    391.1    502.1 2023  3  7  3 41 30.630  4.1   1
     4732  26.844720  102.981405     7.766     4285.3   -11663.6     1629.7    346.7    272.0    402.2 2023  3  7  4  7 50.350  3.1   1
     4733  27.147788  103.122575    11.110    18285.1    21917.0     4973.6    229.7    393.4    275.5 2023  3  7  4 18 49.650  3.6   1
     4734  26.866056  102.926286    11.220    -1190.6    -9299.5     5083.7    513.4    382.2    588.6 2023  3  7  4 37  7.440  3.5   1
     4738  27.035533  102.766113    13.564   -17089.2     9478.8     7427.8    416.2    378.5    420.2 2023  3  7  5 32 22.230  4.8   1
     4739  26.857115  102.974479     9.653     3596.6   -10290.4     3516.7    320.3    342.4    278.4 2023  3  7  5 48 34.360  3.6   1
     4741  26.858785  102.962858    13.776     2442.2   -10105.2     7639.7    243.8    223.6    131.5 2023  3  7  7  3 58.910  4.4   1
     4743  26.842786  102.968001     9.752     2953.7   -11878.1     3615.5    448.9    249.7    489.5 2023  3  7  8  4 49.490  3.3   1
     4744  26.858030  102.940983    13.084      269.1   -10189.0     6947.4    428.4    278.1    312.9 2023  3  7  8 29 47.790  3.6   1
     4745  26.849052  102.960132     7.329     2171.7   -11183.8     1192.2    313.8    217.6    198.2 2023  3  7  9  0 10.610  3.3   1
     4746  27.104523  102.946867     6.639      853.2    17123.1      502.3    258.4    176.1    316.6 2023  3  7  9 21 49.230  3.0   1
     4753  26.848242  102.942415    13.975      411.2   -11273.4     7838.3    230.8    131.6    181.3 2023  3  7 14  7 58.450  3.7   1
     4754  26.854435  102.922673    10.418    -1549.7   -10587.2     4281.9    646.3    364.9    385.3 2023  3  7 14 12 42.270  4.2   1
     4755  26.854118  102.950781    11.306     1242.4   -10622.3     5169.5    259.2    220.7    228.7 2023  3  7 14 38 37.150  4.4   1
     4756  26.845197  102.972640    13.447     3414.5   -11610.9     7310.6    334.3    317.5    207.9 2023  3  7 14 40 28.990  5.1   1
     4757  26.842434  102.948560     7.968     1022.3   -11917.1     1831.4    373.6    243.2    404.1 2023  3  7 14 45 52.360  3.4   1
     4759  26.842495  102.971965    11.556     3346.8   -11910.2     5419.7    388.7    286.8    334.6 2023  3  7 15 16 58.030  4.7   1
     4764  26.852283  102.982243    11.473     4368.3   -10825.8     5337.0    383.5    280.3    320.2 2023  3  7 19  1 47.760  3.4   1
     4765  26.857188  102.972233    10.770     3373.8   -10282.3     4633.9    198.6    230.3    164.7 2023  3  7 19 34 57.800  3.5   1
     4769  26.851314  102.963184    14.907     2474.6   -10933.1     8770.7    233.2    239.1    174.5 2023  3  7 21 13 56.800  4.2   1
     4770  26.850216  102.984416    10.875     4583.6   -11054.8     4738.9    217.9    270.2    152.5 2023  3  7 21 21 38.080  4.7   1
     4771  26.855292  102.972705     7.376     3420.7   -10492.3     1239.8    261.8    229.7    231.8 2023  3  7 21 31 15.840  3.3   1
     4773  26.857544  102.972510     7.657     3401.3   -10242.7     1520.3    217.1    239.3    333.1 2023  3  7 21 37  4.420  3.1   1
     4774  26.852962  102.963005    15.472     2456.7   -10750.5     9335.7    318.3    299.9    275.2 2023  3  7 21 44 29.740  4.6   1
     4775  26.857483  102.939339    11.157      106.2   -10249.6     5020.4    310.3    266.2    364.6 2023  3  7 21 58 11.320  3.5   1
     4776  26.844159  102.942814     8.445      450.9   -11725.8     2309.1    315.4    252.4    299.1 2023  3  7 22 12 13.060  3.0   1
     4777  26.871134  102.941553    11.471      325.5    -8736.8     5334.3    283.5    217.9    236.3 2023  3  7 22 18  8.440  2.5   1
     4778  26.858763  102.940576     9.346      228.6   -10107.7     3209.6    460.5    292.2    371.6 2023  3  7 22 33 19.200  3.1   1
     4780  26.849015  102.980811     7.285     4225.9   -11187.7     1149.8    320.0    256.6    419.9 2023  3  7 22 43 48.740  3.1   1
     4784  26.847284  102.990080    12.569     5146.3   -11379.6     6432.7    372.3    486.4    444.2 2023  3  7 23 35 24.520  3.5   1
     4788  26.862919  102.959188    15.085     2077.6    -9647.1     8948.2    685.9    667.8    399.2 2023  3  8  0 27 48.520  3.5   1
     4789  26.856287  102.932861    15.008     -537.9   -10382.2     8872.0    481.7    288.3    445.6 2023  3  8  0 57 17.160  4.1   1
     4790  26.845192  102.970728    10.919     3224.0   -11611.4     4782.2    383.0    402.4    346.0 2023  3  8  1  6 50.680  2.6   1
     4791  26.850346  102.973454    12.152     3495.2   -11040.4     6016.0    312.5    319.3    198.1 2023  3  8  3  2 53.700  3.9   1
     4792  26.840511  102.940723     7.581      243.5   -12130.1     1445.1    385.6    245.2    428.0 2023  3  8  3 38 24.440  3.5   1
     4795  26.867601  102.943083    15.565      478.0    -9128.5     9429.0    544.6    434.7    426.3 2023  3  8  4 54 27.230  3.8   1
     4796  26.853267  102.988118    11.330     4951.8   -10716.6     5193.9    244.5    326.5    268.4 2023  3  8  4 57 33.230  3.8   1
     4797  26.848600  102.949528    11.748     1117.9   -11233.8     5611.7    333.8    261.2    214.3 2023  3  8  5 35 57.320  3.5   1
     4800  26.865515  102.957951    13.133     1954.7    -9359.7     6996.4    254.5    194.5    187.2 2023  3  8  8 34 31.720  2.9   1
     4801  26.837907  102.969792     4.083     3131.2   -12418.6    -2053.1    606.1    290.3    695.9 2023  3  8  9 54 42.780  3.5   1
     4804  26.861550  102.964575    14.009     2612.7    -9799.0     7872.1    276.5    265.1    159.3 2023  3  8 10 57 26.430  3.6   1
     4807  26.848991  102.981470    11.313     4291.2   -11190.6     5176.2    337.9    380.5    335.9 2023  3  8 11 16  2.730  4.7   1
     4808  26.848140  103.001994    11.181     6330.3   -11284.7     5044.8    411.3    384.5    262.7 2023  3  8 11 32  1.250  4.6   1
     4810  26.865096  102.968660    16.350     3018.6    -9406.0    10213.9    346.7    488.5    397.4 2023  3  8 11 52 20.980  3.7   1
     4811  26.850596  102.983431    14.343     4486.3   -11012.5     8206.3    402.8    340.4    260.6 2023  3  8 12 16  0.270  3.5   1
     4812  27.119314  102.871118    12.579    -6663.3    18762.0     6443.0    341.2    201.4    208.0 2023  3  8 12 28 57.760  4.6   1
     4815  26.848537  102.926164     8.848    -1203.2   -11240.8     2711.7    684.9    422.1    484.5 2023  3  8 13 18 43.040  4.4   1
     4817  26.857188  102.978784     8.556     4024.6   -10282.3     2420.0    222.7    258.0    227.3 2023  3  8 14 11 31.600  3.5   1
     4819  26.865590  102.936971    13.929     -129.2    -9351.3     7792.2    495.6    330.9    310.9 2023  3  8 14 20 24.160  3.3   1
     4820  26.865381  102.950366    16.090     1201.2    -9374.5     9953.7    591.2    508.4    434.9 2023  3  8 14 27 34.400  3.3   1
     4822  26.861466  102.916178    13.152    -2194.7    -9808.1     7016.0    960.0    639.6    671.6 2023  3  8 15 29 19.270  2.8   1
     4823  26.892289  102.930998    18.375     -722.5    -6393.0    12239.0    202.8    169.6    171.4 2023  3  8 15 31 26.470  3.0   1
     4826  26.857312  102.998966    13.122     6029.1   -10268.4     6986.1    640.9    782.4    639.9 2023  3  8 16 15 45.670  3.2   1
     4829  27.129470  102.836865    10.520   -10061.4    19887.3     4383.2    238.4    228.7    196.7 2023  3  8 16 47  0.080  4.2   1
     4831  26.851213  102.933423     8.805     -481.6   -10944.4     2669.0    259.3    215.4    213.6 2023  3  8 17 18 39.800  3.2   1
     4837  26.854771  102.961751    14.200     2332.0   -10550.0     8064.0    461.5    337.6    280.9 2023  3  8 17 50 50.880  4.7   1
     4840  26.791935  102.992464    14.057     5385.1   -17512.4     7921.0    497.7    372.3    540.7 2023  3  8 18 13 36.560  4.5   1
     4844  26.855341  102.937573    14.532      -69.3   -10486.9     8396.1    299.1    316.7    198.6 2023  3  8 18 45 27.760  2.8   1
     4845  26.831217  102.958968     6.467     2056.2   -13159.9      330.5    733.7    618.4   1017.7 2023  3  8 18 49 30.880  3.0   1
     4847  26.852635  102.981087     9.422     4253.2   -10786.7     3285.7    377.6    330.2    358.0 2023  3  8 18 57 27.600  2.7   1
     4851  26.849432  102.941992     7.987      369.8   -11141.5     1850.9    219.1    175.7    281.2 2023  3  8 19 33  5.040  3.0   1
     4861  26.841781  102.958219     7.100     1981.3   -11989.5      963.7    382.6    262.6    358.8 2023  3  8 21  9 17.160  3.3   1
     4863  26.851326  102.951709    10.239     1334.5   -10931.8     4102.5    242.6    209.9    242.9 2023  3  8 22  6  3.880  2.9   1
     4867  26.856598  102.978459    14.259     3992.0   -10347.7     8122.8    299.1    256.4    249.5 2023  3  8 22 37 23.320  5.3   1
     4869  26.844084  102.974170     9.346     3566.5   -11734.2     3209.8    215.0    179.9    261.8 2023  3  8 22 47 56.720  3.4   1
     4870  26.848840  102.963224    10.777     2478.3   -11207.1     4640.8    329.4    289.1    259.6 2023  3  8 22 53 20.080  4.4   1
     4871  26.859619  102.966431    11.319     2797.1   -10012.9     5182.9    397.7    380.9    337.6 2023  3  8 23  1 14.240  4.4   1
     4873  26.852496  102.967765     9.360     2930.2   -10802.1     3223.6    285.0    431.0    547.6 2023  3  8 23 12 30.480  3.6   1
     4874  26.853477  103.029354     7.873     9048.2   -10693.5     1736.3    148.7    182.5    299.5 2023  3  8 23 13 55.680  3.0   1
     4875  26.849858  102.946533     9.793      820.4   -11094.4     3656.2    270.7    265.2    327.8 2023  3  8 23 18 10.680  3.7   1
     4876  26.846956  102.933171    11.118     -507.3   -11415.9     4981.8    317.9    220.5    247.2 2023  3  8 23 31 30.160  3.5   1
     4878  26.859438  102.992985    15.445     5435.0   -10032.8     9308.8    405.4    413.4    331.9 2023  3  8 23 45 23.320  3.4   1
     4879  26.839709  102.937915    10.668      -35.7   -12218.9     4532.0    428.2    379.2    288.9 2023  3  8 23 46 48.580  3.6   1
     4881  26.863660  102.938989     8.639       71.1    -9565.3     2502.5    457.6    324.4    273.2 2023  3  9  0  8 16.170  3.0   1
     4882  26.844004  102.999357    10.067     6068.2   -11743.1     3930.9    261.6    295.5    298.6 2023  3  9  0 11 33.010  3.5   1
     4883  26.849707  102.941471    11.174      317.9   -11111.2     5037.8    334.3    231.1    308.0 2023  3  9  0 20 14.340  4.0   1
     4884  26.864256  102.953410    17.947     1503.8    -9499.1    11811.0   1033.0    708.2    667.6 2023  3  9  0 23 50.010  4.0   1
     4890  26.854183  102.931755    12.197     -647.4   -10615.3     6061.1    332.3    282.3    227.9 2023  3  9  1 40 14.960  3.8   1
     4893  26.855841  102.970679    10.463     3218.9   -10431.6     4326.3    251.6    197.8    292.8 2023  3  9  5 13 22.700  5.9   1
     4894  26.855001  102.971403    13.645     3291.0   -10524.6     7508.2    332.9    357.5    211.8 2023  3  9  5 38 48.930  3.3   1
     4897  26.876473  102.914030    12.294    -2408.3    -8145.4     6157.8    246.6    142.1    172.9 2023  3  9  6 15  2.590  3.8   1
     4898  26.864648  102.973649     8.604     3514.0    -9455.7     2467.8    431.4    311.8    455.7 2023  3  9  6 15 57.280  3.5   1
     4900  26.855046  102.975456    10.607     3693.7   -10519.6     4470.4    294.6    241.8    302.2 2023  3  9  6 32  3.540  4.3   1
     4902  26.856962  102.972713    10.729     3421.5   -10307.3     4592.7    224.8    190.1    202.0 2023  3  9  6 45 48.880  4.0   1
     4903  26.861182  102.959033    10.733     2062.4    -9839.8     4596.2    351.9    286.3    233.1 2023  3  9  6 46 51.560  3.8   1
     4905  26.845197  102.953735     5.795     1535.7   -11611.0     -341.2    242.5    280.3   1092.2 2023  3  9  7  8 25.460  3.1   1
     4910  26.862500  102.963257    11.511     2481.8    -9693.6     5374.6    211.1    190.2    216.5 2023  3  9  7 45 49.050  3.3   1
     4911  26.857668  102.987069    10.346     4847.7   -10229.0     4209.2    188.8    243.2    216.1 2023  3  9  7 50 26.180  3.9   1
     4912  26.844566  102.985376    11.440     4679.8   -11680.8     5303.7    484.2    317.1    381.3 2023  3  9  8  5  8.630  4.8   1
     4914  26.850682  102.944889     6.989      657.0   -11003.2      853.0    276.5    239.7    310.5 2023  3  9  8 52 12.370  3.2   1
     4915  26.917660  102.814917    11.727   -12251.0    -3581.9     5590.4    633.4    370.2    455.4 2023  3  9  8 54 15.880  2.3   1
     4916  26.853957  102.983073    11.174     4450.5   -10640.2     5037.1    223.5    248.9    165.8 2023  3  9  9  0 32.420  4.1   1
     4917  26.852073  102.978817     7.969     4027.8   -10849.0     1832.5    224.0    149.8    229.0 2023  3  9  9  4 21.020  3.5   1
     4918  26.855037  102.930550    10.721     -767.0   -10520.5     4584.4    405.4    312.9    373.1 2023  3  9  9 17 12.240  4.3   1
     4922  26.840769  102.962891     6.829     2445.4   -12101.4      692.2    262.1    231.2    337.6 2023  3  9  9 50 21.030  3.1   1
     4926  27.117336  102.846118    11.447    -9144.1    18542.8     5310.5    345.5    227.6    374.9 2023  3  9 10 41  7.130  4.5   1
     4928  26.851837  102.960010     6.166     2159.0   -10875.1       30.0    228.3    249.7    382.0 2023  3  9 10 55  9.960  2.9   1
     4929  26.867558  102.959513    13.195     2109.5    -9133.1     7058.8    324.5    244.0    306.4 2023  3  9 11 29 18.650  3.4   1
     4930  26.858000  102.990487    10.127     5186.5   -10192.3     3990.4    251.7    230.9    215.2 2023  3  9 11 30 47.930  3.3   1
     4932  26.828007  102.980355    10.449     4180.9   -13515.5     4313.0    366.4    398.3    366.9 2023  3  9 11 48 52.580  3.7   1
     4941  26.849268  102.972428     6.837     3393.1   -11159.8      700.4    308.9    238.6    378.9 2023  3  9 12 37 23.010  3.2   1
     4948  26.841300  102.991138    11.179     5251.6   -12042.7     5042.5    289.7    382.7    253.3 2023  3  9 14 21 16.690  3.2   1
     4952  26.843772  102.994035     7.969     5539.7   -11768.7     1833.1    387.4    303.7    520.5 2023  3  9 16 32  5.440  4.1   1
     4959  26.849300  102.923364    11.395    -1480.7   -11156.3     5258.6    370.6    310.7    309.2 2023  3  9 19 16 19.620  2.8   1
     4962  26.853255  102.945955    16.372      763.0   -10717.9    10235.5    672.3    490.5    422.0 2023  3  9 20  3 57.880  2.9   1
     4963  26.852236  102.948503    11.439     1016.1   -10831.0     5302.8    235.0    207.0    148.8 2023  3  9 20 12 33.500  2.8   1
     4966  26.858596  102.940389    13.872      210.3   -10126.3     7735.7    316.8    327.3    208.6 2023  3  9 20 28 34.180  3.9   1
     4967  26.839933  102.987069    11.822     4847.7   -12194.0     5685.6    203.7    206.0    189.5 2023  3  9 20 43  5.520  3.9   1
     4969  26.850220  102.949805    10.934     1145.2   -11054.4     4797.1    217.4    171.7    230.9 2023  3  9 20 49 10.180  3.5   1
     4972  26.857113  102.937850    13.166      -42.4   -10290.5     7029.3    426.3    394.8    443.7 2023  3  9 20 59 26.520  3.3   1
     4974  26.865381  102.965104    13.368     2665.1    -9374.5     7231.3    298.2    216.2    180.9 2023  3  9 21  6 49.720  5.2   1
     4975  26.869167  102.939054    14.506       77.5    -8955.0     8369.4    479.8    347.7    320.9 2023  3  9 21 12 28.800  3.3   1
     4977  26.888202  102.878507     8.555    -5936.1    -6845.9     2418.6    211.4    151.0    207.2 2023  3  9 21 21 14.400  2.6   1
     4981  26.851902  102.959928    10.951     2151.4   -10867.9     4814.6    306.8    279.0    253.1 2023  3  9 21 36  5.360  3.9   1
     4982  26.854130  102.954427    14.130     1604.6   -10621.2     7993.7    407.5    315.5    389.3 2023  3  9 21 40 47.760  3.0   1
     4988  26.882263  102.899072    12.717    -3893.7    -7503.9     6580.5    602.3    366.0    346.6 2023  3  9 22 21 41.340  2.9   1
     4990  26.852789  102.921842    11.130    -1632.0   -10769.7     4994.0    518.7    376.3    439.3 2023  3  9 22 27 35.960  3.4   1
     4992  26.861106  102.952140    11.003     1377.6    -9848.1     4866.9    331.8    217.3    237.0 2023  3  9 22 48 34.400  3.8   1
     4994  26.856974  102.979989    12.209     4144.3   -10306.0     6072.2    200.9    212.7    190.3 2023  3  9 23 23 57.040  3.0   1
     4997  26.861650  102.961271    12.905     2284.7    -9787.8     6768.5    325.0    182.8    250.0 2023  3 10  0 20 44.950  5.5   1
     4999  26.853920  102.951424    11.712     1306.6   -10644.2     5575.3    274.5    208.9    279.2 2023  3 10  0 50 10.610  4.2   1
     5000  26.854702  102.976074    15.311     3755.2   -10557.8     9174.4    293.0    331.0    431.8 2023  3 10  1 32 17.130  4.6   1
     5001  26.859503  102.967008    12.283     2854.5   -10025.6     6147.0    302.9    202.2    225.3 2023  3 10  1 58 31.600  2.6   1
     5004  26.870789  102.899618     9.234    -3840.0    -8775.4     3097.8    244.2    174.6    240.0 2023  3 10  2 51 15.710  3.4   1
     5007  26.842234  102.975456     9.508     3693.6   -11939.2     3371.3    246.6    221.1    303.0 2023  3 10  3 17 29.440  3.0   1
     5009  26.850592  103.017448    14.798     7865.6   -11013.0     8661.3    289.6    233.3    476.6 2023  3 10  3 28 22.810  3.7   1
     5010  26.845455  102.948283     9.946      994.3   -11582.4     3809.8    302.3    281.9    292.0 2023  3 10  3 57 59.450  3.5   1
     5011  26.868681  102.935701    11.542     -255.6    -9008.8     5405.8    348.9    332.9    289.9 2023  3 10  5 39 33.770  2.9   1
     5014  26.867244  102.953646    11.825     1527.1    -9168.0     5688.2    197.6    176.6    155.7 2023  3 10  6 35 52.600  3.3   1
     5021  26.860311  102.912622     8.701    -2547.7    -9936.1     2564.2    464.7    247.6    474.9 2023  3 10 10 18  2.270  2.9   1
     5022  26.846464  102.993066    10.522     5443.8   -11470.5     4385.6    196.7    224.3    203.9 2023  3 10 11 21 23.550  3.4   1
     5023  26.856993  102.966732    13.963     2827.2   -10303.8     7826.8    362.3    341.5    198.6 2023  3 10 12 19 19.430  3.5   1
     5024  26.834967  102.986776    13.580     4818.5   -12744.4     7443.4    529.4    539.4    335.2 2023  3 10 13 19 22.060  4.1   1
     5032  26.845858  102.933952    14.155     -429.3   -11537.6     8018.2    450.5    254.7    629.2 2023  3 10 16 13 27.840  3.8   1
     5036  27.034023  102.899927    11.233    -3806.3     9311.6     5096.1    488.1    340.4    232.2 2023  3 10 18  8  4.040  4.8   1
     5041  27.021783  102.898299    11.738    -3968.2     7955.4     5601.6    369.0    381.8    257.8 2023  3 10 18 52 49.780  3.7   1
     5043  27.037767  102.901839     9.148    -3616.7     9726.3     3011.4    251.6    370.2    228.5 2023  3 10 18 57 22.840  3.7   1
     5044  27.026790  102.880786    10.548    -5706.6     8510.1     4411.4    673.3    461.5    394.3 2023  3 10 19  2 23.560  3.3   1
     5045  27.027873  102.899357     9.427    -3862.7     8630.1     3290.3    275.1    174.4    207.0 2023  3 10 19  5 56.440  3.2   1
     5046  27.038348  102.907463     7.417    -3058.4     9790.8     1280.1    699.5    527.4    540.5 2023  3 10 19  8  5.920  3.1   1
     5048  27.017603  102.897477    11.306    -4049.6     7492.0     5169.5    400.5    328.1    218.3 2023  3 10 19 23 42.860  2.3   1
     5049  26.869562  102.944393    10.771      608.1    -8911.2     4635.1    341.2    302.3    278.5 2023  3 10 19 42 54.160  3.0   1
     5051  27.029567  102.873934    12.275    -6386.4     8817.9     6138.4   1147.2    604.7    567.4 2023  3 10 19 48 21.480  4.0   1
     5052  27.026113  102.902368     9.049    -3563.8     8435.0     2913.1    311.1    191.4    220.6 2023  3 10 19 55 36.560  3.2   1
     5054  26.854478  102.972005     7.759     3351.3   -10582.4     1622.6    233.4    254.8    297.1 2023  3 10 20 14 21.840  3.4   1
     5055  27.027492  102.899699    10.027    -3828.8     8588.0     3890.4    309.2    241.0    252.8 2023  3 10 20 25 37.900  3.9   1
     5061  26.857878  102.968620     8.937     3014.6   -10205.8     2800.5    396.5    345.8    380.0 2023  3 10 21  1 11.540  3.5   1
     5064  26.850234  102.971549     6.247     3305.4   -11052.8      110.5    238.0    241.9    316.7 2023  3 10 21 25  8.900  3.2   1
     5065  26.846690  102.943311     9.256      500.5   -11445.4     3119.7    242.7    173.5    213.5 2023  3 10 21 37 59.520  3.1   1
     5066  27.036395  102.801628     8.942   -13564.0     9574.5     2805.1     13.2     15.6      8.5 2023  3 10 21 42 31.720  2.3   1
     5070  26.853497  102.968823     8.637     3034.5   -10691.3     2500.5    172.4    144.1    233.9 2023  3 10 22 15  6.200  3.0   1
     5071  27.118789  102.851025    13.570    -8657.1    18703.8     7433.7    318.6    290.2    225.0 2023  3 10 22 20 47.880  3.5   1
     5072  26.867729  102.940991    12.836      270.3    -9114.3     6700.0    221.4    189.4    163.9 2023  3 10 22 47  7.080  2.2   1
     5074  26.912933  102.855827     8.095    -8188.2    -4105.5     1958.4      3.5      3.9      3.2 2023  3 10 22 54 53.120  2.8   1
     5079  26.857902  102.952555     5.827     1419.2   -10203.2     -309.8    243.9    288.1    479.8 2023  3 10 23 16  8.140  3.5   1
     5080  26.863826  102.969116     8.773     3063.5    -9546.6     2636.8    472.0    409.2    477.9 2023  3 10 23 23 55.640  3.3   1
     5083  27.106112  102.829045    10.076   -10839.2    17299.2     3939.4    175.8     89.1    149.0 2023  3 11  0  8 26.740  3.5   1
     5087  26.855851  102.950854    13.031     1249.9   -10430.4     6894.9    478.5    504.7    545.1 2023  3 11 13  1 44.270  3.3   1
     5088  26.864565  102.922030     8.954    -1613.9    -9464.7     2817.7    123.5     60.5     99.2 2023  3 11 13 41 47.870  2.5   1
     5090  26.903912  102.943286    11.174      498.0    -5105.0     5037.2    618.5    592.0    418.9 2023  3 11 14  5 56.920  3.6   1
     5091  26.948800  102.771273     7.102   -16583.2     -131.4      966.1    634.4   1210.8   1017.2 2023  3 11 14 29 21.430  2.3   1
     5092  27.098462  102.821549     9.709   -11583.0    16451.6     3572.3    281.8    206.0    246.7 2023  3 11 14 41 36.040  2.8   1
     5106  26.872007  102.880835     8.362    -5705.5    -8640.2     2225.8    211.7    153.2    217.6 2023  3 11 21  1 59.360  2.7   1
     5108  26.856820  103.018652    15.598     7984.9   -10323.1     9461.2    339.4    306.4    570.0 2023  3 11 21 12 16.400  3.5   1
     5115  27.158759  103.127222    11.466    18745.0    23132.5     5329.5    204.0    237.1    259.1 2023  3 11 23 30 29.120  4.9   1
     5121  26.840088  102.939567    13.295      128.3   -12176.9     7158.5    318.5    199.8    207.0 2023  3 12  1 19  0.220  4.1   1
     5132  26.846045  102.958187     9.625     1978.2   -11517.0     3488.7    300.0    253.0    348.3 2023  3 12  8 12 14.250  3.6   1
     5142  27.053536  103.042887    10.050    10383.4    11473.7     3913.7    208.4    203.4    211.1 2023  3 12 12 20  9.100  3.2   1
     5143  26.670726  103.010034    13.597     7134.9   -30942.7     7460.2    392.4    396.1    143.7 2023  3 12 13  0 24.520  2.7   1
     5150  27.014496  102.797266    17.366   -13997.6     7147.9    11229.3    333.8    338.7    284.7 2023  3 12 15 38 22.330  3.2   1
     5152  26.865198  102.928198     9.317    -1001.1    -9394.6     3180.7    408.6    347.2    391.4 2023  3 12 16  1 19.410  2.5   1
     5157  26.872048  102.925090    14.105    -1309.7    -8635.6     7968.5    370.3    314.1    294.4 2023  3 12 19  9 25.120  3.2   1
     5158  27.000602  102.794963     4.714   -14227.8     5608.5    -1422.4    134.5    245.1    244.3 2023  3 12 19 23 38.260  3.5   1
     5161  27.130955  102.841675     5.568    -9584.6    20051.9     -568.5    359.1    251.7    557.1 2023  3 12 20 16 48.520  3.8   1
     5162  27.130013  102.833162     8.023   -10429.1    19947.5     1886.7    428.6    347.1    549.0 2023  3 12 20 30 52.180  2.9   1
     5164  27.120347  102.862655     4.297    -7503.0    18876.5    -1839.1    516.0    344.6    514.0 2023  3 12 20 59  2.920  3.1   1
