        3  26.913715  102.834937    12.039   -10262.6    -4019.0     5902.2    306.6    379.9    274.6 2022  8 23 16 29 48.550  1.9   1
      444  27.025075  102.791121     8.814   -14607.1     8320.1     2677.9     10.8     13.6      7.4 2022  9 24  7 41 55.320  2.6   1
      672  26.822904  102.895199    10.756    -4279.8   -14080.8     4619.1     53.8     34.1     45.3 2022 10 10  3 35  1.940  3.7   1
      779  27.067757  102.753947     4.544   -18293.7    13049.3    -1592.2     31.9     47.6     41.4 2022 10 17 22 37 48.240  2.6   1
     1068  26.731775  103.090934     9.687    15173.6   -24178.4     3550.5     68.7     68.1    172.9 2022 12  4 21  3 17.040  1.6   1
     1104  26.871155  102.904028     9.810    -3401.8    -8734.7     3673.8    201.6    208.3    232.0 2023  1  1  1  2 48.170  2.7   1
     1113  26.615989  102.993978    12.199     5539.3   -37007.7     6062.8    272.5    242.4    214.7 2023  1  1  5 59 15.820  2.3   1
     1148  26.918778  102.899325     8.700    -3867.9    -3457.8     2563.9    437.4    319.8    346.5 2023  1  1 17  9 12.760  2.5   1
     1150  26.927696  102.919124     7.481    -1901.5    -2469.8     1344.2    237.7    176.2    231.6 2023  1  1 17 54 31.060  2.5   1
     1194  26.823126  102.943481    13.134      517.7   -14056.3     6997.3    279.5    239.5    229.4 2023  1  2 13 15 59.500  3.7   1
     1213  26.981122  102.897119     8.517    -4086.4     3449.9     2380.8    659.7   1665.8    405.0 2023  1  2 20 38 12.040  2.4   1
     1214  26.981370  102.906681    20.271    -3136.8     3477.5    14135.0     71.6    104.4    122.9 2023  1  2 20 43 14.180  0.7   1
     1233  27.102020  102.981217     8.010     4261.7    16845.9     1873.8     20.9     11.3     22.4 2023  1  3  3 48 43.310  3.1   1
     1248  27.129698  102.829753    12.641   -10767.7    19912.5     6505.0    401.4    490.5    336.2 2023  1  3 10 35 16.200  2.6   1
     1252  27.094708  102.906453    14.158    -3157.4    16035.6     8021.5    600.6    458.4    433.0 2023  1  3 12 47  7.960  3.2   1
     1304  27.112522  102.818905    12.396   -11844.4    18009.4     6259.9    736.8    616.9    470.2 2023  1  4  2 22 33.690  2.9   1
     1350  26.851090  102.957544    14.190     1914.1   -10957.7     8053.5    269.7    214.6    213.8 2023  1  4 19 27 11.020  3.5   1
     1360  26.966597  102.927848     5.856    -1035.1     1840.5     -280.6    286.4    295.0    261.1 2023  1  4 22 34  8.940  2.1   1
     1387  26.847766  102.956291     8.260     1789.5   -11326.2     2123.3    436.4    403.7    490.1 2023  1  5 13 36 43.040  3.8   1
     1395  26.923476  102.912354     7.032    -2574.3    -2937.3      895.2    199.0    154.0    202.0 2023  1  5 16 58 37.710  3.2   1
     1405  26.803339  102.972477    14.505     3399.0   -16248.9     8368.7    555.8    621.7    339.0 2023  1  5 18 48 23.160  3.0   1
     1406  26.975191  102.908862    19.729    -2920.4     2792.9    13592.4     45.2     70.9    144.2 2023  1  5 18 53 13.880  1.2   1
     1410  26.847609  102.948112     4.690      977.3   -11343.6    -1446.7    197.6    169.3    322.4 2023  1  5 19 19 20.860  2.6   1
     1411  26.922107  102.838143    10.790    -9944.2    -3089.1     4653.4    297.6    394.0    277.7 2023  1  5 19 20 31.660  2.4   1
     1412  26.851703  102.944849     4.484      653.3   -10890.1    -1652.4    267.6    215.5    337.6 2023  1  5 19 34 36.200  2.3   1
     1425  26.826512  102.959831    14.294     2142.2   -13681.2     8157.3    312.7    229.6    191.1 2023  1  5 21  4 48.560  3.5   1
     1428  26.830888  102.973470    16.856     3497.0   -13196.3    10719.5    208.3    270.3    207.5 2023  1  5 21 57 36.580  5.6   1
     1431  26.832347  102.950138    10.901     1178.7   -13034.7     4765.0    355.6    284.7    237.0 2023  1  5 22  4  9.800  4.9   1
     1432  26.874797  102.857918    11.197    -7981.4    -8331.1     5061.0    453.8    529.4    357.3 2023  1  5 22  8 18.040  2.8   1
     1433  26.836861  102.944556    11.251      624.4   -12534.5     5114.8    254.8    249.7    251.8 2023  1  5 22 15 54.360  2.9   1
     1436  26.824493  102.953345    14.228     1497.8   -13904.9     8091.1    320.2    224.9    278.9 2023  1  5 22 21  5.480  5.6   1
     1439  26.852647  102.999764    14.873     6108.9   -10785.4     8736.3    465.3    356.8    428.0 2023  1  5 22 43 29.800  5.2   1
     1440  26.829806  102.961076    13.604     2265.6   -13316.4     7467.9    169.2    145.7    165.7 2023  1  5 22 45 17.520  4.8   1
     1441  26.837807  102.960506    12.358     2208.9   -12429.6     6221.2    263.7    202.0    219.6 2023  1  5 22 47 20.320  3.1   1
     1444  26.832052  102.967415    16.113     2895.6   -13067.5     9976.6    405.1    456.3    255.0 2023  1  5 23  2 29.760  3.2   1
     1445  26.833895  102.965072    12.094     2662.2   -12863.1     5957.8    269.8    280.9    228.7 2023  1  5 23  5 44.480  4.0   1
     1446  26.839034  102.954476    16.523     1609.7   -12293.7    10386.7    348.7    467.4    307.1 2023  1  5 23 11 18.480  3.4   1
     1448  26.821063  102.962028    14.749     2360.2   -14285.0     8612.5    193.0    238.3    173.0 2023  1  5 23 27 57.080  5.4   1
     1449  26.828898  102.929427     8.709     -878.6   -13416.8     2572.6    124.9    151.7     98.7 2023  1  5 23 33 36.320  3.2   1
     1461  26.839476  102.926359    11.747    -1184.0   -12244.7     5610.6    619.6    488.3    468.2 2023  1  6  2  9 13.140  3.6   1
     1465  26.831657  102.964689    16.992     2624.8   -13111.1    10855.3    326.5    300.7    203.8 2023  1  6  2 50 22.410  5.9   1
     1467  26.834902  102.960701    12.043     2228.3   -12751.5     5906.8    234.8    198.6    175.8 2023  1  6  2 57  1.020  3.8   1
     1469  26.837864  102.950716    12.628     1236.5   -12423.4     6491.3    266.3    214.5    190.7 2023  1  6  3  0 59.270  3.6   1
     1470  26.829230  102.950871    13.176     1252.0   -13380.0     7039.7    248.0    235.6    186.1 2023  1  6  3 25  4.030  3.7   1
     1474  26.825671  102.948633    15.971     1028.9   -13774.5     9834.4    515.1    482.5    386.0 2023  1  6  3 41 32.280  3.4   1
     1479  26.834572  102.960295    14.286     2187.8   -12788.1     8149.6    172.6    292.9    172.8 2023  1  6  4 27 46.330  3.9   1
     1480  26.828965  102.973893    13.493     3538.7   -13409.4     7356.3    266.9    280.0    257.7 2023  1  6  4 51 23.310  3.7   1
     1489  26.809810  102.969572    12.003     3110.2   -15531.9     5866.4    261.4    341.4    329.3 2023  1  6  6  5 52.330  3.0   1
     1490  26.835868  102.962394    13.581     2396.3   -12644.4     7444.8    326.6    339.1    252.5 2023  1  6  6  8 33.500  3.0   1
     1491  26.844983  102.933309     8.063     -493.5   -11634.7     1927.0    127.4    152.0    108.0 2023  1  6  6 12 13.430  3.1   1
     1494  26.941274  102.850155    14.974    -8750.1     -965.2     8837.2    335.7    203.3    139.5 2023  1  6  7  0 26.850  3.4   1
     1496  26.835032  102.959660    13.887     2124.7   -12737.3     7751.0    175.8    214.5    144.8 2023  1  6  7 51  6.930  4.0   1
     1509  26.833502  102.981217    17.226     4266.5   -12906.6    11089.5    342.2    238.0    266.3 2023  1  6 11  5  1.410  3.2   1
     1510  26.969663  102.915983     8.258    -2213.0     2180.4     2121.1    265.9    264.1    174.4 2023  1  6 11 15 40.300  5.4   1
     1511  26.835472  102.959774    14.285     2136.0   -12688.4     8149.0    199.0    255.3    195.9 2023  1  6 11 24 59.760  3.7   1
     1520  26.835339  102.954150    14.178     1577.3   -12703.0     8041.9    251.2    239.6    203.5 2023  1  6 14 37 17.560  3.7   1
     1530  26.836735  102.939526    10.364      124.7   -12548.5     4227.3    455.4    339.0    391.4 2023  1  6 16 14 42.600  2.7   1
     1538  26.783848  102.972469     7.593     3398.1   -18408.5     1456.7    205.1    330.4    592.7 2023  1  6 17  7 21.200  2.2   1
     1551  26.826896  102.951245    13.312     1288.9   -13638.7     7176.1    243.3    266.1    205.7 2023  1  6 20 36  5.420  3.7   1
     1558  26.829913  102.962524    13.314     2409.3   -13304.4     7177.8    185.9    234.9    155.9 2023  1  6 21 38 29.200  4.3   1
     1561  26.815664  102.974520    17.550     3601.5   -14883.2    11413.5    413.1    638.7    334.6 2023  1  6 22 13 55.780  4.5   1
     1573  27.093427  102.979997     8.047     4140.4    15893.5     1911.0     20.7     11.2     24.2 2023  1  7  0 47 17.390  3.2   1
     1584  26.939162  102.671338    12.433   -26507.4    -1199.3     6296.6     73.7     91.4     87.4 2023  1  7  5 10 35.680  2.9   1
     1598  26.838619  102.944108    15.496      579.3   -12339.8     9359.2    499.2    506.4    483.8 2023  1  7 11 38 45.550  3.3   1
     1607  26.960181  102.888232     7.889    -4968.4     1129.6     1752.4    362.6    228.3    350.6 2023  1  7 15 39 14.060  2.9   1
     1608  27.103080  102.870565    13.836    -6718.6    16963.4     7699.2    327.6    145.4    214.3 2023  1  7 15 40  8.830  4.2   1
     1611  26.837419  102.948047    14.412      971.2   -12472.6     8276.0    183.9    270.5    171.6 2023  1  7 16 37 55.380  2.6   1
     1620  26.812657  102.956901    12.676     1851.0   -15216.3     6539.9    264.3    293.2    165.1 2023  1  7 20 13  6.540  3.4   1
     1644  26.840485  102.942375    13.293      407.7   -12133.1     7156.2    479.2    494.8    387.8 2023  1  8  5 28 16.570  3.7   1
     1653  26.834943  102.951562    14.231     1320.2   -12747.0     8094.6    147.4    196.4    160.3 2023  1  8  9 21  3.240  3.7   1
     1662  26.829380  102.937638    12.626      -63.1   -13363.3     6489.5    462.0    295.5    372.4 2023  1  8 12 18 53.450  3.6   1
     1675  26.831126  102.956038    11.374     1765.1   -13169.9     5237.7    325.9    243.3    278.3 2023  1  8 17  5 43.960  3.1   1
     1678  26.682306  102.996704    13.904     5808.9   -29659.6     7767.7    199.9     67.4    133.5 2023  1  8 18  3 48.840  3.2   1
     1688  26.828054  102.960872    14.314     2245.6   -13510.4     8177.7    182.7    243.6    147.9 2023  1  8 20 59 20.120  3.0   1
     1691  26.934749  102.857031    12.097    -8067.9    -1688.3     5960.8    162.5    177.3    110.0 2023  1  8 21 39 13.640  3.3   1
     1692  26.935795  102.868579    12.560    -6920.6    -1572.4     6424.0    172.4    151.8     96.6 2023  1  8 21 47 29.700  3.2   1
     1719  26.884204  102.941113     9.568      282.4    -7288.7     3432.0    329.6    204.9    222.3 2023  1  9 16  6 17.470  3.2   1
     1720  26.875981  102.938501    10.545       22.7    -8200.0     4408.7    280.4    245.5    280.2 2023  1  9 16 14 24.770  3.0   1
     1721  26.872491  102.936792     9.428     -147.2    -8586.6     3291.6    365.4    357.3    261.9 2023  1  9 16 39 28.720  3.0   1
     1722  26.873938  102.958822    14.840     2040.7    -8426.2     8703.3    404.0    230.0    223.2 2023  1  9 16 57 16.400  4.2   1
     1727  26.884467  102.959416    10.603     2100.4    -7259.6     4466.7    317.5    259.6    295.9 2023  1  9 19  8 37.980  2.9   1
     1729  26.968976  102.919621     4.325    -1851.9     2104.2    -1811.5    436.8    438.5    466.9 2023  1  9 19 18 43.680  2.5   1
     1730  26.868073  102.944263     8.231      595.3    -9076.2     2095.1    235.8    294.3    342.0 2023  1  9 19 27 32.440  2.9   1
     1731  26.939368  102.880103    11.097    -5776.4    -1176.4     4960.4    553.3    390.1    342.8 2023  1  9 19 36  8.060  2.9   1
     1732  26.880192  102.950285    10.239     1193.2    -7733.3     4102.5    290.3    244.4    233.5 2023  1  9 20 35 17.380  4.9   1
     1733  26.882579  102.944857    10.853      653.6    -7468.9     4716.2    179.2    245.2    227.4 2023  1  9 20 39 20.860  3.4   1
     1734  26.876678  102.942440     8.664      413.9    -8122.7     2527.4    303.5    209.7    242.8 2023  1  9 21 45  5.440  3.0   1
     1737  26.884469  102.942961    10.675      465.5    -7259.6     4538.3    264.6    218.1    124.0 2023  1  9 22  7  4.500  3.6   1
     1738  26.888772  102.947542    11.724      920.9    -6782.6     5587.3    623.8    538.1    310.7 2023  1  9 22 12 25.440  3.7   1
     1748  26.884410  102.943221    10.488      491.6    -7266.1     4351.1    284.2    178.5    267.2 2023  1 10  1 44 54.780  2.7   1
     1770  26.878615  102.921745     8.061    -1641.4    -7908.1     1924.6    572.7    460.1    496.5 2023  1 10  9 51  7.700  3.4   1
     1778  26.869857  102.957935    19.176     1952.9    -8878.6    13039.8    277.3    340.2    266.7 2023  1 10 13 34 23.820  3.4   1
     1779  26.849937  102.924235    11.129    -1394.8   -11085.7     4992.4    410.1    251.4    252.2 2023  1 10 13 36 48.280  3.4   1
     1781  26.826567  102.948315    11.387      997.9   -13675.1     5250.7    234.3    264.4    281.5 2023  1 10 15  7 20.700  2.9   1
     1783  26.857961  102.915462    15.772    -2266.1   -10196.7     9635.3    387.1    426.8    282.3 2023  1 10 15 13 25.930  3.7   1
     1785  26.851040  102.934351    11.831     -389.7   -10963.6     5694.7    501.2    354.7    384.1 2023  1 10 16 19 19.210  2.9   1
     1790  26.969545  102.920695     6.042    -1745.1     2167.4      -94.3    302.4    289.0    267.3 2023  1 10 18 32 50.840  2.7   1
     1805  27.120974  102.812028     7.471   -12526.6    18945.9     1334.9    253.1    111.8    476.1 2023  1 10 22 46 21.860  3.2   1
     1810  26.841437  102.933431    15.850     -481.0   -12027.5     9713.9    830.1    415.6    598.9 2023  1 11  0  7 17.780  3.6   1
     1812  26.950848  102.906315     8.864    -3173.0       95.5     2727.6    661.9    612.2    385.6 2023  1 11  0 36  5.800  2.7   1
     1823  27.110588  102.834904    14.453   -10257.2    17795.1     8316.6    209.7    170.6    155.0 2023  1 11  4 48 26.140  4.3   1
     1846  26.877059  102.933643    11.521     -460.2    -8080.4     5384.4    419.8    434.6    250.5 2023  1 11 12 40 18.140  3.3   1
     1847  27.101524  102.857487    13.236    -8016.7    16790.7     7099.2    323.0    185.6    214.0 2023  1 11 12 47 56.460  2.5   1
     1855  26.883523  102.943506    10.414      519.6    -7364.3     4277.8    277.9    233.9    124.7 2023  1 11 15 39  2.760  3.5   1
     1862  26.890481  102.948633     9.696     1029.0    -6593.3     3559.6    257.4    198.4    205.0 2023  1 11 18 31 49.400  3.0   1
     1868  26.883453  102.961873    20.045     2344.3    -7372.0    13908.6    299.5    375.4    218.5 2023  1 11 20 35 25.940  2.9   1
     1878  27.029590  102.797437    17.837   -13979.8     8820.3    11701.1    363.2    287.1    343.5 2023  1 12  1 42  2.140  3.9   1
     1885  27.114414  102.800985    14.923   -13622.4    18219.2     8787.1    523.9    470.9    443.5 2023  1 12  6 36 45.960  5.0   1
     1898  27.115517  102.815397    13.507   -12192.2    18341.3     7371.0    410.6    306.1    282.7 2023  1 12 11  0 25.500  4.2   1
     1923  27.114622  102.816593    13.605   -12074.0    18242.1     7468.1    268.9    172.0    263.3 2023  1 12 21 27 16.860  4.8   1
     1926  27.103892  102.827450    14.758   -10997.2    17053.1     8621.3    447.4    284.3    312.8 2023  1 12 22 45 29.160  3.7   1
     1928  27.094194  102.872274    13.643    -6549.3    15978.7     7506.7    503.8    273.1    306.5 2023  1 13  0  2  4.850  3.5   1
     1934  27.107436  102.857642    12.222    -8000.8    17446.0     6085.8    513.0    301.3    307.7 2023  1 13  1 42 41.480  3.2   1
     1941  26.827431  102.977710    10.808     3917.8   -13579.3     4671.7    173.6    148.3    264.4 2023  1 13  5 13  5.790  3.6   1
     1947  27.112919  102.821436    13.982   -11593.8    18053.5     7845.9    316.9    236.2    283.5 2023  1 13  9 37 46.380  2.8   1
     1948  27.113230  102.851799    14.315    -8580.7    18087.9     8178.2    420.2    304.0    314.1 2023  1 13  9 48 48.310  3.4   1
     1957  27.114553  102.825033    10.387   -11236.6    18234.4     4250.6    281.9    157.2    194.9 2023  1 13 11 23 47.790  3.1   1
     1961  27.095186  102.888997    14.897    -4889.8    16088.7     8760.2    535.2    469.1    427.2 2023  1 13 12  4 18.040  2.8   1
     1965  27.104081  102.811686    12.673   -12561.5    17074.2     6536.6    305.4    288.9    250.2 2023  1 13 13 55 47.290  3.4   1
     1968  27.095416  102.920736    16.960    -1740.1    16114.2    10823.7   1035.5    694.9    300.5 2023  1 13 14 55 59.380  2.5   1
     1981  27.160266  103.126839     8.504    18707.3    23299.5     2367.3    308.7    273.7    688.8 2023  1 13 18 35 34.340  3.6   1
     1983  27.102391  102.865096    13.126    -7261.5    16886.9     6989.5    392.4    217.2    244.6 2023  1 13 18 44 10.720  3.2   1
     1986  27.094869  102.954289     6.704     1589.0    16053.5      568.0    154.0    101.2    188.4 2023  1 13 20 24 47.360  2.4   1
     1987  27.121558  102.805664     9.322   -13158.3    19010.6     3185.2    247.8    115.7    321.2 2023  1 13 20 28 56.680  3.1   1
     1999  26.783773  102.976196    13.728     3768.1   -18416.7     7591.4    112.7    165.0    227.1 2023  1 14  2  9 10.410  3.6   1
     2002  26.786540  102.979028    14.921     4049.8   -18110.3     8785.1    151.4    160.7    246.5 2023  1 14  2 13 49.160  3.6   1
     2014  26.882324  102.923901     9.016    -1427.8    -7497.0     2879.8    199.1    182.5    141.5 2023  1 14  8 57 20.990  2.8   1
     2031  26.859764  102.895467    11.882    -4252.7    -9996.8     5745.1    605.1    466.5    469.8 2023  1 14 14 35  3.700  3.0   1
     2044  26.940314  102.905282     6.321    -3276.3    -1071.6      185.1    396.8    293.5    213.0 2023  1 14 16 43 43.950  2.8   1
     2057  26.955149  102.915316     7.696    -2279.7      572.1     1559.1    464.0    316.0    328.8 2023  1 14 21 31 33.240  2.7   1
     2063  27.105190  102.824373    10.873   -11302.7    17197.0     4736.7    152.4    112.7    136.2 2023  1 14 23 36 57.880  3.7   1
     2077  27.067839  103.140535    11.347    20073.9    13058.4     5210.6     43.9     33.7     68.9 2023  1 15  3  5 26.790  3.6   1
     2105  26.748175  102.752824     2.033   -18431.4   -22361.1    -4103.3    154.3    251.0    305.2 2023  1 15 13 25 48.110  1.9   1
     2119  27.109058  102.831934    13.669   -10552.2    17625.6     7532.4    173.0    167.8    125.9 2023  1 15 17 11  5.080  3.8   1
     2149  26.895280  103.122103     7.450    18258.3    -6061.6     1313.6    158.8    188.3    183.2 2023  1 15 23 45 28.480  3.5   1
     2153  26.841262  102.953158    13.131     1478.4   -12046.9     6994.5    254.4    209.3    167.5 2023  1 16  2 13 26.450  3.6   1
     2173  26.858081  102.952409    11.175     1403.8   -10183.4     5038.3    350.3    274.6    293.5 2023  1 16  8 53 26.520  3.6   1
     2175  26.847325  102.971541    14.380     3305.3   -11375.0     8243.9    270.8    239.8    267.0 2023  1 16  8 58 50.730  3.3   1
     2180  26.842373  102.934513     5.763     -373.2   -11923.8     -373.7    546.5    372.8    870.8 2023  1 16 10 14 47.540  2.7   1
     2195  26.839744  102.978833    13.073     4029.3   -12215.0     6936.5    366.3    284.1    286.9 2023  1 16 16  3 18.920  3.4   1
     2198  26.974007  102.921313     7.951    -1683.6     2661.5     1814.6    228.5    161.5    185.9 2023  1 16 16 16 44.450  3.2   1
     2199  26.970280  102.941300     8.679      300.5     2248.6     2542.7    251.8    299.1    291.3 2023  1 16 16 20  5.830  3.0   1
     2219  26.976630  102.815715     6.580   -12168.7     2952.3      443.2    508.9    645.2    567.0 2023  1 16 21  1 28.460  2.8   1
     2269  27.119261  102.859497     4.288    -7816.5    18756.1    -1848.3    694.7    348.7    675.9 2023  1 17 12 55 13.130  3.6   1
     2281  27.065440  103.043058    11.288    10400.1    12792.7     5151.2    195.2    132.3    193.9 2023  1 17 15 29  9.270  3.3   1
     2293  26.826082  102.969466     8.265     3099.0   -13728.8     2128.3     56.6     31.1     47.1 2023  1 17 18 26 33.720  2.6   1
     2348  26.998747  102.876221     6.136    -6160.1     5402.7       -0.1     19.9     10.0      8.6 2023  1 18  7 22 51.730  3.2   1
     2402  26.881114  103.127694     7.075    18814.6    -7631.2      938.7    159.4    198.8    174.2 2023  1 19  3 45  0.380  2.3   1
     2409  26.952183  102.990633     6.657     5199.6      243.5      521.0     72.3    107.5     66.9 2023  1 19  5 13 45.370  2.7   1
     2443  26.573877  103.042253    13.131    10342.4   -41673.8     6995.5    333.2    162.0    164.1 2023  1 19 18 37 36.240  3.7   1
     2447  26.858665  102.946387    11.777      805.6   -10118.7     5640.9    281.9    255.8    183.8 2023  1 19 22  6 22.960  3.6   1
     2453  26.932068  102.678019    12.216   -25844.9    -1985.4     6079.8     73.6     89.4     88.4 2023  1 19 23 53 15.560  1.7   1
     2463  26.984062  102.815080    13.772   -12230.8     3775.6     7635.1    445.2    504.7    300.2 2023  1 20  8 24  0.370  3.4   1
     2473  26.996086  102.813110     6.749   -12426.0     5108.1      612.6    514.4    701.8    572.8 2023  1 20 16 10 14.250  2.5   1
     2480  26.914419  102.922371    12.467    -1579.4    -3941.0     6330.8    269.8    213.9    223.5 2023  1 20 16 55 36.370  2.9   1
     2487  26.978510  102.899967    20.769    -3803.4     3160.5    14633.0    117.3     71.9     59.7 2023  1 20 18 16 42.820  3.0   1
     2490  27.114764  102.815438    14.386   -12188.5    18258.0     8249.6    304.4    194.3    266.9 2023  1 20 19  7 17.640  3.4   1
     2499  26.733840  102.897925    13.802    -4010.0   -23949.6     7665.5     33.2     58.7     57.9 2023  1 20 20 43 15.000  1.3   1
     2537  26.978408  102.799593    14.832   -13769.1     3149.2     8695.7    302.4    164.2    315.1 2023  1 21 19 43 34.100  3.3   1
     2543  26.982471  102.847314    14.892    -9031.1     3599.4     8756.0    612.5    355.4    311.6 2023  1 21 23 20 39.120  2.4   1
     2595  26.922953  102.924845    11.345    -1333.5    -2995.2     5208.5    263.8    212.3    228.2 2023  1 22 20 25 59.880  2.7   1
     2608  27.124382  102.787817    10.382   -14928.3    19323.5     4245.3    191.6     65.6    172.4 2023  1 22 23 57 49.340  3.1   1
     2630  27.060901  103.130680     9.980    19096.4    12289.7     3843.6     45.8     33.5    116.7 2023  1 23 13 50 46.020  3.2   1
     2654  27.103548  102.850391    14.992    -8720.8    17015.1     8855.8    362.9    187.5    306.1 2023  1 23 21 54 10.300  4.3   1
     2674  27.113041  102.810653    11.555   -12663.3    18066.9     5419.0    339.2    357.8    371.1 2023  1 24  5 27  3.620  3.5   1
     2697  26.990212  102.880892     8.779    -5696.7     4457.1     2642.3    493.3    184.5    483.2 2023  1 24 16 18 14.540  3.7   1
     2700  26.975149  102.925130     8.984    -1305.0     2788.1     2847.3    199.4    200.2    204.8 2023  1 24 17  6 42.280  4.3   1
     2703  26.843697  102.929338    13.964     -887.5   -11777.1     7827.2    277.5    151.6    215.8 2023  1 24 18 28 40.720  5.3   1
     2705  26.844189  102.935352    10.129     -290.1   -11722.6     3992.7    150.3    159.0    213.9 2023  1 24 18 39  8.100  3.5   1
     2706  26.843193  102.938680    13.390       40.5   -11833.1     7254.1    261.5    128.9    215.2 2023  1 24 19  2 19.360  4.5   1
     2720  26.493483  102.979704    10.819     4122.1   -50581.7     4682.6    106.8    119.2    166.8 2023  1 24 23 44 49.420  3.2   1
     2729  26.866148  102.915617    14.596    -2250.5    -9289.4     8459.6    361.8    329.1    251.9 2023  1 25  2 54 46.450  3.1   1
     2748  26.968984  102.915747     8.433    -2236.8     2105.0     2296.7    176.4    149.4    121.1 2023  1 25 12 51 58.640  3.5   1
     2751  26.976101  102.922917     9.020    -1524.5     2893.6     2883.1    231.1    211.2    136.6 2023  1 25 14  8 38.810  3.4   1
     2754  26.503107  102.994784    11.161     5622.0   -49515.5     5024.9    120.6    126.2    163.1 2023  1 25 14 54 48.050  3.8   1
     2756  26.945750  102.919556     6.581    -1858.5     -469.3      445.0    664.8    423.9    461.8 2023  1 25 15 29  8.450  3.3   1
     2790  26.721950  103.008244    11.568     6954.8   -25267.0     5432.1    137.8    124.3    129.2 2023  1 25 22 18 21.720  4.1   1
     2804  26.734548  102.898120    13.729    -3991.1   -23871.0     7593.0     33.5     58.9     58.4 2023  1 25 23 33 14.880  3.5   1
     2812  26.992987  102.863656     7.749    -7407.8     4764.6     1612.4    208.9    169.8    291.1 2023  1 26  1 32 51.440  2.8   1
     2823  26.979059  102.907422    19.782    -3063.2     3221.3    13645.6     56.0    105.3    132.9 2023  1 26  8 13 13.850  1.8   1
     2826  26.991103  102.822225    14.862   -11521.2     4556.0     8726.1    424.9    454.3    267.3 2023  1 26  8 57 51.390  3.5   1
     2851  26.952016  102.932186     9.745     -604.7      224.9     3608.7    636.3    706.9    434.4 2023  1 26 20 34 54.440  2.6   1
     2868  26.860321  102.931698    11.604     -653.0    -9935.0     5467.3    573.4    482.7    264.8 2023  1 27  3  4  5.290  3.2   1
     2876  26.862962  102.974536    13.119     3602.2    -9642.5     6982.7    396.4    256.5    277.3 2023  1 27  6 13 52.750  3.3   1
     2877  26.686656  103.000008    13.796     6137.3   -29177.7     7659.6    221.1     64.1    134.1 2023  1 27  6 25 49.430  3.5   1
     2889  26.988129  102.834229    13.348   -10329.4     4226.3     7211.3    282.9    109.5    104.0 2023  1 27 10 58 34.340  3.6   1
     2895  26.979985  102.902319     9.311    -3569.8     3324.0     3174.5    640.2   1415.5    407.2 2023  1 27 12  9 22.740  3.3   1
     2898  26.974943  102.929948     9.024     -826.3     2765.4     2887.2    193.2    238.2    155.1 2023  1 27 13 50 19.660  3.3   1
     2904  26.993264  102.831079    13.722   -10642.5     4795.3     7585.5    275.5    135.0    101.3 2023  1 27 15 33 31.920  3.2   1
     2917  27.052096  102.754069     4.395   -18282.9    11314.1    -1741.0     29.5     56.8     38.6 2023  1 27 18 35 17.800  1.3   1
     2922  27.113047  102.849349     8.448    -8823.4    18067.6     2311.8    260.6    158.9    229.0 2023  1 27 20 21  5.380  3.1   1
     2929  27.032625  102.763257    13.974   -17372.6     9156.7     7837.4    315.2    296.8    309.7 2023  1 27 23 50 57.520  3.2   1
     2936  26.825938  102.968644    14.565     3017.8   -13744.9     8428.5    213.2    229.8    189.6 2023  1 28  2  0 52.420  3.3   1
     2956  26.878583  102.869751    10.474    -6805.9    -7911.6     4338.0    475.8    526.5    351.9 2023  1 28 10 40 14.790  2.7   1
     2958  26.975999  102.793840    15.538   -14340.7     2882.4     9401.7    260.3    163.2    413.1 2023  1 28 11 46 10.310  3.4   1
     2964  26.923686  102.900350     6.429    -3765.8    -2914.2      292.8    232.0    185.2    164.8 2023  1 28 12 13 23.580  3.3   1
     2982  26.932446  102.892269    10.140    -4568.2    -1943.4     4003.9    359.3    326.6    150.1 2023  1 28 19 57 32.200  3.4   1
     2983  26.828121  102.975838     8.245     3732.1   -13502.9     2108.5     59.3     31.9     47.8 2023  1 28 20  3 15.040  1.2   1
     3022  26.717643  103.023706    11.350     8492.3   -25744.2     5214.0    125.9    123.8    132.5 2023  1 29 13 41  6.720  3.2   1
     3026  27.018854  102.791870    18.252   -14533.1     7630.8    12115.4    372.1    355.0    357.0 2023  1 29 16 21 19.480  3.0   1
     3042  27.115863  102.752563     7.388   -18427.4    18379.7     1252.0   1528.5    849.4   1019.3 2023  1 29 20 41  5.560  1.4   1
     3047  26.860527  102.948771     8.417     1042.6    -9912.2     2280.3    286.9    284.3    310.8 2023  1 29 22 51 44.600  3.2   1
     3070  27.155430  103.131706     7.176    19190.2    22763.7     1040.0    306.2    268.7    689.2 2023  1 30 11  6 47.380  3.9   1
     3073  26.836700  102.942122     9.901      382.3   -12552.4     3764.4    154.0    179.4    217.8 2023  1 30 12  1 48.770  3.0   1
     3077  26.857379  102.947705    14.923      936.6   -10261.1     8786.2    523.5    350.7    284.3 2023  1 30 12 26 51.580  3.5   1
     3095  26.950795  102.832259    14.618   -10526.9       89.8     8481.3    259.1    197.9    151.0 2023  1 30 21 27  4.160  3.8   1
     3101  26.867782  102.952873     8.315     1450.3    -9108.5     2178.1     73.7    104.5     89.4 2023  1 30 23 34 55.420  2.2   1
     3136  26.624524  103.009220    12.208     7054.8   -36062.1     6071.2    207.3    112.1    176.7 2023  1 31 16 27 59.290  3.8   1
     3140  26.883370  102.923454     8.421    -1472.1    -7381.2     2285.1    202.9    198.8    181.9 2023  1 31 17  3 23.640  3.8   1
     3153  26.928764  102.909798     8.459    -2828.2    -2351.5     2322.5    209.0    144.2    233.8 2023  1 31 20 31 50.780  2.5   1
     3156  26.957924  102.914022     9.950    -2408.4      879.6     3813.8    362.9    429.6    247.3 2023  1 31 21 28 23.660  2.7   1
     3161  26.930483  102.913436     7.720    -2466.4    -2160.9     1583.8    221.3    177.4    271.0 2023  1 31 22 23 52.560  2.7   1
     3178  26.948842  102.893929     7.687    -4403.7     -126.6     1550.4    394.1    388.6    324.1 2023  2  1  8 53 40.230  3.3   1
     3205  26.995036  102.860409     5.929    -7730.7     4991.7     -207.1     14.0     10.4      9.0 2023  2  1 21 43 10.840  1.7   1
     3256  27.105227  102.763192     6.748   -17373.9    17201.1      611.5   1240.9    872.4    989.3 2023  2  2 18 28 39.720  2.2   1
     3269  26.831816  102.949430     6.391     1108.4   -13093.5      254.6    399.4    235.9    427.5 2023  2  2 21 52 48.160  2.3   1
     3291  27.106152  102.842594     8.673    -9494.6    17303.7     2536.7    196.5    132.1    184.6 2023  2  3  9 59 32.770  3.5   1
     3336  27.164421  103.131836    11.699    19202.7    23759.9     5562.8    191.0    214.0    273.0 2023  2  4 10 29 17.550  4.6   1
     3365  26.951992  102.940511     8.953      222.0      222.2     2816.7    445.9    502.0    415.0 2023  2  4 19 34  7.760  2.5   1
     3366  26.984397  102.896810    20.008    -4116.8     3812.9    13871.8    172.9     43.0    101.5 2023  2  4 20  3 14.540  1.6   1
     3367  26.850970  102.946444    13.745      811.7   -10971.1     7608.4    270.3    216.9    172.2 2023  2  4 20  7 36.480  2.5   1
     3368  26.733883  103.088517    11.029    14933.4   -23944.9     4892.5     81.4     73.1    159.1 2023  2  4 20 33 16.400 -0.2   1
     3373  26.983738  102.917342     5.965    -2078.4     3739.9     -170.9    463.9    443.3    491.1 2023  2  4 21 12 48.680  2.8   1
     3392  26.493803  102.992627     9.451     5407.7   -50546.3     3314.3     91.7    133.6    115.3 2023  2  5 11 56 54.050  3.3   1
     3395  26.977391  102.758952    12.101   -17804.6     3036.5     5964.6     98.6    117.0     60.6 2023  2  5 12 41 57.150  3.3   1
     3419  26.967796  102.919670     9.550    -1847.1     1973.4     3413.2    204.7    225.3    143.8 2023  2  6  1 12 27.600  4.9   1
     3421  26.988298  102.944824     5.256      650.2     4245.1     -880.8    468.5    419.7    434.1 2023  2  6  1 43 57.790  3.2   1
     3434  26.969366  102.916227    10.120    -2188.9     2147.5     3983.5    259.3    240.0    211.7 2023  2  6  8 30 31.150  4.5   1
     3470  27.127470  102.878906     6.371    -5890.5    19665.8      234.9    123.8     86.7    167.2 2023  2  6 22 10  4.780  2.6   1
     3497  26.577997  103.057194    11.536    11828.3   -41217.3     5399.4    119.8    112.8    130.5 2023  2  7 12 22 33.570  3.9   1
     3498  26.582133  103.048136     9.873    10926.5   -40759.0     3736.7    240.4    167.8    249.5 2023  2  7 12 27 52.750  3.8   1
     3499  26.570709  103.056730    11.525    11782.0   -42024.8     5388.8    167.5    119.6    151.0 2023  2  7 12 51 49.860  3.6   1
     3505  27.023956  102.796574    17.057   -14066.1     8196.2    10921.0    372.8    298.9    338.7 2023  2  7 14  0  9.910  3.1   1
     3506  26.976567  102.933390     5.585     -484.6     2945.1     -551.1    384.4    452.5    378.0 2023  2  7 14 24 46.020  2.7   1
     3517  26.739193  102.744718     2.970   -19237.2   -23356.5    -3166.1    149.2    285.3    205.5 2023  2  7 18  6 57.520  1.4   1
     3521  26.573877  103.052596    12.068    11371.0   -41673.8     5931.4    168.1     94.7    113.6 2023  2  7 18 46 48.700  4.0   1
     3533  27.103534  102.853149    13.967    -8447.0    17013.6     7830.9    270.1    183.7    188.2 2023  2  7 22 51 25.800  4.0   1
     3584  26.836450  102.939966    17.229      168.1   -12580.0    11092.9   1254.8   1184.3    758.3 2023  2  9  5 18 18.600  3.7   1
     3597  26.944033  102.930737    10.605     -748.6     -659.5     4468.9    650.8    716.7    426.7 2023  2  9 13 58 42.220  2.9   1
     3603  26.927246  102.919792     8.784    -1835.4    -2519.6     2647.6    305.3    218.2    182.6 2023  2  9 17 12 51.860  1.9   1
     3641  26.816960  102.962394    13.737     2396.7   -14739.5     7600.7    400.4    505.0    381.5 2023  2 10  3 51 17.800  3.1   1
     3643  26.868551  102.939486     5.851      120.3    -9023.3     -285.5    221.8    206.7    491.6 2023  2 10  4 12 31.530  3.3   1
     3658  27.027932  102.763932    12.149   -17306.0     8636.5     6012.6    336.0    459.2    371.8 2023  2 10 11 42 25.830  3.6   1
     3661  26.963029  102.921867     7.473    -1629.2     1445.2     1337.1    327.1    227.8    219.1 2023  2 10 13 44 34.240  3.2   1
     3668  26.920730  102.859798     8.964    -7793.6    -3241.6     2827.6      5.4      5.1      4.9 2023  2 10 15 49  8.740  1.8   1
     3677  26.976066  102.759888    13.523   -17711.8     2889.7     7386.5    101.5    118.4     55.4 2023  2 10 18 13 48.420  2.2   1
     3679  26.820988  102.963940    11.546     2550.1   -14293.3     5409.1    302.2    344.9    321.9 2023  2 10 18 51 51.000  2.9   1
     3681  26.819149  102.962980    15.924     2454.9   -14497.2     9788.0    520.0    482.1    456.5 2023  2 10 18 59 17.160  3.7   1
     3682  26.853092  103.010189    14.863     7144.1   -10736.1     8726.3    266.4    317.5    303.7 2023  2 10 20  1 54.320  2.5   1
     3689  26.807865  102.980111    14.573     4156.7   -15747.2     8436.4    551.7    583.5    348.0 2023  2 10 21 25 36.460  3.2   1
     3694  26.840267  102.960042    16.332     2162.7   -12157.2    10195.8    692.2    610.8    432.1 2023  2 10 22 52 55.800  3.0   1
     3696  26.818768  102.955249    12.223     1687.0   -14539.2     6086.3    222.7    185.4    214.3 2023  2 10 23 21 27.120  3.0   1
     3697  27.001705  102.805550     5.208   -13176.0     5730.6     -928.1    199.1    351.0    295.7 2023  2 10 23 27 25.760  2.8   1
     3703  26.924788  102.893848     9.310    -4411.6    -2791.9     3173.3    344.7    273.9    165.8 2023  2 11  0 34 33.290  3.9   1
     3721  27.126760  102.854020    11.366    -8359.7    19587.0     5229.7    172.6    132.1    213.1 2023  2 11  8 41  3.690  2.8   1
     3744  26.870215  102.939648     6.214      136.6    -8838.8       77.9    223.1    213.1    360.8 2023  2 11 15  5 42.430  2.9   1
     3748  26.796657  102.964062     8.879     2562.7   -16989.2     2742.8    209.6    321.9    534.0 2023  2 11 16 32 54.340  2.5   1
     3786  27.172225  102.836060     6.541   -10139.4    24624.6      404.3    163.9    103.5    169.2 2023  2 12  3 32 54.620  4.6   1
     3787  27.004502  102.800513     4.297   -13676.4     6040.6    -1839.7    170.1    236.2    317.1 2023  2 12  3 34  5.200  4.2   1
     3788  26.846503  102.953402    13.031     1503.0   -11466.1     6894.6    314.3    378.7    294.0 2023  2 12  3 36 55.170  3.0   1
     3802  27.100256  102.828776    12.353   -10865.9    16650.4     6216.2    474.2    240.6    603.2 2023  2 12  7  2 15.470  3.4   1
     3830  26.874664  102.934163    15.599     -408.4    -8345.9     9462.8    288.0    263.2    159.6 2023  2 12 15 24 31.290  3.6   1
     3868  26.869950  102.926090    12.179    -1210.3    -8868.1     6042.2    327.9    328.1    258.8 2023  2 13  3 57 56.990  3.5   1
     3886  26.494161  102.979801     9.265     4131.8   -50506.7     3128.8     73.7    135.2    119.8 2023  2 13 11 20 53.140  3.7   1
     3936  27.087034  102.892171    17.673    -4575.2    15185.4    11536.5   1029.9    709.3    307.0 2023  2 14 14 12 31.560  2.6   1
     3943  26.881228  102.968123    13.789     2964.9    -7618.7     7652.4    404.0    211.0    366.7 2023  2 14 21 11 56.760  3.0   1
     3948  27.113733  102.817977    13.849   -11936.9    18143.6     7712.4    446.3    341.0    295.1 2023  2 14 23  2 21.120  3.0   1
     3970  27.113558  102.814811     9.370   -12250.7    18124.2     3233.9    371.0    296.9    289.6 2023  2 15 11 38  6.520  3.0   1
     3973  26.966038  102.905632     8.051    -3240.7     1778.7     1914.9    370.2    407.0    276.6 2023  2 15 14 54  0.720  2.3   1
     3976  27.107853  102.839396     8.134    -9812.0    17492.1     1997.8    138.9    118.7    153.2 2023  2 15 15 17 29.780  2.8   1
     3977  26.851359  102.964152    12.518     2571.2   -10928.1     6381.4    535.6    460.8    605.7 2023  2 15 16  9 19.260  4.2   1
     3978  27.107941  102.845133     8.633    -9242.3    17501.9     2496.5    218.6    151.2    229.2 2023  2 15 16 28  5.090  2.4   1
     3983  26.838190  102.968433    16.437     2996.5   -12387.2    10300.8    265.2    297.3    285.2 2023  2 15 20 50 46.760  2.9   1
     4005  27.137504  102.858919     6.694    -7873.5    20777.5      557.9    563.5    368.9    669.6 2023  2 16 15 51 51.340  2.9   1
     4058  26.829234  102.965112    13.528     2666.4   -13379.6     7392.1    213.8    231.9    236.1 2023  2 17 23  0 31.120  3.8   1
     4084  26.852559  103.004175    12.575     6546.4   -10795.2     6438.9    609.2    674.8    689.3 2023  2 18 11 25  4.350  3.4   1
     4191  27.124186  102.832642    12.971   -10481.1    19301.9     6835.1    379.1    509.6    351.4 2023  2 21 10 20 53.620  4.4   1
     4208  27.102981  102.855444    14.621    -8219.6    16952.3     8484.4    436.2    299.7    305.2 2023  2 21 17 57 10.720  4.4   1
     4224  26.915623  102.907389     6.558    -3067.6    -3807.5      421.5    224.9    188.4    192.0 2023  2 21 23 18 40.080  4.2   1
     4226  27.121291  102.854785     7.248    -8283.7    18981.1     1112.0    370.5    226.2    466.8 2023  2 21 23 53 52.720  4.6   1
     4230  26.918420  102.834172     9.982   -10338.6    -3497.6     3845.7   1025.5    437.9    692.1 2023  2 22  4 37  4.290  3.5   1
     4237  26.662152  103.002018    13.671     6337.6   -31892.7     7534.7    438.3    445.4    154.1 2023  2 22  7 42  7.120  3.2   1
     4255  27.119592  102.872453    14.234    -6531.2    18792.9     8097.7    295.3    139.0    153.9 2023  2 22 15 42 47.490  5.8   1
     4257  27.116935  102.845451     8.384    -9210.2    18498.4     2248.1    223.0    158.4    233.4 2023  2 22 16 22 50.940  3.6   1
     4268  26.883779  102.919808    12.465    -1833.8    -7336.0     6328.6     91.7     99.8    110.3 2023  2 22 19 47 48.020  2.6   1
     4273  27.209650  102.813916    11.113   -12334.2    28771.5     4976.4    373.0    225.4    356.7 2023  2 22 23 31 42.920  3.7   1
     4289  26.821346  102.889087    10.364    -4887.0   -14253.6     4227.7     52.4     34.1     46.3 2023  2 23 11 33 42.170  3.2   1
     4315  26.964451  102.890601     8.039    -4733.5     1602.8     1902.5    338.6    226.6    350.0 2023  2 24  5 13 31.620  3.6   1
     4349  27.205896  102.799284    10.171   -13785.9    28355.5     4034.1    107.2     89.0    139.0 2023  2 25  5 47 20.360  3.6   1
     4359  26.922028  102.920988     7.172    -1716.9    -3097.7     1035.7    347.8    222.5    273.6 2023  2 25 10  3 21.110  2.7   1
     4383  27.127722  102.890820     7.352    -4708.2    19693.7     1215.1    127.0     85.8    158.4 2023  2 25 16 42 41.760  3.2   1
     4386  26.853660  102.954248     9.813     1586.8   -10673.2     3676.6    262.1    222.0    314.1 2023  2 25 17 28  3.480  3.4   1
     4419  27.212917  102.790837    11.173   -14623.3    29133.5     5036.4    106.0     95.9    129.7 2023  2 26  2 50 36.150  4.6   1
     4445  26.849567  102.972567     8.412     3406.9   -11126.7     2275.9    214.0    172.2    293.4 2023  2 26 16 17  1.720  2.8   1
     4464  26.921228  102.923079     7.852    -1509.0    -3186.5     1715.3    204.8    181.4    160.5 2023  2 27  1 33 45.570  4.1   1
     4471  26.864394  102.947746    13.588      940.6    -9483.8     7451.7    241.7    218.8    261.2 2023  2 27  5 56 53.330  3.4   1
     4478  27.133657  102.849723     9.799    -8785.7    20351.3     3663.0    276.7    240.7    234.5 2023  2 27 11 59 33.760  4.3   1
     4491  26.827629  102.967985    10.144     2952.3   -13557.5     4007.8    192.4    143.2    272.9 2023  2 27 20 25 38.820  3.6   1
     4510  26.783744  102.971696    12.042     3321.6   -18420.1     5905.2    345.8    244.7    285.2 2023  2 28 10 34 50.940  3.1   1
     4517  26.876664  102.919881    15.202    -1826.7    -8124.1     9065.7    342.5    252.7    275.1 2023  2 28 15 11  5.610  3.4   1
     4529  26.868270  102.904411    11.620    -3363.3    -9054.3     5483.8    603.2    443.1    465.8 2023  2 28 21 24  5.320  3.2   1
     4530  26.626005  103.013338    12.172     7464.5   -35897.9     6035.6    200.7    112.1    177.9 2023  2 28 21 42 45.880  3.9   1
     4540  26.938031  102.765845     7.040   -17123.2    -1324.6      903.2    610.8   1045.6   1042.4 2023  3  1  5 57 41.830  3.5   1
     4549  26.841402  102.972632     7.364     3413.5   -12031.5     1228.0    502.8    237.6    471.4 2023  3  1 11 36  8.330  4.1   1
     4550  26.902142  102.921248    17.113    -1690.8    -5301.1    10976.4     78.6    112.1    140.6 2023  3  1 11 42 30.150  3.5   1
     4551  26.861676  102.944124    11.651      581.2    -9785.0     5515.1    222.7    223.9    165.6 2023  3  1 11 57 26.400  3.6   1
     4560  26.841984  102.972534     7.136     3404.0   -11967.0      999.5    237.3    216.3    298.9 2023  3  1 16 21 48.300  2.7   1
     4565  26.851223  102.960905    12.793     2248.6   -10943.2     6656.5    314.2    280.3    208.7 2023  3  1 21 29 18.360  3.0   1
     4591  27.003975  102.793717     5.732   -14351.0     5982.1     -403.9    224.1    300.2    743.8 2023  3  2 16 50 48.560  4.2   1
     4596  26.860522  102.957340    13.913     1894.3    -9912.8     7776.8    296.9    177.3    190.2 2023  3  2 22 25 24.180  5.2   1
     4597  26.854840  103.025675     6.984     8682.8   -10542.5      848.1    119.3    108.7    290.7 2023  3  2 22 32 59.520  2.6   1
     4599  26.850553  102.974471     7.928     3595.7   -11017.4     1792.7    171.5    149.5    218.1 2023  3  2 22 48 55.160  3.7   1
     4601  26.840845  102.925977    14.278    -1221.6   -12093.1     8141.9    252.3    189.8    237.7 2023  3  3  1 24  8.360  3.3   1
     4611  26.790540  102.991789    12.084     5317.8   -17667.0     5947.5    427.9    292.6    474.6 2023  3  3 13 47 48.060  3.9   1
     4615  26.827118  102.960490    11.649     2207.1   -13614.1     5513.1    268.4    264.8    239.0 2023  3  3 18 35 13.960  2.7   1
     4620  26.947860  103.001888     5.802     6317.2     -235.6     -334.0     68.5    105.0     84.7 2023  3  4  4  7 31.650  3.8   1
     4629  26.856002  102.943506     8.764      519.8   -10413.8     2627.8    460.8    406.4    326.8 2023  3  4 14 18 51.790  2.9   1
     4641  27.179266  102.847827     7.792    -8972.4    25404.8     1655.2    162.1    100.8    164.2 2023  3  4 20 26 14.320  3.4   1
     4646  27.112795  102.856429     8.311    -8121.2    18039.6     2174.3    305.9    131.4    219.9 2023  3  4 22 34 25.720  3.0   1
     4647  27.215222  102.816650    12.510   -12063.1    29388.9     6373.3    377.5    227.0    339.7 2023  3  4 22 58 19.380  3.1   1
     4648  27.130813  102.790592     9.984   -14652.5    20036.1     3847.2    189.1     93.2    171.5 2023  3  5  0  8  8.700  3.6   1
     4651  26.858339  102.941618     8.548      332.1   -10154.7     2411.6     86.5    102.5     85.9 2023  3  5  8 40 14.220  2.9   1
     4659  26.856681  102.952865    11.501     1449.3   -10338.4     5364.8    185.8    174.1    189.8 2023  3  5 15 55  1.790  3.5   1
     4673  26.863255  102.958000    12.459     1959.9    -9610.1     6322.4    165.1    177.8    126.0 2023  3  6  3 24 59.860  3.1   1
     4680  27.127806  102.816846    14.307   -12048.2    19703.0     8170.2    463.9    326.0    426.6 2023  3  6  7 11 16.110  4.4   1
     4682  27.129555  102.854451    10.048    -8317.2    19896.7     3911.3    172.5    124.4    238.8 2023  3  6  7 43  0.390  2.5   1
     4685  27.122516  102.864722     9.945    -7298.4    19116.8     3808.1    170.0    140.6    274.7 2023  3  6 11 41 37.020  4.0   1
     4686  27.124799  102.867830     7.549    -6989.7    19369.7     1412.4    379.4    270.4    480.9 2023  3  6 14 35 50.270  3.5   1
     4699  26.846838  102.949048    14.118     1070.1   -11429.0     7981.4    428.8    325.4    491.7 2023  3  6 20 48 46.520  6.1   1
     4702  26.841142  102.988745     8.261     5014.1   -12060.1     2124.8    285.4    191.9    332.2 2023  3  6 21  4 33.560  2.8   1
     4706  26.856437  102.911019     7.796    -2707.2   -10365.5     1659.2     60.5     23.4     45.9 2023  3  6 21 45 18.720  2.7   1
     4709  26.839339  102.986662    11.565     4807.5   -12260.0     5428.7    543.6    422.5    374.7 2023  3  6 21 58  3.300  3.2   1
     4710  26.859808  102.944491    10.735      617.6    -9992.0     4598.5    260.0    257.2    261.2 2023  3  6 22 22 54.720  3.4   1
     4713  26.826070  102.949105    15.873     1076.1   -13730.2     9736.3    646.1    456.3    493.0 2023  3  6 23 10 34.880  3.3   1
     4714  26.841567  102.977165     7.648     3863.8   -12013.1     1511.4    293.9    303.9    425.7 2023  3  6 23 14 54.440  2.9   1
     4716  26.863064  102.958960    11.959     2054.9    -9631.1     5822.5    155.1    151.7    144.3 2023  3  6 23 32 30.960  2.8   1
     4718  26.841711  102.992773     7.370     5414.2   -11997.0     1234.0    203.3    214.9    247.7 2023  3  6 23 47  1.200  2.9   1
     4719  26.860667  102.965365    14.153     2691.3    -9896.7     8016.9    182.2    141.3    162.8 2023  3  6 23 51 24.000  3.8   1
     4720  26.850791  102.926807    15.268    -1139.0   -10991.0     9132.1    795.3    567.0    526.3 2023  3  7  0 14 25.750  3.6   1
     4727  26.855778  102.966007    12.426     2755.2   -10438.4     6289.1    265.9    267.9    216.7 2023  3  7  1 31 58.920  3.6   1
     4728  26.845463  102.958154    11.632     1975.2   -11581.3     5495.9    289.6    266.9    236.9 2023  3  7  2 24 32.150  4.1   1
     4730  26.849577  102.946842     7.885      851.1   -11125.6     1748.4    198.3    165.2    217.7 2023  3  7  3 21 32.720  3.4   1
     4731  26.856240  102.995044    13.837     5639.7   -10387.4     7700.2    353.2    516.9    448.2 2023  3  7  3 41 30.630  4.1   1
     4732  26.844879  102.981209     7.739     4265.9   -11646.0     1602.9    292.7    193.8    295.6 2023  3  7  4  7 50.350  3.1   1
     4733  27.147268  103.122323    11.158    18259.9    21859.3     5021.4    194.6    307.8    251.1 2023  3  7  4 18 49.650  3.6   1
     4734  26.868518  102.930615    11.289     -760.3    -9026.7     5152.8    666.3    509.8    507.7 2023  3  7  4 37  7.440  3.5   1
     4738  27.034550  102.767025    13.632   -16998.7     9369.9     7495.4    311.6    294.0    317.2 2023  3  7  5 32 22.230  4.8   1
     4739  26.858175  102.976115     9.708     3759.0   -10172.9     3571.8    282.2    284.9    232.6 2023  3  7  5 48 34.360  3.6   1
     4741  26.858392  102.963322    13.757     2488.7   -10148.9     7620.2    226.0    188.2    109.1 2023  3  7  7  3 58.910  4.4   1
     4743  26.842767  102.970825     9.620     3233.6   -11880.1     3483.2    497.2    446.1    535.2 2023  3  7  8  4 49.490  3.3   1
     4744  26.856871  102.941870    13.026      357.3   -10317.4     6889.6    307.8    287.4    229.4 2023  3  7  8 29 47.790  3.6   1
     4745  26.849715  102.960514     7.268     2209.7   -11110.3     1131.3    282.9    215.8    293.0 2023  3  7  9  0 10.610  3.3   1
     4746  27.104464  102.946729     6.619      838.7    17116.5      482.2    126.6     96.2    187.5 2023  3  7  9 21 49.230  3.0   1
     4753  26.848193  102.941569    13.960      327.3   -11278.8     7823.4    274.4    141.4    185.5 2023  3  7 14  7 58.450  3.7   1
     4754  26.856340  102.926270    10.602    -1192.3   -10376.3     4465.7    483.2    364.8    346.0 2023  3  7 14 12 42.270  4.2   1
     4755  26.854034  102.950098    11.301     1174.4   -10631.7     5164.4    275.3    173.1    226.6 2023  3  7 14 38 37.150  4.4   1
     4756  26.844375  102.972013    13.482     3352.0   -11701.9     7345.8    341.5    378.1    276.1 2023  3  7 14 40 28.990  5.1   1
     4757  26.842731  102.950382     8.084     1203.1   -11884.0     1947.2    432.7    276.9    430.2 2023  3  7 14 45 52.360  3.4   1
     4759  26.842110  102.971004    11.547     3251.9   -11952.8     5411.1    316.7    325.1    297.1 2023  3  7 15 16 58.030  4.7   1
     4764  26.851583  102.983146    11.488     4457.4   -10903.4     5351.8    346.1    299.2    319.7 2023  3  7 19  1 47.760  3.4   1
     4765  26.857005  102.972274    10.786     3377.6   -10302.4     4649.1    169.2    175.3    136.7 2023  3  7 19 34 57.800  3.5   1
     4769  26.851174  102.962345    14.904     2391.2   -10948.7     8767.2    212.1    212.2    155.8 2023  3  7 21 13 56.800  4.2   1
     4770  26.848769  102.983008    10.836     4444.3   -11215.1     4699.6    289.1    354.6    200.2 2023  3  7 21 21 38.080  4.7   1
     4771  26.856053  102.972192     7.466     3369.6   -10408.1     1329.8    240.5    181.0    235.6 2023  3  7 21 31 15.840  3.3   1
     4773  26.856952  102.972616     7.551     3411.8   -10308.4     1414.7    203.7    235.0    333.2 2023  3  7 21 37  4.420  3.1   1
     4774  26.853172  102.963810    15.494     2537.0   -10727.3     9357.7    203.9    208.0    260.0 2023  3  7 21 44 29.740  4.6   1
     4775  26.857910  102.939128    11.200       84.7   -10202.3     5063.2    260.2    237.3    274.6 2023  3  7 21 58 11.320  3.5   1
     4776  26.844419  102.944271     8.293      596.2   -11697.0     2156.7    266.9    231.2    292.7 2023  3  7 22 12 13.060  3.0   1
     4777  26.870868  102.941357    11.433      306.4    -8766.4     5296.3    227.4    181.3    203.7 2023  3  7 22 18  8.440  2.5   1
     4778  26.857332  102.941064     9.554      277.1   -10266.1     3417.8    587.4    375.0    402.9 2023  3  7 22 33 19.200  3.1   1
     4780  26.849129  102.980493     7.256     4194.3   -11175.1     1121.0    240.4    185.3    321.8 2023  3  7 22 43 48.740  3.1   1
     4784  26.846739  102.990072    12.410     5146.1   -11440.1     6273.7    371.6    510.5    387.8 2023  3  7 23 35 24.520  3.5   1
     4788  26.863204  102.962728    14.980     2429.4    -9615.6     8843.4    474.9    307.3    446.7 2023  3  8  0 27 48.520  3.5   1
     4789  26.856653  102.933260    14.928     -497.7   -10341.5     8792.1    421.0    292.2    329.2 2023  3  8  0 57 17.160  4.1   1
     4791  26.851532  102.975684    12.083     3716.1   -10908.9     5946.6    419.6    317.3    299.5 2023  3  8  3  2 53.700  3.9   1
     4792  26.840216  102.938794     7.474       51.7   -12162.8     1337.3    442.0    272.7    442.3 2023  3  8  3 38 24.440  3.5   1
     4796  26.852830  102.988053    11.251     4944.9   -10765.0     5114.1    341.6    445.2    287.7 2023  3  8  4 57 33.230  3.8   1
     4797  26.848832  102.950700    11.741     1234.8   -11208.2     5604.3    282.8    203.7    191.8 2023  3  8  5 35 57.320  3.5   1
     4800  26.865273  102.958879    13.068     2046.7    -9386.4     6931.4    239.3    211.9    194.3 2023  3  8  8 34 31.720  2.9   1
     4804  26.862099  102.965731    13.980     2727.4    -9738.1     7843.3    224.4    223.9    125.6 2023  3  8 10 57 26.430  3.6   1
     4807  26.851762  102.983846    11.407     4527.4   -10883.4     5270.1    357.2    406.6    321.7 2023  3  8 11 16  2.730  4.7   1
     4808  26.847809  103.003670    11.173     6497.1   -11321.5     5036.7    352.5    458.5    200.3 2023  3  8 11 32  1.250  4.6   1
     4811  26.850216  102.982104    14.346     4354.1   -11054.7     8209.6    466.6    417.8    262.9 2023  3  8 12 16  0.270  3.5   1
     4812  27.119529  102.870264    12.534    -6748.0    18785.8     6397.2    277.2    145.3    161.2 2023  3  8 12 28 57.760  4.6   1
     4815  26.850183  102.927783     9.092    -1042.1   -11058.4     2955.2    492.1    293.8    363.0 2023  3  8 13 18 43.040  4.4   1
     4817  26.857406  102.978687     8.536     4014.3   -10258.2     2399.5    161.8    149.3    243.3 2023  3  8 14 11 31.600  3.5   1
     4819  26.866526  102.934521    13.931     -372.7    -9247.5     7794.9    456.2    251.4    320.7 2023  3  8 14 20 24.160  3.3   1
     4820  26.864136  102.951896    16.744     1352.9    -9512.4    10608.0    799.4    707.2    650.0 2023  3  8 14 27 34.400  3.3   1
     4822  26.862864  102.921232    13.359    -1692.9    -9653.2     7223.0   1385.6    929.2    943.0 2023  3  8 15 29 19.270  2.8   1
     4823  26.892367  102.931055    18.406     -716.6    -6384.3    12269.7     96.6    100.1    140.3 2023  3  8 15 31 26.470  3.0   1
     4826  26.855825  102.998999    13.016     6032.9   -10433.4     6880.0    563.7    807.0    483.1 2023  3  8 16 15 45.670  3.2   1
     4829  27.128864  102.836963    10.558   -10052.2    19820.1     4421.4    245.8    249.4    165.5 2023  3  8 16 47  0.080  4.2   1
     4831  26.850203  102.932625     8.622     -560.8   -11056.1     2486.0    384.8    305.8    325.7 2023  3  8 17 18 39.800  3.2   1
     4837  26.855162  102.961930    14.009     2350.4   -10506.7     7872.2    341.3    199.5    370.7 2023  3  8 17 50 50.880  4.7   1
     4840  26.791398  102.993490    13.936     5487.0   -17571.9     7799.8    392.3    248.3    453.2 2023  3  8 18 13 36.560  4.5   1
     4844  26.855048  102.937036    14.498     -122.6   -10519.4     8361.2    277.1    157.8    162.0 2023  3  8 18 45 27.760  2.8   1
     4845  26.831519  102.956991     6.429     1859.7   -13126.4      293.1    390.0    240.5    434.6 2023  3  8 18 49 30.880  3.0   1
     4847  26.852425  102.981502     9.406     4294.2   -10810.0     3270.0    339.4    324.7    385.3 2023  3  8 18 57 27.600  2.7   1
     4851  26.849540  102.941357     8.136      306.3   -11129.5     1999.9    245.7    196.3    311.2 2023  3  8 19 33  5.040  3.0   1
     4861  26.841988  102.958504     7.028     2009.9   -11966.4      891.4    372.8    284.4    434.8 2023  3  8 21  9 17.160  3.3   1
     4863  26.851249  102.952116    10.146     1375.1   -10940.2     4009.3    188.0    152.0    237.6 2023  3  8 22  6  3.880  2.9   1
     4867  26.855802  102.978459    14.338     3991.8   -10435.8     8201.9    358.3    268.9    292.0 2023  3  8 22 37 23.320  5.3   1
     4869  26.843858  102.974365     9.213     3585.3   -11759.3     3076.4    162.1    127.8    272.4 2023  3  8 22 47 56.720  3.4   1
     4870  26.849237  102.963501    10.755     2506.5   -11163.2     4618.7    241.2    213.2    195.0 2023  3  8 22 53 20.080  4.4   1
     4871  26.859387  102.966423    11.263     2796.3   -10038.6     5126.1    352.4    321.0    297.4 2023  3  8 23  1 14.240  4.4   1
     4873  26.849335  102.965340     8.809     2689.2   -11152.3     2672.4    451.5    490.9    667.3 2023  3  8 23 12 30.480  3.6   1
     4874  26.853589  103.029549     7.911     9067.8   -10681.0     1774.9    120.3    111.1    173.7 2023  3  8 23 13 55.680  3.0   1
     4875  26.850405  102.946427     9.792      810.0   -11033.9     3655.5    219.5    239.3    236.2 2023  3  8 23 18 10.680  3.7   1
     4876  26.846623  102.933407    11.074     -483.7   -11452.9     4937.1    258.5    190.8    271.9 2023  3  8 23 31 30.160  3.5   1
     4878  26.860451  102.993514    15.613     5487.4    -9920.6     9476.5    706.3    762.3    627.1 2023  3  8 23 45 23.320  3.4   1
     4879  26.839355  102.938314    10.672        3.7   -12258.2     4535.8    289.5    237.5    281.6 2023  3  8 23 46 48.580  3.6   1
     4881  26.863938  102.937614     8.675      -65.5    -9534.2     2538.9    400.1    292.6    288.8 2023  3  9  0  8 16.170  3.0   1
     4882  26.843787  102.998893    10.101     6022.0   -11767.1     3964.9    218.4    241.5    240.0 2023  3  9  0 11 33.010  3.5   1
     4883  26.849103  102.940177    11.188      189.1   -11178.0     5051.7    329.8    216.2    267.6 2023  3  9  0 20 14.340  4.0   1
     4884  26.862290  102.959880    18.525     2146.5    -9716.8    12389.0   2090.2   1716.6   1598.5 2023  3  9  0 23 50.010  4.0   1
     4890  26.852551  102.931022    12.234     -720.4   -10796.1     6097.3    400.1    280.2    372.2 2023  3  9  1 40 14.960  3.8   1
     4893  26.855176  102.970532    10.410     3204.4   -10505.2     4273.9    223.7    169.4    259.6 2023  3  9  5 13 22.700  5.9   1
     4894  26.855774  102.970744    13.669     3225.5   -10438.8     7532.3    288.3    257.0    205.9 2023  3  9  5 38 48.930  3.3   1
     4897  26.876377  102.914168    12.279    -2394.2    -8156.1     6142.3    105.0     88.1    113.0 2023  3  9  6 15  2.590  3.8   1
     4898  26.864408  102.973275     8.764     3476.8    -9482.1     2627.7    373.8    317.6    415.2 2023  3  9  6 15 57.280  3.5   1
     4900  26.855920  102.975179    10.670     3666.5   -10422.7     4533.7    248.0    219.4    272.2 2023  3  9  6 32  3.540  4.3   1
     4902  26.857186  102.972404    10.755     3390.8   -10282.5     4618.8    197.9    197.7    189.1 2023  3  9  6 45 48.880  4.0   1
     4903  26.862095  102.959399    10.841     2098.5    -9738.5     4704.2    271.2    339.3    273.4 2023  3  9  6 46 51.560  3.8   1
     4905  26.845490  102.953996     5.911     1561.9   -11578.4     -224.9    252.1    269.2    634.5 2023  3  9  7  8 25.460  3.1   1
     4910  26.862762  102.962874    11.554     2443.7    -9664.5     5418.1    185.0    158.1    170.7 2023  3  9  7 45 49.050  3.3   1
     4911  26.857853  102.986743    10.354     4815.4   -10208.5     4217.5    202.4    198.6    198.8 2023  3  9  7 50 26.180  3.9   1
     4912  26.846334  102.981388    11.786     4283.0   -11484.9     5649.9    562.1    404.8    441.6 2023  3  9  8  5  8.630  4.8   1
     4914  26.850989  102.944832     7.047      651.5   -10969.0      910.9    263.2    242.4    260.2 2023  3  9  8 52 12.370  3.2   1
     4915  26.918901  102.808464    12.106   -12891.4    -3444.4     5969.9    946.6    465.8    670.5 2023  3  9  8 54 15.880  2.3   1
     4916  26.854218  102.983455    11.177     4488.5   -10611.3     5040.4    183.2    196.9    144.8 2023  3  9  9  0 32.420  4.1   1
     4917  26.852024  102.978581     8.007     4004.0   -10854.4     1870.6    199.0    157.4    239.0 2023  3  9  9  4 21.020  3.5   1
     4918  26.855865  102.930623    10.587     -760.1   -10428.8     4450.6    395.9    347.5    352.9 2023  3  9  9 17 12.240  4.3   1
     4922  26.840436  102.962679     6.848     2424.4   -12138.4      711.9    184.2    149.4    243.6 2023  3  9  9 50 21.030  3.1   1
     4926  27.117137  102.845036    11.357    -9251.5    18520.8     5220.9    301.5    198.1    383.5 2023  3  9 10 41  7.130  4.5   1
     4928  26.850909  102.959888     5.920     2147.0   -10978.0     -216.1    242.8    246.4    390.5 2023  3  9 10 55  9.960  2.9   1
     4929  26.867763  102.959863    13.135     2144.7    -9110.4     6998.8    207.1    174.1    241.6 2023  3  9 11 29 18.650  3.4   1
     4930  26.858364  102.991056    10.072     5243.6   -10152.0     3935.6    231.7    196.2    207.8 2023  3  9 11 30 47.930  3.3   1
     4941  26.849207  102.972673     6.876     3417.0   -11166.5      739.5    238.4    177.9    306.8 2023  3  9 12 37 23.010  3.2   1
     4948  26.842039  102.991390    11.277     5277.0   -11960.8     5141.0    211.6    292.0    240.7 2023  3  9 14 21 16.690  3.2   1
     4952  26.842851  102.993050     7.900     5442.0   -11870.8     1763.2    313.9    265.6    419.5 2023  3  9 16 32  5.440  4.1   1
     4959  26.850146  102.919963    11.506    -1819.2   -11062.5     5369.6    499.2    287.4    394.6 2023  3  9 19 16 19.620  2.8   1
     4962  26.851585  102.945068    16.571      675.0   -10903.1    10434.4    653.1    416.2    369.5 2023  3  9 20  3 57.880  2.9   1
     4963  26.851882  102.948299    11.414      996.1   -10870.2     5277.5    194.3    167.8    148.6 2023  3  9 20 12 33.500  2.8   1
     4966  26.858403  102.939925    13.902      164.5   -10147.7     7765.9    268.5    172.5    167.9 2023  3  9 20 28 34.180  3.9   1
     4969  26.850395  102.949731    10.941     1138.6   -11034.9     4804.3    248.2    198.4    250.8 2023  3  9 20 49 10.180  3.5   1
     4972  26.856856  102.936369    13.312     -189.5   -10319.0     7175.4    367.9    266.5    377.3 2023  3  9 20 59 26.520  3.3   1
     4974  26.865605  102.965397    13.393     2694.1    -9349.6     7256.6    293.1    157.5    155.7 2023  3  9 21  6 49.720  5.2   1
     4975  26.867723  102.940527    14.544      224.1    -9114.9     8407.4    363.0    304.8    322.5 2023  3  9 21 12 28.800  3.3   1
     4977  26.888123  102.878361     8.524    -5950.6    -6854.5     2387.1     93.8     82.1    154.8 2023  3  9 21 21 14.400  2.6   1
     4981  26.853029  102.960889    11.004     2246.8   -10743.1     4867.8    355.7    327.2    229.4 2023  3  9 21 36  5.360  3.9   1
     4982  26.854063  102.953442    14.476     1506.7   -10628.5     8339.4    367.4    234.7    458.0 2023  3  9 21 40 47.760  3.0   1
     4990  26.851721  102.919694    10.896    -1846.0   -10888.1     4760.0   1026.7    790.4    577.9 2023  3  9 22 27 35.960  3.4   1
     4992  26.860805  102.949422    11.029     1107.5    -9881.5     4892.6    347.9    317.6    286.3 2023  3  9 22 48 34.400  3.8   1
     4997  26.861886  102.960750    12.964     2232.9    -9761.8     6828.0    282.7    148.9    186.8 2023  3 10  0 20 44.950  5.5   1
     4999  26.854769  102.951571    11.804     1320.8   -10550.3     5667.8    310.5    332.7    263.7 2023  3 10  0 50 10.610  4.2   1
     5000  26.854924  102.975016    15.449     3650.2   -10533.2     9313.0    271.0    266.1    322.6 2023  3 10  1 32 17.130  4.6   1
     5001  26.859548  102.966862    12.302     2839.9   -10020.7     6165.9    231.3    201.6    124.0 2023  3 10  1 58 31.600  2.6   1
     5004  26.870896  102.899967     9.302    -3805.4    -8763.4     3165.3    178.8    121.3    205.3 2023  3 10  2 51 15.710  3.4   1
     5007  26.842259  102.974919     9.534     3640.8   -11936.4     3397.6    201.3    164.2    323.1 2023  3 10  3 17 29.440  3.0   1
     5009  26.850562  103.018058    14.640     7926.4   -11016.6     8503.6    275.6    191.3    456.7 2023  3 10  3 28 22.810  3.7   1
     5010  26.843606  102.948364     9.964     1002.7   -11787.2     3827.5    390.4    335.4    392.9 2023  3 10  3 57 59.450  3.5   1
     5011  26.868453  102.936377    11.436     -188.3    -9034.1     5299.1    281.6    264.7    192.3 2023  3 10  5 39 33.770  2.9   1
     5014  26.867212  102.953605    11.832     1523.4    -9171.5     5695.4    153.0    136.6    134.2 2023  3 10  6 35 52.600  3.3   1
     5021  26.859422  102.915332     8.748    -2278.9   -10034.8     2611.9    464.1    269.8    356.9 2023  3 10 10 18  2.270  2.9   1
     5022  26.845988  102.992977    10.472     5434.3   -11523.2     4335.4    171.5    189.6    190.6 2023  3 10 11 21 23.550  3.4   1
     5023  26.855847  102.965576    13.950     2712.1   -10430.7     7813.4    250.1    306.0    137.9 2023  3 10 12 19 19.430  3.5   1
     5024  26.833545  102.988753    13.579     5014.8   -12901.9     7442.8    385.4    312.3    329.6 2023  3 10 13 19 22.060  4.1   1
     5032  26.845443  102.934342    14.226     -390.5   -11583.5     8089.5    432.0    291.4    263.2 2023  3 10 16 13 27.840  3.8   1
     5036  27.032857  102.898340    11.231    -3963.7     9182.4     5094.8    618.3    363.3    347.4 2023  3 10 18  8  4.040  4.8   1
     5041  27.020705  102.897624    11.780    -4034.9     7835.9     5643.5    359.9    342.4    208.3 2023  3 10 18 52 49.780  3.7   1
     5043  27.038562  102.903914     9.110    -3410.7     9814.4     2973.4    538.9    329.5    282.2 2023  3 10 18 57 22.840  3.7   1
     5044  27.026359  102.885612    10.580    -5227.0     8462.4     4443.5    575.0    389.9    321.7 2023  3 10 19  2 23.560  3.3   1
     5045  27.028017  102.899813     9.443    -3817.6     8646.1     3306.6    228.2    118.0    184.6 2023  3 10 19  5 56.440  3.2   1
     5046  27.040330  102.907731     7.143    -3031.8    10010.4     1007.1   1072.5    715.6    774.7 2023  3 10 19  8  5.920  3.1   1
     5048  27.017603  102.896590    11.305    -4138.0     7492.1     5168.4    282.8    274.8    172.2 2023  3 10 19 23 42.860  2.3   1
     5049  26.869545  102.943840    10.811      552.9    -8912.9     4674.5    247.4    264.4    225.7 2023  3 10 19 42 54.160  3.0   1
     5051  27.030023  102.870483    12.224    -6729.1     8868.4     6087.4    576.2    405.1    316.0 2023  3 10 19 48 21.480  4.0   1
     5052  27.026359  102.902726     9.067    -3528.6     8462.3     2930.4    306.4    156.9    229.0 2023  3 10 19 55 36.560  3.2   1
     5054  26.854248  102.971875     7.685     3338.1   -10608.0     1548.5    229.6    211.9    301.9 2023  3 10 20 14 21.840  3.4   1
     5055  27.027146  102.899292     9.996    -3869.6     8549.6     3859.5    329.2    207.6    247.3 2023  3 10 20 25 37.900  3.9   1
     5064  26.850621  102.971411     6.290     3291.9   -11010.0      153.2    261.6    207.3    360.6 2023  3 10 21 25  8.900  3.2   1
     5065  26.846442  102.943408     9.203      510.0   -11472.9     3066.3    357.8    297.3    286.0 2023  3 10 21 37 59.520  3.1   1
     5066  27.036397  102.801628     8.941   -13564.0     9574.5     2805.1     10.6     12.5      7.5 2023  3 10 21 42 31.720  2.3   1
     5070  26.853695  102.968595     8.710     3012.3   -10669.3     2574.1    188.7    138.4    237.7 2023  3 10 22 15  6.200  3.0   1
     5071  27.117287  102.851864    13.559    -8573.7    18537.5     7422.6    413.9    314.1    304.9 2023  3 10 22 20 47.880  3.5   1
     5072  26.867495  102.940918    12.831      262.7    -9140.3     6694.7    201.8    191.4    208.2 2023  3 10 22 47  7.080  2.2   1
     5074  26.912933  102.855827     8.095    -8188.2    -4105.5     1958.4      5.2      4.9      5.2 2023  3 10 22 54 53.120  2.8   1
     5079  26.858364  102.953035     5.886     1466.3   -10151.9     -250.7    248.3    272.5    487.5 2023  3 10 23 16  8.140  3.5   1
     5080  26.862962  102.969995     8.636     3150.9    -9642.4     2499.9    390.1    337.1    403.1 2023  3 10 23 23 55.640  3.3   1
     5083  27.106091  102.829224    10.055   -10820.7    17297.0     3918.4    136.6     72.8    124.1 2023  3 11  0  8 26.740  3.5   1
     5087  26.854065  102.951294    12.860     1293.5   -10628.3     6723.6    387.2    339.3    506.2 2023  3 11 13  1 44.270  3.3   1
     5088  26.864561  102.922005     8.954    -1616.1    -9465.3     2817.3     54.9     24.4     36.8 2023  3 11 13 41 47.870  2.5   1
     5091  26.948808  102.771265     7.102   -16583.5     -130.6      965.8    609.7   1163.9    977.7 2023  3 11 14 29 21.430  2.3   1
     5092  27.098328  102.822371     9.774   -11501.5    16436.6     3638.1    252.4    155.0    195.0 2023  3 11 14 41 36.040  2.8   1
     5106  26.872038  102.881047     8.397    -5684.4    -8636.7     2260.8    113.0     60.6    163.1 2023  3 11 21  1 59.360  2.7   1
     5108  26.856401  103.017716    15.745     7892.1   -10369.5     9608.3    319.3    263.4    550.0 2023  3 11 21 12 16.400  3.5   1
     5115  27.158360  103.127629    11.375    18785.8    23088.3     5238.9    187.8    207.5    261.4 2023  3 11 23 30 29.120  4.9   1
     5121  26.840523  102.938957    13.219       68.2   -12128.8     7082.7    286.3    171.7    217.1 2023  3 12  1 19  0.220  4.1   1
     5132  26.845929  102.959033     9.538     2062.4   -11529.7     3401.9    323.4    268.2    272.8 2023  3 12  8 12 14.250  3.6   1
     5142  27.053672  103.043441    10.031    10438.4    11488.7     3894.6    201.9    130.0    205.9 2023  3 12 12 20  9.100  3.2   1
     5143  26.671409  103.008960    13.570     7027.8   -30867.1     7433.7    434.2    426.5    155.6 2023  3 12 13  0 24.520  2.7   1
     5150  27.012925  102.797176    17.219   -14006.6     6973.8    11082.9    393.2    349.3    344.9 2023  3 12 15 38 22.330  3.2   1
     5152  26.864701  102.926310     9.340    -1188.3    -9449.8     3204.1    557.0    503.7    446.0 2023  3 12 16  1 19.410  2.5   1
     5157  26.874251  102.924699    14.119    -1348.6    -8391.6     7982.3    379.0    320.0    284.0 2023  3 12 19  9 25.120  3.2   1
     5158  27.000334  102.794604     4.662   -14263.0     5578.7    -1474.5    150.4    246.3    330.1 2023  3 12 19 23 38.260  3.5   1
     5162  27.128843  102.834139     8.281   -10331.9    19817.9     2144.7    442.0    375.8    637.1 2023  3 12 20 30 52.180  2.9   1
     5164  27.119661  102.869417     3.977    -6832.3    18800.6    -2159.8    658.6    349.8    652.8 2023  3 12 20 59  2.920  3.1   1
