        3  26.919198  102.842228    12.057    -9687.8    -3287.1     6063.5     31.6     39.7     27.1 2022  8 23 16 29 48.550  1.9   1
        4  27.233980  102.884863     0.592    -5446.4    31591.6    -5401.2    136.3     62.1     93.9 2022  8 24  0  4  1.570  2.7   1
       91  26.531984  103.169263    18.650    22829.2   -46191.5    12656.6     50.9     45.2     49.5 2022  8 31 10 53 13.050  2.7   1
      135  27.032947  103.117700    10.497    17661.5     9316.5     4503.5     49.5     51.1     69.9 2022  9  2 20 12 18.120  2.3   1
      141  26.538098  103.177401    19.686    23638.5   -45513.9    13692.9     50.4     46.1     48.9 2022  9  3  2 56 53.270  2.8   1
      144  26.593441  102.939535     4.334      -24.3   -39381.9    -1659.3    421.2    232.4    595.2 2022  9  3  9 16  5.250  3.6   1
      222  26.878402  102.777197    15.800   -16149.2    -7807.4     9806.5      0.0      0.0      0.0 2022  9  8 17 34 28.040  3.0   1
      257  27.037923  103.002677     2.437     6243.8     9868.0    -3556.2    259.4     78.5    119.8 2022  9 12  0 14 51.300  2.7   1
      269  27.238413  102.963346     1.471     2337.1    32082.7    -4522.5     50.7    129.3    130.3 2022  9 12 17 33 19.000 -0.5   1
      276  26.959920  103.004508     9.365     6427.2     1225.0     3372.4     21.6     22.8     39.9 2022  9 13  0 33 14.780  1.3   1
      371  27.215041  102.961263     1.728     2130.7    29493.0    -4265.0     39.5     27.6     35.5 2022  9 18  5 49 58.600  1.3   1
      392  26.921855  102.735083     5.444   -20328.3    -2992.8     -549.5     22.1     29.1     28.2 2022  9 19 21  5  7.620  2.8   1
      439  27.298484  103.015682     4.835     7526.0    38738.8    -1158.0     95.5    128.2    139.5 2022  9 24  1 45 33.660  2.9   1
      444  27.014874  102.765373     8.121   -17313.6     7314.1     2128.1    438.9    536.4    810.2 2022  9 24  7 41 55.320  2.6   1
      489  27.230300  102.962842     1.606     2287.2    31183.6    -4386.9     48.7    114.4    109.0 2022  9 27 19 23 18.840  0.0   1
      523  27.053748  102.848153     8.077    -9093.9    11621.3     2084.3    117.8    113.8    118.3 2022  9 29 17 23 38.880  2.1   1
      536  27.229498  102.962663     0.887     2269.7    31094.8    -5106.0     47.2     97.4    159.7 2022  9 30  9 49 58.940  1.2   1
      543  26.674813  103.099780     0.934    15907.5   -30365.7    -5058.7    251.8    129.7    269.9 2022  9 30 20 38 44.360  2.2   1
      563  27.304211  103.017236     5.396     7679.7    39373.3     -597.5     97.7    124.6    152.7 2022 10  2 12 44 16.360  2.3   1
      624  26.922323  102.997054     6.510     5688.2    -2940.9      516.8     14.7     18.2     16.2 2022 10  6 19 23 17.160  0.7   1
      663  26.543648  103.001082     3.741     6098.6   -44899.2    -2252.2     51.3     76.3     62.2 2022 10  9 11 37 14.950  2.2   1
      672  26.809469  102.900968    10.672    -3856.1   -15445.5     4678.8      4.1      2.9      3.7 2022 10 10  3 35  1.940  3.7   1
      811  26.538330  102.962492     5.403     2259.1   -45488.2     -590.2    212.9    130.0    305.6 2022 10 19 14 46 46.080  3.0   1
      830  27.219293  102.825773    11.641   -11307.4    29964.2     5647.8    219.8    354.2    205.6 2022 10 20 13 25 39.390  3.0   1
      839  26.745754  103.023193     9.172     8290.5   -22505.2     3178.8     54.3     51.4     43.1 2022 10 20 17 33 27.740  2.5   1
      865  27.204604  102.960840     0.039     2089.1    28336.6    -5953.9     76.0    112.5    480.7 2022 10 23  3 56 38.360  0.7   1
      903  27.209058  102.975309     1.202     3523.8    28830.0    -4791.0    213.3    100.3    224.6 2022 10 26  7 44 50.780  2.5   1
      959  26.930526  102.815137     4.636   -12377.7    -2032.1    -1356.7    104.2    303.8    172.9 2022 11  1  0 13 34.950  2.8   1
     1011  26.938906  102.881502     5.525    -5786.7    -1103.5     -468.5    725.1   1015.0    676.0 2022 11  8 16 46  5.690  2.4   1
     1016  26.568746  103.072965     2.762    13247.6   -42118.1    -3230.7     19.3     12.3     14.1 2022 11  9  5 41  9.940  2.7   1
     1090  26.860785  103.104118     2.018    16324.8    -9759.5    -3975.1    469.3    559.2    597.3 2022 12 11  7  3 23.660  2.7   1
     1101  26.849923  103.094222     1.200    15342.6   -10963.1    -4793.3    414.9    816.2    781.1 2022 12 25 14 50 26.040  2.8   1
     1104  26.869944  102.903361     9.630    -3617.3    -8744.5     3636.6    179.4     94.7    173.1 2023  1  1  1  2 48.170  2.7   1
     1120  27.213570  102.960734     1.690     2078.4    29330.1    -4303.0     46.8     56.8     84.0 2023  1  1  8 59 58.740  1.1   1
     1148  26.918825  102.899772     9.230    -3973.3    -3328.4     3237.0    347.3    234.8    305.7 2023  1  1 17  9 12.760  2.5   1
     1150  26.927374  102.921281     7.725    -1836.9    -2381.2     1732.3    144.1    111.1    148.4 2023  1  1 17 54 31.060  2.5   1
     1172  26.904781  102.810669     4.183   -12823.0    -4884.5    -1810.0    216.4    224.5    357.7 2023  1  2  2 44 50.100  3.0   1
     1194  26.823226  102.943132    13.372      333.3   -13921.2     7379.1    172.4    214.0    175.0 2023  1  2 13 15 59.500  3.7   1
     1199  26.845841  102.920850    17.807    -1880.7   -11415.3    11813.8    212.7    167.4    141.8 2023  1  2 14 42 20.610  3.5   1
     1210  26.745465  102.902816    14.474    -3673.6   -22537.3     8480.6     54.8     58.6     39.8 2023  1  2 19 33 14.920  1.4   1
     1213  26.980072  102.898836     8.969    -4065.3     3457.9     2976.3     63.7    143.6     39.2 2023  1  2 20 38 12.040  2.4   1
     1214  26.984650  102.904012    19.828    -3551.2     3965.0    13835.3     24.7     29.6     68.9 2023  1  2 20 43 14.180  0.7   1
     1246  26.960071  103.004411     9.216     6417.8     1241.7     3223.2     21.2     22.3     45.1 2023  1  3  9 53 14.500  1.3   1
     1248  27.127024  102.849495    13.112    -8958.5    19740.6     7118.7    551.1    434.1    432.6 2023  1  3 10 35 16.200  2.6   1
     1269  26.530469  102.969539     4.395     2960.9   -46359.3    -1597.8    201.1    131.8    224.8 2023  1  3 17  5 17.760  3.4   1
     1270  27.094342  102.772233     2.417   -16626.9    16119.3    -3576.4    275.3    234.7    381.4 2023  1  3 17  7 56.840  2.8   1
     1280  26.913481  103.008993     6.403     6874.2    -3920.7      410.0     14.2     20.7     17.4 2023  1  3 18 37 22.120  2.0   1
     1304  27.115116  102.833765    12.985   -10519.7    18421.1     6992.2    348.9    318.1    341.1 2023  1  4  2 22 33.690  2.9   1
     1338  26.984776  102.902848    21.130    -3666.7     3979.1    15136.9     92.0     55.5    114.3 2023  1  4 16 33 13.890  0.9   1
     1350  26.849567  102.958577    13.911     1867.3   -11002.5     7917.7    213.0    209.0    154.2 2023  1  4 19 27 11.020  3.5   1
     1360  26.965342  102.927865     6.106    -1183.2     1825.7      112.9    177.2    181.0    184.8 2023  1  4 22 34  8.940  2.1   1
     1371  27.175039  102.809440     1.554   -12929.4    25060.8    -4438.6      8.2      8.5     13.8 2023  1  5  5  3  4.960  3.6   1
     1387  26.844023  102.948258     8.807      842.3   -11616.7     2813.9    277.5    274.7    204.9 2023  1  5 13 36 43.040  3.8   1
     1395  26.923185  102.913021     7.169    -2657.7    -2845.3     1175.9     87.8     76.7     75.0 2023  1  5 16 58 37.710  3.2   1
     1404  27.009106  102.815454     3.117   -12342.3     6675.0    -2875.6    254.3    367.6    380.6 2023  1  5 18 26 49.340  2.6   1
     1405  26.793188  102.975236    14.588     3523.3   -17249.4     8594.6     88.6    105.9    172.2 2023  1  5 18 48 23.160  3.0   1
     1406  26.980275  102.905664    19.641    -3387.0     3480.5    13648.4     43.8     68.8     54.6 2023  1  5 18 53 13.880  1.2   1
     1410  26.846570  102.946981     4.504      715.8   -11334.6    -1488.7     59.2     97.0    152.5 2023  1  5 19 19 20.860  2.6   1
     1411  26.921834  102.847656    10.780    -9148.6    -2995.1     4787.2     31.2     38.9     27.5 2023  1  5 19 20 31.660  2.4   1
     1412  26.850523  102.943717     4.288      391.3   -10896.5    -1704.8     61.5     84.1    155.1 2023  1  5 19 34 36.200  2.3   1
     1413  26.853097  102.922127    12.550    -1753.5   -10611.4     6556.8    295.0    188.9    176.7 2023  1  5 19 38 54.920  3.3   1
     1417  26.852523  102.914185    14.143    -2542.8   -10675.0     8149.7    206.6    145.3    161.5 2023  1  5 19 57 22.800  2.6   1
     1425  26.825682  102.960441    14.618     2053.0   -13649.1     8625.3    247.8    195.8    136.9 2023  1  5 21  4 48.560  3.5   1
     1428  26.830426  102.973201    16.954     3320.5   -13123.3    10961.1    114.3    168.7    136.8 2023  1  5 21 57 36.580  5.6   1
     1431  26.830249  102.950529    10.894     1068.0   -13142.9     4900.8    180.3    214.0    239.1 2023  1  5 22  4  9.800  4.9   1
     1432  26.865861  102.871509    11.113    -6781.8    -9197.1     5120.0     61.6    166.2    239.9 2023  1  5 22  8 18.040  2.8   1
     1433  26.835720  102.946240    11.108      642.2   -12536.7     5115.0    138.1    178.8    197.8 2023  1  5 22 15 54.360  2.9   1
     1436  26.823456  102.959888    14.161     1997.8   -13895.7     8167.6    199.4    136.7    177.0 2023  1  5 22 21  5.480  5.6   1
     1439  26.849972  103.000431    14.516     6025.3   -10957.7     8523.2    396.0    341.9    286.0 2023  1  5 22 43 29.800  5.2   1
     1440  26.828406  102.961312    13.479     2139.6   -13347.1     7485.7    174.8    182.4    149.5 2023  1  5 22 45 17.520  4.8   1
     1441  26.836831  102.960840    12.279     2092.0   -12413.7     6285.6    227.2    149.0    165.1 2023  1  5 22 47 20.320  3.1   1
     1442  26.809621  102.938298    17.008     -147.1   -15428.5    11015.4    188.2    132.1    192.5 2023  1  5 22 55 34.980  3.9   1
     1444  26.832222  102.962931    16.074     2300.3   -12924.3    10081.3    133.2    230.0    145.1 2023  1  5 23  2 29.760  3.2   1
     1445  26.832796  102.964746    11.841     2480.4   -12860.7     5848.2    150.4    145.7    141.7 2023  1  5 23  5 44.480  4.0   1
     1446  26.839884  102.955094    16.932     1521.8   -12075.3    10939.2    293.6    351.9    226.1 2023  1  5 23 11 18.480  3.4   1
     1448  26.819381  102.964282    14.840     2434.3   -14347.2     8846.6    158.7    147.2    107.4 2023  1  5 23 27 57.080  5.4   1
     1449  26.842916  102.970158     9.925     3017.7   -11739.4     3931.9     24.4     24.3     24.9 2023  1  5 23 33 36.320  3.2   1
     1450  26.812433  102.937215    15.693     -254.5   -15117.0     9700.1    174.4    120.9    181.4 2023  1  5 23 38 26.920  3.7   1
     1460  26.593888  103.019930     3.317     7971.7   -39332.2    -2676.4    175.8    169.9    179.2 2023  1  6  1 44  6.960  2.5   1
     1461  26.839081  102.923381    12.005    -1629.2   -12164.3     6011.8    240.3    141.9    136.1 2023  1  6  2  9 13.140  3.6   1
     1465  26.830054  102.966024    17.317     2607.6   -13164.5    11323.8    157.5    136.9    121.5 2023  1  6  2 50 22.410  5.9   1
     1467  26.833459  102.960791    11.929     2087.3   -12787.3     5936.0    178.9    191.2    144.1 2023  1  6  2 57  1.020  3.8   1
     1469  26.835236  102.953548    12.467     1368.1   -12590.4     6473.7    240.3    107.1    151.3 2023  1  6  3  0 59.270  3.6   1
     1470  26.828103  102.950749    13.376     1090.1   -13380.9     7382.6    155.6    178.0    159.0 2023  1  6  3 25  4.030  3.7   1
     1474  26.819556  102.952067    15.735     1220.6   -14327.9     9742.4    192.1    244.2    250.6 2023  1  6  3 41 32.280  3.4   1
     1479  26.832420  102.960994    14.249     2107.5   -12902.3     8256.4    153.5    210.2    133.9 2023  1  6  4 27 46.330  3.9   1
     1480  26.827879  102.974878    13.373     3487.0   -13405.6     7379.8    223.1    125.8    176.3 2023  1  6  4 51 23.310  3.7   1
     1489  26.809505  102.966455    12.394     2650.2   -15441.4     6400.7    285.5    310.3    275.9 2023  1  6  6  5 52.330  3.0   1
     1490  26.831958  102.961296    13.221     2137.9   -12953.6     7227.8    289.3    188.8    204.2 2023  1  6  6  8 33.500  3.0   1
     1491  26.857491  102.973112     8.852     3311.0   -10124.5     2858.9     24.0     23.7     26.2 2023  1  6  6 12 13.430  3.1   1
     1494  26.940497  102.844482    14.601    -9463.5     -927.3     8607.7    141.0     91.5     81.1 2023  1  6  7  0 26.850  3.4   1
     1496  26.832340  102.961475    13.742     2155.7   -12911.3     7749.1    236.2    136.1    150.1 2023  1  6  7 51  6.930  4.0   1
     1509  26.831755  102.980037    17.724     3999.8   -12976.2    11730.9    225.3    237.2    208.9 2023  1  6 11  5  1.410  3.2   1
     1510  26.970174  102.918547     8.836    -2108.5     2361.1     2842.9    166.0    200.4    140.4 2023  1  6 11 15 40.300  5.4   1
     1511  26.837118  102.958870    13.958     1897.1   -12382.0     7964.8    190.2    270.3    149.0 2023  1  6 11 24 59.760  3.7   1
     1520  26.835539  102.953467    14.051     1360.2   -12556.9     8057.6    243.9    242.4    231.4 2023  1  6 14 37 17.560  3.7   1
     1530  26.830424  102.944670    10.247      486.3   -13123.5     4254.0    314.4    206.1    310.0 2023  1  6 16 14 42.600  2.7   1
     1531  26.876072  102.930737     8.341     -898.2    -8065.6     2348.3    199.1    152.8    210.7 2023  1  6 16 35 36.810  2.5   1
     1546  26.874371  102.840535     3.783    -9858.3    -8254.1    -2210.1    281.3    129.8    284.9 2023  1  6 18 53 36.500  2.2   1
     1551  26.822974  102.952262    13.315     1239.9   -13949.1     7321.8    182.7    226.6    182.6 2023  1  6 20 36  5.420  3.7   1
     1558  26.829262  102.962191    13.175     2227.1   -13252.2     7182.3    149.9    195.0    124.6 2023  1  6 21 38 29.200  4.3   1
     1562  27.017780  102.834408     3.227   -10460.5     7635.9    -2766.5     52.3     75.8     80.3 2023  1  6 22 19 21.680  1.4   1
     1566  26.820341  103.023291    13.871     8297.2   -14240.8     7878.3    981.9   1145.7    843.3 2023  1  6 23 10 13.040  3.2   1
     1584  26.927089  102.658757    13.594   -27908.5    -2412.7     7600.6    487.5    866.4    620.6 2023  1  7  5 10 35.680  2.9   1
     1597  26.896712  102.922770    11.773    -1689.4    -5778.6     5780.0     13.9     14.1     16.3 2023  1  7 11 13 16.360  1.4   1
     1598  26.837689  102.941886    15.482      209.1   -12318.5     9488.7    437.7    284.4    437.0 2023  1  7 11 38 45.550  3.3   1
     1607  26.963029  102.891854     8.990    -4758.3     1569.3     2997.4    449.6    263.3    356.5 2023  1  7 15 39 14.060  2.9   1
     1608  27.102686  102.877930    13.708    -6137.6    17043.6     7714.5    352.5    196.3    184.2 2023  1  7 15 40  8.830  4.2   1
     1610  26.809216  103.070516     4.888    12989.8   -15473.4    -1105.2    662.6    722.1   1078.0 2023  1  7 16 25  3.150  1.9   1
     1611  26.835457  102.949691    14.203      984.5   -12565.7     8210.2    194.3    200.4    140.4 2023  1  7 16 37 55.380  2.6   1
     1620  26.805300  102.960767    12.584     2085.6   -15907.3     6591.4    192.7    300.6    252.0 2023  1  7 20 13  6.540  3.4   1
     1641  26.749072  102.858065    11.089    -8121.6   -22137.4     5096.4     44.5     26.5     36.0 2023  1  8  4 26  9.320  3.1   1
     1644  26.837537  102.942594    13.402      279.3   -12335.6     7408.9    242.2    200.5    215.7 2023  1  8  5 28 16.570  3.7   1
     1652  26.822270  102.974032    13.140     3403.5   -14027.0     7147.4    439.4    349.7    248.1 2023  1  8  7 43 55.900  3.2   1
     1653  26.833415  102.952466    14.135     1260.2   -12792.3     8141.5    119.0    179.1    112.4 2023  1  8  9 21  3.240  3.7   1
     1662  26.827415  102.935937    12.546     -381.5   -13456.9     6553.0    375.8    287.2    331.3 2023  1  8 12 18 53.450  3.6   1
     1675  26.830520  102.957389    11.267     1749.5   -13112.9     5274.4    184.6    140.3    171.4 2023  1  8 17  5 43.960  3.1   1
     1678  26.679456  103.005640    14.833     6547.3   -29851.2     8839.7     95.6     33.6     29.5 2023  1  8 18  3 48.840  3.2   1
     1688  26.827148  102.961906    14.574     2198.6   -13486.5     8581.1    157.4    148.8    120.3 2023  1  8 20 59 20.120  3.0   1
     1690  26.999744  102.878182    16.230    -6115.3     5637.5    10237.0     63.5     72.7     60.9 2023  1  8 21 29 31.160  2.8   1
     1691  26.934239  102.858952    12.605    -8026.6    -1620.5     6612.2     52.3     62.9     42.9 2023  1  8 21 39 13.640  3.3   1
     1692  26.935411  102.870744    13.122    -6855.7    -1490.7     7128.6     53.5     64.3     43.9 2023  1  8 21 47 29.700  3.2   1
     1696  26.893337  102.924105    11.087    -1557.2    -6152.6     5094.0     13.7     14.1     16.7 2023  1  9  1  2 25.250  3.1   1
     1719  26.884135  102.933895     9.111     -584.4    -7172.2     3118.4    124.6    113.4    131.1 2023  1  9 16  6 17.470  3.2   1
     1720  26.877140  102.936735    10.827     -302.0    -7947.3     4833.5    170.3    172.3    183.0 2023  1  9 16 14 24.770  3.0   1
     1721  26.874170  102.936979     9.607     -278.0    -8276.4     3614.3    191.7    154.9    170.5 2023  1  9 16 39 28.720  3.0   1
     1722  26.871806  102.961564    14.995     2164.1    -8538.2     9001.8    208.1    197.1    209.0 2023  1  9 16 57 16.400  4.2   1
     1727  26.885319  102.961263    10.939     2134.0    -7041.1     4946.1    344.1    266.4    267.9 2023  1  9 19  8 37.980  2.9   1
     1730  26.860435  102.955933     7.206     1604.6    -9798.2     1212.5    181.0    136.2    190.5 2023  1  9 19 27 32.440  2.9   1
     1732  26.880540  102.949886    10.408     1003.6    -7570.6     4415.4    269.1    206.9    170.8 2023  1  9 20 35 17.380  4.9   1
     1733  26.880210  102.939950    11.072       17.4    -7607.1     5078.5    207.9    204.1    142.1 2023  1  9 20 39 20.860  3.4   1
     1734  26.876025  102.935107     8.384     -463.6    -8070.7     2391.1    135.3    121.7    110.7 2023  1  9 21 45  5.440  3.0   1
     1737  26.884052  102.941032    10.840      124.9    -7181.5     4846.6    216.2    187.2     89.4 2023  1  9 22  7  4.500  3.6   1
     1738  26.887669  102.945711    12.068      589.5    -6780.7     6075.1    376.0    334.4    370.0 2023  1  9 22 12 25.440  3.7   1
     1742  27.041058  102.832072    11.446   -10690.7    10215.2     5453.4    171.3    123.6    168.3 2023  1  9 23 27  6.800  3.3   1
     1748  26.883059  102.937744     9.913     -202.3    -7291.5     3919.5    120.2    106.4    160.5 2023  1 10  1 44 54.780  2.7   1
     1770  26.871063  102.928190     8.305    -1151.2    -8620.7     2312.3     96.5    101.7    152.3 2023  1 10  9 51  7.700  3.4   1
     1772  27.243070  102.963558     1.803     2358.0    32598.8    -4190.0     70.2    136.2    135.7 2023  1 10 10 46 38.980  1.5   1
     1778  26.866128  102.955916    19.367     1602.9    -9167.4    13373.5    191.7    207.1    150.0 2023  1 10 13 34 23.820  3.4   1
     1779  26.849056  102.927173    11.266    -1252.0   -11059.1     5273.2    156.3     86.4    141.0 2023  1 10 13 36 48.280  3.4   1
     1781  26.824436  102.947103    10.971      727.8   -13787.1     4978.1    125.7    145.2    139.5 2023  1 10 15  7 20.700  2.9   1
     1783  26.854100  102.910368    15.824    -2921.6   -10500.2     9831.2    392.0    343.7    403.0 2023  1 10 15 13 25.930  3.7   1
     1785  26.849017  102.937215    11.579     -254.4   -11063.4     5586.1    195.5    147.2    199.7 2023  1 10 16 19 19.210  2.9   1
     1790  26.971263  102.922021     6.534    -1762.8     2481.7      540.5    196.2    176.6    157.6 2023  1 10 18 32 50.840  2.7   1
     1795  27.015090  102.791447     8.627   -14724.8     7337.8     2634.0     40.5     45.2     59.8 2023  1 10 20 13 13.680  0.7   1
     1810  26.837364  102.932878    15.635     -685.7   -12354.6     9642.1    406.1    289.5    243.6 2023  1 11  0  7 17.780  3.6   1
     1812  26.949565  102.910474     8.829    -2910.2       77.6     2836.0    467.3    301.5    175.7 2023  1 11  0 36  5.800  2.7   1
     1820  26.875521  102.931087     7.644     -863.4    -8126.8     1650.5    118.1    156.6    306.5 2023  1 11  4 17  3.990  2.8   1
     1823  27.108738  102.846704    14.942    -9235.7    17714.4     8948.5    129.1    107.3    100.3 2023  1 11  4 48 26.140  4.3   1
     1825  26.949825  103.015283    10.643     7497.4      106.3     4649.7    159.1    148.3    236.4 2023  1 11  5 46 50.880  3.1   1
     1846  26.876082  102.929403    11.827    -1030.9    -8064.4     5833.9    192.3    198.4    186.1 2023  1 11 12 40 18.140  3.3   1
     1847  27.101019  102.867904    13.159    -7132.7    16859.1     7166.2    217.0    134.2    189.3 2023  1 11 12 47 56.460  2.5   1
     1855  26.884269  102.941618    10.583      182.4    -7157.4     4590.0    196.0    171.3     97.3 2023  1 11 15 39  2.760  3.5   1
     1862  26.890247  102.948413     9.976      857.3    -6495.0     3983.2    250.4    199.1    166.5 2023  1 11 18 31 49.400  3.0   1
     1868  26.876253  102.959416    20.018     1950.4    -8045.5    14025.7    205.5    247.4    149.6 2023  1 11 20 35 25.940  2.9   1
     1898  27.114447  102.824219    13.465   -11466.9    18347.0     7471.5    324.5    177.7    217.4 2023  1 12 11  0 25.500  4.2   1
     1918  26.976758  102.788770    14.843   -14993.4     3090.6     8849.6     51.6    195.3     50.7 2023  1 12 19 47 23.600  2.7   1
     1923  27.113802  102.828638    14.222   -11027.9    18275.6     8228.9    123.2     63.6     77.8 2023  1 12 21 27 16.860  4.8   1
     1924  27.120011  102.824072    12.493   -11481.1    18963.4     6500.4    157.6     84.9    101.1 2023  1 12 22 30 23.240  3.9   1
     1926  27.104846  102.840316    14.891    -9870.0    17283.2     8898.1    222.0    135.9    154.1 2023  1 12 22 45 29.160  3.7   1
     1928  27.099188  102.873641    13.061    -6563.3    16656.2     7068.0    258.2    175.6    187.2 2023  1 13  0  2  4.850  3.5   1
     1934  27.106803  102.866895    12.246    -7232.2    17500.0     6253.2    295.3    193.4    195.7 2023  1 13  1 42 41.480  3.2   1
     1941  26.827295  102.976978    10.959     3695.9   -13470.2     4965.9     95.7     65.9    140.1 2023  1 13  5 13  5.790  3.6   1
     1947  27.112567  102.832804    14.405   -10615.3    18138.7     8411.7    138.0     74.2    118.4 2023  1 13  9 37 46.380  2.8   1
     1948  27.117263  102.853711    14.352    -8540.1    18659.0     8359.2    337.0    356.0    275.5 2023  1 13  9 48 48.310  3.4   1
     1957  27.116846  102.827018    10.489   -11188.7    18612.8     4496.1    157.6     66.8    138.3 2023  1 13 11 23 47.790  3.1   1
     1965  27.104124  102.817082    12.966   -12175.3    17203.1     6972.9    355.7    227.7    228.1 2023  1 13 13 55 47.290  3.4   1
     1983  27.102488  102.873592    12.850    -6567.8    17021.8     6857.0    307.4    173.2    191.8 2023  1 13 18 44 10.720  3.2   1
     1999  26.794196  102.974015    14.070     3401.6   -17137.7     8076.6     88.1    105.9    172.4 2023  1 14  2  9 10.410  3.6   1
     2002  26.780664  102.982715    15.761     4266.8   -18637.1     9768.0    206.5    326.6    207.6 2023  1 14  2 13 49.160  3.6   1
     2008  26.861011  102.839412     4.404    -9970.3    -9734.5    -1589.3    292.8    130.0    265.1 2023  1 14  5 22 43.770  2.9   1
     2014  26.882137  102.924007     9.264    -1566.6    -7393.6     3271.4    150.9    144.4    177.8 2023  1 14  8 57 20.990  2.8   1
     2031  26.857243  102.899268    11.407    -4024.5   -10151.8     5414.4    165.4    156.7    192.6 2023  1 14 14 35  3.700  3.0   1
     2040  26.927366  102.752710     5.602   -18577.7    -2382.2     -391.5     22.2     30.0     29.7 2023  1 14 16  0 25.770  2.5   1
     2044  26.938835  102.908724     6.516    -3083.5    -1111.3      523.1    743.5    415.6    612.4 2023  1 14 16 43 43.950  2.8   1
     2045  26.933122  102.867472     8.657    -7180.4    -1744.3     2664.1    267.7    223.3    183.7 2023  1 14 17  1 56.200  2.9   1
     2056  27.066388  102.844824     5.803    -9424.5    13021.9     -190.1    120.9    154.6    201.9 2023  1 14 21 23 21.280  2.7   1
     2057  26.955025  102.920850     8.169    -1879.4      682.6     2175.5    302.8    228.5    203.9 2023  1 14 21 31 33.240  2.7   1
     2063  27.107564  102.824455    10.456   -11443.7    17584.3     4462.5    126.0     66.7     69.8 2023  1 14 23 36 57.880  3.7   1
     2077  27.069391  103.136759    12.958    19550.2    13354.7     6965.2     45.4     25.7     70.3 2023  1 15  3  5 26.790  3.6   1
     2081  27.126278  102.802726     1.104   -13598.4    19657.8    -4889.0    152.5    160.2    309.1 2023  1 15  4 24 51.860  3.0   1
     2084  27.049471  102.990576     2.898     5041.6    11147.4    -3094.6    239.2     80.0    121.4 2023  1 15  5 40 13.010  2.7   1
     2093  26.683887  103.089567     1.203    14890.9   -29360.3    -4789.9    164.3    118.6    308.0 2023  1 15  8 44 35.800  2.4   1
     2119  27.108240  102.843555    14.301    -9548.4    17659.1     8307.7    100.9     81.4     89.0 2023  1 15 17 11  5.080  3.8   1
     2121  26.905760  102.818970     4.899   -11998.7    -4776.2    -1094.4    221.9    223.9    310.9 2023  1 15 17 27 46.360  2.8   1
     2131  26.803361  103.055924     3.924    11540.9   -16122.3    -2068.8    675.4    680.3   1660.0 2023  1 15 20  8 42.660  2.1   1
     2149  26.914252  103.120052     2.181    17903.9    -3835.2    -3812.5     64.3     68.2    112.1 2023  1 15 23 45 28.480  3.5   1
     2153  26.837604  102.955509    12.963     1562.8   -12327.9     6969.7    176.5    185.9    146.1 2023  1 16  2 13 26.450  3.6   1
     2157  27.169163  102.816992     1.644   -12180.7    24409.6    -4348.8      8.5      8.4     13.8 2023  1 16  3 47 40.300  3.3   1
     2173  26.853558  102.953923    11.421     1405.4   -10560.1     5427.8    212.8    100.9    150.1 2023  1 16  8 53 26.520  3.6   1
     2175  26.847040  102.964689    14.744     2474.5   -11282.6     8750.6    168.1    114.4    188.0 2023  1 16  8 58 50.730  3.3   1
     2195  26.839659  102.977205    12.874     3718.1   -12100.3     6880.5    147.8    102.4    160.2 2023  1 16 16  3 18.920  3.4   1
     2198  26.975419  102.923820     8.385    -1584.5     2942.3     2392.1    198.6    127.4    141.3 2023  1 16 16 16 44.450  3.2   1
     2199  26.972172  102.943392     9.030      358.5     2582.5     3036.8    215.4    187.3    202.4 2023  1 16 16 20  5.830  3.0   1
     2215  26.474990  102.982414     5.704     4242.2   -52506.6     -289.4    213.0    177.1    279.7 2023  1 16 19 35 29.480  2.0   1
     2219  26.985457  102.825985     7.574   -11297.9     4054.6     1581.3    143.2    206.7    142.9 2023  1 16 21  1 28.460  2.8   1
     2230  26.934489  103.056909    10.584    11632.2    -1593.0     4591.4    167.5    146.0    150.1 2023  1 16 23  4  7.160  2.5   1
     2231  26.583667  102.944303     4.043      450.4   -40464.8    -1949.8    450.1    230.6    681.1 2023  1 16 23 51 20.800  2.3   1
     2255  27.160988  103.117025    14.526    17584.5    23504.0     8533.3    275.6    303.8    251.1 2023  1 17  9 14 52.110  3.4   1
     2259  26.920508  103.062956    10.335    12232.7    -3142.0     4342.1    166.8    151.5    145.2 2023  1 17 10  7  6.440  2.6   1
     2276  27.025323  102.768490     6.901   -17003.7     8471.9      907.8    439.8    505.5    806.9 2023  1 17 14 35 43.370  3.3   1
     2294  27.124561  102.803784     2.168   -13494.0    19467.5    -3824.8    156.5    103.5    318.4 2023  1 17 18 47 54.980  3.6   1
     2305  27.046684  102.844027     7.470    -9504.0    10838.6     1476.7    113.6    112.4    179.3 2023  1 17 20 43 35.940  3.1   1
     2306  26.929132  102.921965    12.611    -1769.2    -2186.4     6618.4    235.7    219.4    157.8 2023  1 17 20 57  4.440  2.7   1
     2327  26.817576  103.025765    29.785     8543.0   -14547.0    23791.7    628.4    479.5    352.0 2023  1 18  1 23 41.130  3.2   1
     2339  27.102846  102.794824     1.064   -14384.5    17061.5    -4928.7     58.0     37.4     34.0 2023  1 18  6 11 30.060  3.3   1
     2348  26.991003  102.882682     5.120    -5668.6     4669.0     -873.1     10.9      7.2     10.7 2023  1 18  7 22 51.730  3.2   1
     2385  27.038149  102.819775    12.568   -11911.7     9892.8     6575.3    161.4    136.4    141.2 2023  1 18 21 12 59.400  3.2   1
     2402  26.904447  103.126554     2.723    18550.4    -4921.5    -3270.0     64.7     69.5    126.5 2023  1 19  3 45  0.380  2.3   1
     2438  27.099052  102.999731     3.658     5949.3    16641.1    -2334.7     79.4     42.3     77.5 2023  1 19 17 24 12.840  2.9   1
     2443  26.571149  103.045947    12.938    10560.3   -41852.0     6946.2    125.8    124.7    135.8 2023  1 19 18 37 36.240  3.7   1
     2447  26.860508  102.933602    11.562     -613.7    -9790.1     5569.4    199.9    176.3    149.7 2023  1 19 22  6 22.960  3.6   1
     2451  26.859941  102.935840    11.739     -391.2    -9853.1     5745.7    254.2    184.7    215.1 2023  1 19 22 42 21.840  3.2   1
     2463  26.984755  102.819645    13.970   -11927.3     3976.8     7976.9    338.8    295.2    276.4 2023  1 20  8 24  0.370  3.4   1
     2468  27.044322  102.846200     7.625    -9288.8    10577.0     1631.6    119.8    107.7    139.8 2023  1 20 14 49 58.820  3.6   1
     2473  27.000012  102.826310     7.526   -11265.1     5667.2     1532.5    146.1    177.7    146.6 2023  1 20 16 10 14.250  2.5   1
     2476  26.953389  102.893896     8.215    -4555.7      501.3     2221.9    349.4    120.6    246.8 2023  1 20 16 16 38.180  3.5   1
     2490  27.113755  102.827970    14.639   -11094.3    18270.2     8645.9    134.9     64.6     96.7 2023  1 20 19  7 17.640  3.4   1
     2499  26.745219  102.901823    14.437    -3772.6   -22564.5     8443.7     27.2     51.5     59.0 2023  1 20 20 43 15.000  1.3   1
     2510  27.037756  102.815519    14.348   -12334.0     9849.4     8355.2    210.5    158.8    219.7 2023  1 20 22 18 27.080  4.1   1
     2537  26.982912  102.798600    14.478   -14016.5     3772.6     8485.1     92.8     76.5     66.7 2023  1 21 19 43 34.100  3.3   1
     2543  26.983718  102.844824    14.399    -9427.7     3861.8     8405.9    220.1    153.5    187.0 2023  1 21 23 20 39.120  2.4   1
     2544  27.121482  102.820833     2.776   -11802.0    19126.5    -3217.6    174.4    196.8    411.1 2023  1 21 23 20 59.640  2.4   1
     2576  26.840033  102.912817    13.115    -2678.2   -12058.9     7121.8    211.9    155.9    167.9 2023  1 22 14 38 34.180  3.1   1
     2595  26.924141  102.935840    11.960     -391.2    -2739.3     5966.8    212.5    212.2    163.9 2023  1 22 20 25 59.880  2.7   1
     2608  27.125987  102.791789    10.335   -14683.9    19625.6     4341.6    134.3     54.4     98.8 2023  1 22 23 57 49.340  3.1   1
     2630  27.062549  103.127311    11.720    18612.7    12596.5     5727.3     46.3     25.0     71.0 2023  1 23 13 50 46.020  3.2   1
     2634  27.118962  102.839762     2.157    -9923.9    18847.1    -3836.0    377.1    185.3    434.5 2023  1 23 15 42 11.250  2.8   1
     2654  27.102702  102.858049    15.016    -8110.1    17045.6     9023.4    218.7    135.4    143.8 2023  1 23 21 54 10.300  4.3   1
     2662  27.118758  102.797575     3.596   -14110.0    18824.6    -2397.5    278.3    277.3    646.7 2023  1 24  0 35 17.620  2.5   1
     2672  27.047471  103.067057     5.971    12632.9    10926.0      -21.7    402.0    221.1    704.9 2023  1 24  3 57  8.160  2.7   1
     2674  27.115926  102.816878    11.010   -12194.8    18510.7     5016.5    177.1    100.9    179.1 2023  1 24  5 27  3.620  3.5   1
     2700  26.976182  102.927458     9.218    -1223.3     3026.9     3225.4    132.8    128.1    116.0 2023  1 24 17  6 42.280  4.3   1
     2703  26.842033  102.931616    13.756     -810.8   -11837.2     7762.5    190.9    153.5    114.3 2023  1 24 18 28 40.720  5.3   1
     2705  26.842816  102.935368     9.687     -438.5   -11750.5     3694.0    110.6    115.2    124.3 2023  1 24 18 39  8.100  3.5   1
     2706  26.840454  102.940991    13.271      120.8   -12012.2     7278.1    202.1    138.4    185.9 2023  1 24 19  2 19.360  4.5   1
     2720  26.492387  102.981999     9.723     4200.9   -50579.0     3729.5     38.9     70.6     77.4 2023  1 24 23 44 49.420  3.2   1
     2729  26.869861  102.909619    15.718    -2995.7    -8753.9     9725.3    371.2    294.9    259.0 2023  1 25  2 54 46.450  3.1   1
     2735  26.919871  102.932284     6.267     -744.4    -3212.6      273.9     99.4     93.5    110.6 2023  1 25  7  1 11.130  2.1   1
     2747  27.220475  102.961955     1.961     2199.2    30095.1    -4031.9     35.8     73.8     95.6 2023  1 25 12 43 18.710  0.7   1
     2748  26.970215  102.918351     8.928    -2127.8     2365.7     2934.8     98.3     88.8     96.2 2023  1 25 12 51 58.640  3.5   1
     2751  26.976475  102.923958     9.602    -1570.8     3059.2     3609.4    110.5     88.9     83.2 2023  1 25 14  8 38.810  3.4   1
     2754  26.501870  102.995898    10.096     5583.9   -49528.2     4103.1     45.1     73.0     65.8 2023  1 25 14 54 48.050  3.8   1
     2756  26.949949  102.916276     7.328    -2333.8      120.2     1334.5    368.7    241.4    231.7 2023  1 25 15 29  8.450  3.3   1
     2764  26.981130  102.900326     1.558    -3917.3     3575.1    -4435.1    238.4    603.9    348.1 2023  1 25 17 53 40.760  0.9   1
     2790  26.716221  103.010661    11.483     7045.4   -25777.5     5490.2     53.5     56.3     83.2 2023  1 25 22 18 21.720  4.1   1
     2804  26.743351  102.901538    14.603    -3800.3   -22771.5     8609.6     42.2     74.4     61.1 2023  1 25 23 33 14.880  3.5   1
     2823  26.984546  102.904053    19.534    -3547.1     3953.6    13541.3     23.7     21.9     85.8 2023  1 26  8 13 13.850  1.8   1
     2826  26.996851  102.818245    14.621   -12065.4     5317.0     8627.6    348.5    310.0    275.9 2023  1 26  8 57 51.390  3.5   1
     2827  27.178839  102.813037     7.670   -12572.4    25481.7     1677.0    112.9    176.7    275.7 2023  1 26  9  1 50.390  4.0   1
     2868  26.860545  102.937760    11.631     -200.3    -9786.0     5638.0    515.0    384.3    261.2 2023  1 27  3  4  5.290  3.2   1
     2873  26.958962  103.006226    10.992     6597.7     1118.8     4999.1    150.5    132.2    213.7 2023  1 27  6  3 14.460  1.4   1
     2876  26.861589  102.975830    13.141     3581.3    -9670.4     7147.8    227.8    153.8    179.0 2023  1 27  6 13 52.750  3.3   1
     2877  26.683610  103.011564    14.732     7136.7   -29390.8     8738.6     96.3     34.2     36.3 2023  1 27  6 25 49.430  3.5   1
     2889  26.988495  102.837508    13.100   -10153.8     4391.2     7106.7    112.4     73.1     72.4 2023  1 27 10 58 34.340  3.6   1
     2893  27.196232  102.955794     7.006     1588.9    27408.9     1013.1    259.7    183.8    187.8 2023  1 27 11 32  3.620  2.5   1
     2895  26.981921  102.901245     9.822    -3825.5     3662.8     3829.1     64.3    167.6     39.1 2023  1 27 12  9 22.740  3.3   1
     2898  26.977915  102.932145     9.372     -758.3     3218.9     3379.0    145.0    132.6    112.2 2023  1 27 13 50 19.660  3.3   1
     2904  26.993355  102.833024    13.406   -10598.6     4929.7     7412.5    115.4     75.2     61.8 2023  1 27 15 33 31.920  3.2   1
     2922  27.114358  102.848828     8.811    -9024.6    18337.0     2817.8    217.3    149.2    200.6 2023  1 27 20 21  5.380  3.1   1
     2929  27.043376  102.765894    14.208   -17260.0    10472.1     8214.6    177.4    148.9    178.6 2023  1 27 23 50 57.520  3.2   1
     2936  26.822040  102.970728    14.860     3075.3   -14052.6     8866.9    167.3    194.2    164.1 2023  1 28  2  0 52.420  3.3   1
     2956  26.881649  102.872144    10.088    -6718.1    -7447.8     4095.2    117.5    132.4     86.7 2023  1 28 10 40 14.790  2.7   1
     2958  26.981728  102.790828    14.609   -14788.5     3641.5     8615.8     76.2     72.6     61.3 2023  1 28 11 46 10.310  3.4   1
     2964  26.923560  102.903507     6.661    -3602.3    -2803.9      667.7    120.1    102.4     81.0 2023  1 28 12 13 23.580  3.3   1
     2970  27.025055  102.824414    14.168   -11452.0     8442.2     8175.2    105.7    110.2    101.6 2023  1 28 16 10 17.490  3.4   1
     2982  26.936302  102.886971    10.928    -5244.2    -1392.0     4934.9    429.1    331.5    149.8 2023  1 28 19 57 32.200  3.4   1
     3022  26.710748  103.025602    11.263     8531.4   -26384.0     5270.1     59.4     52.2     85.1 2023  1 29 13 41  6.720  3.2   1
     3042  27.099854  102.770866     4.421   -16761.6    16730.0    -1571.6    300.8    241.3    324.0 2023  1 29 20 41  5.560  1.4   1
     3045  26.877256  102.966927    15.571     2696.6    -7934.4     9577.5    209.7    209.3    289.9 2023  1 29 22 13  6.640  3.5   1
     3047  26.862716  102.940649     8.649       86.2    -9545.6     2655.8     77.9     64.9    101.8 2023  1 29 22 51 44.600  3.2   1
     3073  26.834863  102.942114     9.498      232.1   -12631.6     3505.3    116.2    116.8    170.1 2023  1 30 12  1 48.770  3.0   1
     3077  26.854130  102.949927    15.051     1008.1   -10496.8     9057.6    547.7    465.3    424.7 2023  1 30 12 26 51.580  3.5   1
     3095  26.947467  102.830697    14.317   -10832.2     -154.8     8323.8    112.8     90.7     85.3 2023  1 30 21 27  4.160  3.8   1
     3101  26.858767  102.967912     6.788     2794.4    -9983.1      794.7    242.1    167.2    236.7 2023  1 30 23 34 55.420  2.2   1
     3113  27.160494  103.108447    14.566    16733.5    23449.0     8572.9    286.0    302.7    250.4 2023  1 31  7  0 35.670  3.4   1
     3136  26.619867  103.008830    12.252     6866.7   -36453.8     6259.1    176.8    112.5    128.2 2023  1 31 16 27 59.290  3.8   1
     3140  26.882619  102.923918     8.327    -1575.4    -7340.3     2333.9    131.1    118.3    151.7 2023  1 31 17  3 23.640  3.8   1
     3152  27.021293  102.942716     4.305      291.9     8025.4    -1687.6     59.0     61.5     71.9 2023  1 31 19 52 21.760  2.3   1
     3153  26.927932  102.909855     8.709    -2971.9    -2319.3     2715.9    138.9    117.2    154.6 2023  1 31 20 31 50.780  2.5   1
     3156  26.952948  102.914648    10.247    -2495.7      452.3     4253.9    267.8    326.9    172.1 2023  1 31 21 28 23.660  2.7   1
     3161  26.929517  102.917570     8.029    -2205.2    -2143.8     2035.6    150.7    118.6    173.3 2023  1 31 22 23 52.560  2.7   1
     3178  26.945463  102.896069     7.784    -4340.1     -377.0     1791.1    557.2    323.8    227.4 2023  2  1  8 53 40.230  3.3   1
     3199  27.012653  102.812459     6.441   -12639.3     7068.0      448.1    197.3    154.8    177.7 2023  2  1 19 32 33.220  2.8   1
     3200  27.057395  102.866317     5.828    -7291.6    12025.6     -164.6    147.4    153.4    331.4 2023  2  1 20  5  3.440  3.0   1
     3205  26.991817  102.884318     3.752    -5506.1     4759.3    -2241.1     10.7      7.1     10.9 2023  2  1 21 43 10.840  1.7   1
     3219  26.978365  102.955884     6.442     1598.8     3268.8      449.4    863.0    914.0    782.7 2023  2  2  4 41  3.020  2.7   1
     3256  27.091231  102.770630     3.964   -16785.6    15774.7    -2029.4    286.1    246.0    328.2 2023  2  2 18 28 39.720  2.2   1
     3257  27.032823  103.069466     4.934    12873.5     9302.7    -1058.8    394.2    221.0    401.5 2023  2  2 18 33 15.720  1.0   1
     3264  26.949868  102.894067    11.533    -4539.1      111.1     5539.8    547.0    311.8    443.3 2023  2  2 20 27  4.280  2.9   1
     3291  27.108472  102.843978     8.484    -9506.1    17684.9     2490.7    145.2     82.3    108.9 2023  2  3  9 59 32.770  3.5   1
     3310  27.025804  102.831901    15.288   -10708.9     8525.0     9295.0    124.1    109.7    100.5 2023  2  3 20 44 11.440  1.8   1
     3335  27.235421  102.900732     1.662    -3872.1    31751.1    -4330.7     90.9     74.9     49.8 2023  2  4  9 55  4.260  2.1   1
     3336  27.167234  103.121159    13.169    17993.5    24196.0     7175.5    123.0    113.0    176.3 2023  2  4 10 29 17.550  4.6   1
     3356  26.977899  102.906388     1.148    -3315.2     3217.0    -4844.6    233.3    482.8    428.4 2023  2  4 16 28 44.010  2.2   1
     3365  26.955033  102.944979     9.318      516.0      683.4     3324.5    336.4    500.7    281.3 2023  2  4 19 34  7.760  2.5   1
     3366  26.982279  102.911556    20.139    -2802.2     3702.5    14146.1    169.9    101.2     38.5 2023  2  4 20  3 14.540  1.6   1
     3367  26.847980  102.947266    13.572      743.8   -11178.2     7579.3    218.2    204.7    167.8 2023  2  4 20  7 36.480  2.5   1
     3395  26.988877  102.770931    11.998   -16763.3     4433.5     6004.6     36.7     30.2     34.7 2023  2  5 12 41 57.150  3.3   1
     3396  27.010451  102.881608     6.760    -5774.9     6823.9      767.1    349.5    817.4    617.8 2023  2  5 13 31  8.540  2.5   1
     3405  26.986367  102.884025    15.964    -5535.5     4155.3     9971.1     57.0     75.1     59.3 2023  2  5 20 21 55.300  2.4   1
     3419  26.968168  102.921167    10.047    -1847.6     2139.0     4053.6    116.1    119.3    130.2 2023  2  6  1 12 27.600  4.9   1
     3421  26.991091  102.947078     5.864      724.5     4678.9     -129.4    862.9    894.1    787.4 2023  2  6  1 43 57.790  3.2   1
     3423  27.017415  102.935417     4.677     -432.8     7595.6    -1316.4     59.0     63.0     66.7 2023  2  6  2 11 43.840  2.9   1
     3434  26.967839  102.917830    10.388    -2179.6     2102.3     4395.3    112.7    146.2    117.1 2023  2  6  8 30 31.150  4.5   1
     3437  27.025450  103.116634    11.036    17555.5     8485.8     5042.5     49.3     51.8     67.3 2023  2  6 11 44 13.880  1.6   1
     3478  26.743154  102.858390    12.822    -8089.4   -22793.3     6829.2     46.0     26.8     34.2 2023  2  7  0 34 55.370  2.5   1
     3494  26.948244  102.879850     9.034    -5951.1      -68.7     3041.2    579.9    567.1    406.8 2023  2  7 10 51 42.860  2.7   1
     3497  26.577041  103.060262    11.266    11983.2   -41199.1     5272.9    124.3    104.5    115.2 2023  2  7 12 22 33.570  3.9   1
     3499  26.568231  103.059855    11.291    11943.9   -42175.2     5297.6    110.1    105.4    124.7 2023  2  7 12 51 49.860  3.6   1
     3506  26.978174  102.937760     6.117     -200.4     3247.5      124.1    273.2    258.3    246.8 2023  2  7 14 24 46.020  2.7   1
     3521  26.572343  103.056966    11.685    11656.3   -41719.5     5692.3    107.3     94.9    102.5 2023  2  7 18 46 48.700  4.0   1
     3533  27.103859  102.859229    13.980    -7993.4    17173.8     7986.5    184.5    123.4    105.5 2023  2  7 22 51 25.800  4.0   1
     3558  27.010803  102.870166     6.659    -6910.7     6863.0      665.5    351.2    796.5    595.9 2023  2  8 12  8 20.810  3.0   1
     3561  27.120194  102.871704    13.456    -6755.0    18983.8     7463.3    566.5    658.8    540.4 2023  2  8 15 37 19.870  3.9   1
     3564  27.106612  102.800513     2.475   -13819.5    17478.7    -3518.3     59.7     38.1     81.9 2023  2  8 16 55 27.230  2.5   1
     3603  26.928009  102.922437     8.987    -1721.8    -2310.9     2994.2    244.0    222.9    184.8 2023  2  9 17 12 51.860  1.9   1
     3621  26.981447  102.898942     4.139    -4054.3     3610.2    -1854.1    218.8    131.0    236.5 2023  2  9 22 14 15.300  2.2   1
     3626  26.877592  102.930257     4.990     -946.0    -7897.1    -1003.3    178.6    208.2    257.1 2023  2  9 23 58 10.260  3.0   1
     3641  26.829395  102.958781    12.533     1888.2   -13237.6     6540.0    358.7    233.7    284.5 2023  2 10  3 51 17.800  3.1   1
     3643  26.868608  102.940820     5.957      103.3    -8892.6      -36.0    161.7    123.4    273.3 2023  2 10  4 12 31.530  3.3   1
     3658  27.038277  102.765446    12.078   -17304.3     9907.2     6084.7    215.1    177.3    258.3 2023  2 10 11 42 25.830  3.6   1
     3661  26.964648  102.923299     7.903    -1635.9     1748.9     1910.4    224.2    142.5    125.8 2023  2 10 13 44 34.240  3.2   1
     3676  26.864575  102.941919     4.075      212.5    -9339.5    -1918.1    239.6    223.9    483.1 2023  2 10 18  5 36.080  2.7   1
     3677  26.987734  102.764119    12.782   -17439.6     4306.8     6789.2     36.4     29.6     34.0 2023  2 10 18 13 48.420  2.2   1
     3679  26.822386  102.963167    11.813     2323.5   -14014.1     5819.5    279.4    342.7    259.2 2023  2 10 18 51 51.000  2.9   1
     3681  26.820982  102.954590    15.943     1471.3   -14169.7     9950.3    171.1    282.5    180.7 2023  2 10 18 59 17.160  3.7   1
     3682  26.849784  103.000391    14.781     6021.7   -10978.4     8787.9    376.6    380.5    288.1 2023  2 10 20  1 54.320  2.5   1
     3689  26.812923  102.982715    14.735     4266.1   -15062.7     8741.9    187.2    261.1    244.9 2023  2 10 21 25 36.460  3.2   1
     3694  26.835441  102.959578    16.849     1967.5   -12567.5    10856.1    184.1    284.1    195.2 2023  2 10 22 52 55.800  3.0   1
     3696  26.814768  102.959115    12.286     1920.8   -14858.2     6293.3    247.6    259.2    245.1 2023  2 10 23 21 27.120  3.0   1
     3697  27.004213  102.812581     5.605   -12627.9     6132.7     -388.3    107.9    147.5    111.9 2023  2 10 23 27 25.760  2.8   1
     3703  26.927716  102.896265    10.466    -4321.5    -2343.2     4472.6    451.9    293.0    158.4 2023  2 11  0 34 33.290  3.9   1
     3721  27.127159  102.855314    11.072    -8380.4    19755.5     5078.5    126.4     87.0    193.1 2023  2 11  8 41  3.690  2.8   1
     3737  27.016654  102.836515     3.752   -10251.0     7511.2    -2240.6     52.4     77.6     48.2 2023  2 11 12 38 24.070  3.2   1
     3744  26.868368  102.940796     6.811      101.4    -8919.3      818.0    163.0    127.0    226.1 2023  2 11 15  5 42.430  2.9   1
     3786  27.180271  102.836971     7.669   -10198.7    25640.4     1675.9     97.3     76.7    121.5 2023  2 12  3 32 54.620  4.6   1
     3787  27.006936  102.810986     4.899   -12786.0     6434.5    -1093.6    154.5    225.6    138.1 2023  2 12  3 34  5.200  4.2   1
     3788  26.845333  102.953988    13.074     1411.9   -11471.7     7080.7    170.5    218.0    143.6 2023  2 12  3 36 55.170  3.0   1
     3810  26.841176  102.765299     4.265   -17334.0   -11932.1    -1728.2     94.1     45.4     91.8 2023  2 12  9 16 52.860  2.7   1
     3830  26.873802  102.928792    15.643    -1090.9    -8317.3     9649.5    236.5    153.0    180.2 2023  2 12 15 24 31.290  3.6   1
     3868  26.867818  102.924422    12.290    -1525.6    -8980.1     6296.5    200.1    228.4    157.2 2023  2 13  3 57 56.990  3.5   1
     3890  26.477802  102.975854     5.574     3589.8   -52194.9     -419.0    204.0    180.7    285.6 2023  2 13 12 44 44.880  3.3   1
     3906  26.831063  102.758146     2.913   -18045.4   -13052.7    -3079.8     80.6     45.2    135.0 2023  2 13 19 30 15.820  1.4   1
     3943  26.879183  102.970841    14.129     3085.6    -7720.9     8136.4    151.3    100.9    205.4 2023  2 14 21 11 56.760  3.0   1
     3948  27.117696  102.812500    13.306   -12629.7    18707.0     7313.2    317.6    183.2    222.6 2023  2 14 23  2 21.120  3.0   1
     3954  26.975372  102.849593    13.755    -8954.3     2937.0     7762.2    157.7    226.4    191.5 2023  2 15  2 44 14.520  3.0   1
     3964  27.100570  102.854215    12.391    -8491.0    16809.4     6398.3    467.4    223.5    368.2 2023  2 15 10 22 17.840  3.4   1
     3970  27.114827  102.819873     9.472   -11898.1    18389.1     3478.7    153.6     78.1    149.1 2023  2 15 11 38  6.520  3.0   1
     3973  26.964229  102.910604     7.988    -2896.8     1702.5     1995.0    344.7    354.9    246.0 2023  2 15 14 54  0.720  2.3   1
     3976  27.109847  102.839836     7.994    -9917.4    17837.2     2000.9    117.2     81.0    111.4 2023  2 15 15 17 29.780  2.8   1
     3977  26.844741  102.968986    11.746     2901.9   -11537.3     5752.8    405.2    319.5    440.6 2023  2 15 16  9 19.260  4.2   1
     3983  26.834241  102.970028    16.846     3005.4   -12700.6    10852.9    134.2    127.7    115.7 2023  2 15 20 50 46.760  2.9   1
     4024  27.120675  102.817285     1.633   -12154.7    19037.0    -4359.8    187.4    249.3    633.1 2023  2 17  0 14 51.630  3.4   1
     4041  26.949426  102.920068     7.447    -1957.4       62.2     1453.6    808.9    499.2    583.9 2023  2 17 13 22  2.790  2.8   1
     4047  26.843648  102.891520    10.872    -4794.2   -11658.2     4878.9    165.9    171.6    184.3 2023  2 17 17 44 19.540  2.7   1
     4048  26.839705  102.934131    18.355     -561.1   -12095.1    12362.4    204.5    172.2    141.8 2023  2 17 17 50 30.180  2.9   1
     4055  26.549394  103.011279     3.534     7112.2   -44262.5    -2459.3     42.5     44.2     48.5 2023  2 17 22 21 14.240  1.9   1
     4058  26.828701  102.968538    13.323     2857.1   -13314.4     7329.5    160.3    108.4    173.6 2023  2 17 23  0 31.120  3.8   1
     4070  27.079608  102.773763    29.141   -16475.9    14486.7    23148.3     48.9     54.4     34.7 2023  2 18  6 23 13.990  2.5   1
     4084  26.832229  103.013208    14.828     7295.1   -12923.6     8834.9    456.0    620.8    577.3 2023  2 18 11 25  4.350  3.4   1
     4116  27.098971  103.006624     2.231     6633.6    16632.1    -3761.7     80.6     43.9    157.0 2023  2 19  6 32 11.650  3.1   1
     4127  26.920166  102.642969    14.338   -29476.5    -3179.9     8344.7    487.1    849.3    625.4 2023  2 19 17 14  2.520  2.8   1
     4128  27.207585  102.961361     0.856     2141.0    28666.8    -5137.5     43.3     91.6    176.8 2023  2 19 19 13 18.680  0.8   1
     4134  27.189240  103.122371     9.648    18112.3    26634.2     3654.5    128.4    160.7    152.1 2023  2 19 21 32 17.360  3.1   1
     4135  26.950403  102.872046     4.363    -6725.4      170.4    -1630.3    668.5    822.0    764.3 2023  2 19 21 46 38.960  1.5   1
     4145  27.190200  102.961515     5.761     2156.1    26740.5     -231.7    236.2    172.6    206.2 2023  2 20  2 42 49.690  2.0   1
     4191  27.123470  102.839616    14.398    -9938.7    19346.7     8404.6    550.8    440.5    420.9 2023  2 21 10 20 53.620  4.4   1
     4208  27.101062  102.865422    14.645    -7379.1    16863.9     8652.4    610.5    271.0    423.1 2023  2 21 17 57 10.720  4.4   1
     4224  26.914842  102.912508     6.810    -2708.5    -3769.8      817.3    149.4    114.8     82.1 2023  2 21 23 18 40.080  4.2   1
     4226  27.123751  102.853011     6.951    -8609.3    19377.7      957.9    232.0    184.6    249.4 2023  2 21 23 53 52.720  4.6   1
     4231  26.606455  103.015641     3.890     7544.8   -37939.9    -2102.7    185.1    160.3    185.1 2023  2 22  4 44 59.660  2.3   1
     4249  27.232458  102.893457     2.176    -4593.7    31422.9    -3816.9     92.9     78.4     51.9 2023  2 22 13 53 29.500  2.2   1
     4255  27.120673  102.876245    14.186    -6304.5    19036.7     8192.9     93.2     54.3     71.0 2023  2 22 15 42 47.490  5.8   1
     4257  27.118667  102.846802     8.429    -9226.0    18814.5     2436.0    183.6    153.4    198.5 2023  2 22 16 22 50.940  3.6   1
     4273  27.213277  102.808822    11.104   -12988.9    29297.6     5111.1    231.6    284.1    257.6 2023  2 22 23 31 42.920  3.7   1
     4282  26.546167  103.018262     3.714     7807.3   -44620.0    -2279.3     39.6     40.9     41.7 2023  2 23  7  6 45.310  2.5   1
     4289  26.812797  102.906527    10.680    -3303.8   -15076.6     4687.4      4.2      2.9      3.6 2023  2 23 11 33 42.170  3.2   1
     4311  27.215936  102.783911     6.551   -15459.2    29592.3      558.1     91.4     99.9    148.7 2023  2 24  1 42  1.350  3.7   1
     4315  26.966681  102.896086     8.604    -4338.1     1974.1     2611.3    398.5    269.2    379.7 2023  2 24  5 13 31.620  3.6   1
     4322  26.562541  103.067204     2.771    12674.4   -42805.7    -3221.6     21.0     13.4     13.6 2023  2 24 12 38 47.950  3.1   1
     4349  27.207180  102.804606    11.005   -13407.4    28622.0     5011.8    137.0    260.3    263.7 2023  2 25  5 47 20.360  3.6   1
     4354  27.178648  102.814022     8.416   -12474.7    25460.7     2422.9    114.1    177.8    218.2 2023  2 25  8 59 17.600  2.5   1
     4359  26.916026  102.925798     6.408    -1388.4    -3638.6      415.4    173.6    104.9    160.3 2023  2 25 10  3 21.110  2.7   1
     4367  27.213798  102.784359    12.512   -15414.9    29355.4     6518.9    270.8    363.3    177.4 2023  2 25 12  5 31.040  3.5   1
     4368  27.198037  102.863753    11.611    -7541.0    27608.9     5617.8    505.5    262.7    431.3 2023  2 25 12 17 17.830  2.5   1
     4374  27.223014  102.769604     4.306   -16878.3    30376.5    -1687.3    135.1    133.2    149.5 2023  2 25 13  4  1.670  3.5   1
     4379  26.816848  103.041089    29.485    10066.1   -14627.9    23492.1    586.4    480.1    354.7 2023  2 25 14 34  6.980  3.2   1
     4386  26.853477  102.952002     9.721     1214.1   -10569.3     3728.2    115.7    108.8    202.9 2023  2 25 17 28  3.480  3.4   1
     4401  27.200513  102.841545    11.504    -9743.6    27883.3     5511.4    471.6    256.4    443.4 2023  2 25 21 21 32.000  2.2   1
     4419  27.215063  102.797786    12.135   -14083.0    29495.4     6141.7    155.5    172.0    189.4 2023  2 26  2 50 36.150  4.6   1
     4422  27.217088  102.800854    12.088   -13778.6    29719.8     6095.0    197.2    135.1    164.2 2023  2 26  3 56 46.530  4.0   1
     4445  26.848358  102.967627     7.886     2766.9   -11136.4     1892.5    113.6     91.7    165.4 2023  2 26 16 17  1.720  2.8   1
     4464  26.920095  102.923861     7.997    -1580.5    -3187.7     2004.2    126.1    101.1    106.7 2023  2 27  1 33 45.570  4.1   1
     4471  26.862732  102.951221    13.651     1136.4    -9543.8     7657.9    162.5    163.3    224.4 2023  2 27  5 56 53.330  3.4   1
     4472  27.069548  102.853890     5.793    -8524.1    13371.9     -199.6     98.4    129.7    177.3 2023  2 27  6  6 59.560  2.5   1
     4476  27.018589  102.803158     9.767   -13562.0     7725.8     3773.6     42.5     44.5     52.8 2023  2 27 10 16 56.540  3.3   1
     4478  27.136011  102.849284    10.149    -8979.1    20736.4     4156.2    271.6    215.3    297.7 2023  2 27 11 59 33.760  4.3   1
     4491  26.826245  102.969336    10.063     2936.3   -13586.6     4069.6    101.2     78.0    137.9 2023  2 27 20 25 38.820  3.6   1
     4508  26.980528  102.914657     3.954    -2494.3     3508.3    -2039.5    205.8    132.2    236.5 2023  2 28  9 41 52.130  2.7   1
     4517  26.871739  102.915202    14.782    -2441.1    -8545.9     8789.0    335.3    207.0    211.7 2023  2 28 15 11  5.610  3.4   1
     4526  26.756785  103.010506     9.998     7028.8   -21282.9     4006.1     54.2     49.1     42.7 2023  2 28 18 42 34.080  2.2   1
     4529  26.868760  102.910628    12.243    -2896.0    -8875.7     6250.1    335.3    261.1    424.2 2023  2 28 21 24  5.320  3.2   1
     4530  26.621562  103.015422    12.357     7522.4   -36266.1     6364.3    171.0    113.5    128.6 2023  2 28 21 42 45.880  3.9   1
     4540  26.910248  102.792025    10.405   -14674.2    -4278.7     4411.8    245.0    298.4    263.3 2023  3  1  5 57 41.830  3.5   1
     4544  27.082937  102.764958    28.164   -17349.7    14855.5    22170.5     47.4     53.4     35.1 2023  3  1 10 14  7.510  3.8   1
     4549  26.846145  102.976367     7.676     3634.5   -11381.6     1682.6    297.8    189.0    317.1 2023  3  1 11 36  8.330  4.1   1
     4550  26.898094  102.924813    17.065    -1486.4    -5625.6    11071.6     51.8     65.8     87.5 2023  3  1 11 42 30.150  3.5   1
     4551  26.861420  102.945850    11.742      602.9    -9689.1     5749.0    132.4    106.8    121.2 2023  3  1 11 57 26.400  3.6   1
     4560  26.839766  102.970809     6.823     3083.0   -12088.4      829.8    160.4    154.6    234.4 2023  3  1 16 21 48.300  2.7   1
     4563  27.212325  102.783781     4.502   -15473.0    29192.1    -1491.2     31.1     25.3     28.4 2023  3  1 18 54 27.200  3.0   1
     4565  26.849314  102.963477    12.754     2354.4   -11030.5     6761.3    213.5    148.4    136.5 2023  3  1 21 29 18.360  3.0   1
     4568  26.951654  102.801009     8.253   -13779.9      309.0     2259.8    101.5    114.8    140.1 2023  3  2  0 30 50.080  2.5   1
     4579  26.990784  102.764852    11.495   -17367.0     4644.6     5501.8     33.7     30.8     32.3 2023  3  2 11 35 43.970  2.1   1
     4580  27.127356  102.849235     3.422    -8984.1    19777.2    -2570.6    381.5    188.7    531.3 2023  3  2 12  8 46.380  3.7   1
     4588  26.929177  102.797860     5.034   -14093.7    -2181.4     -958.8    103.7    350.2    247.5 2023  3  2 15 53 24.000  2.5   1
     4591  27.007312  102.806942     6.361   -13187.6     6476.0      368.4    164.7    156.6    195.1 2023  3  2 16 50 48.560  4.2   1
     4596  26.859878  102.958187    13.911     1828.6    -9859.9     7917.6    166.9    133.7    139.6 2023  3  2 22 25 24.180  5.2   1
     4597  26.853796  103.020760     6.390     8044.5   -10533.8      396.8     99.7     71.0     99.7 2023  3  2 22 32 59.520  2.6   1
     4599  26.848254  102.974406     7.128     3439.8   -11148.0     1136.1    154.5    123.5    158.2 2023  3  2 22 48 55.160  3.7   1
     4601  26.839526  102.926156    14.260    -1353.4   -12115.1     8266.5    239.9    141.8    189.5 2023  3  3  1 24  8.360  3.3   1
     4615  26.826298  102.959953    11.492     2004.7   -13580.6     5499.3    204.9    179.2    170.8 2023  3  3 18 35 13.960  2.7   1
     4618  27.121863  102.797111     1.037   -14156.4    19168.7    -4956.3    152.7    137.6    335.0 2023  3  4  3  1  2.620  3.2   1
     4629  26.867348  102.927816    10.754    -1188.2    -9032.2     4760.8    273.8    182.2    186.5 2023  3  4 14 18 51.790  2.9   1
     4641  27.187885  102.848153     8.981    -9089.0    26484.1     2988.3     92.3     81.8    114.5 2023  3  4 20 26 14.320  3.4   1
     4645  27.214060  102.784033     5.105   -15447.6    29384.4     -888.1     28.2     26.4     78.3 2023  3  4 22 23 24.320  2.7   1
     4646  27.114303  102.856681     8.365    -8245.7    18331.0     2372.1    208.0    129.2    157.1 2023  3  4 22 34 25.720  3.0   1
     4647  27.217200  102.812061    12.407   -12667.3    29732.2     6414.0    261.0    267.0    153.1 2023  3  4 22 58 19.380  3.1   1
     4648  27.132290  102.796761     9.981   -14190.3    20324.0     3987.7    135.6     69.4     96.6 2023  3  5  0  8  8.700  3.6   1
     4651  26.849809  102.964836     7.335     2489.3   -10975.6     1342.2    180.9    117.2    206.8 2023  3  5  8 40 14.220  2.9   1
     4654  27.019051  102.849878     2.249    -8924.3     7776.8    -3744.3    354.4    118.5    127.7 2023  3  5 12 14 44.770  2.7   1
     4659  26.857043  102.951929    11.438     1207.1   -10173.9     5445.4     85.9     88.8    113.7 2023  3  5 15 55  1.790  3.5   1
     4673  26.862093  102.955257    12.296     1537.9    -9614.6     6302.7    112.7     95.7     79.4 2023  3  6  3 24 59.860  3.1   1
     4680  27.128479  102.822168    15.577   -11669.2    19901.7     9583.5    421.7    226.8    410.3 2023  3  6  7 11 16.110  4.4   1
     4682  27.130237  102.858268    10.101    -8087.3    20096.5     4107.8     96.6     57.5    102.3 2023  3  6  7 43  0.390  2.5   1
     4685  27.124815  102.861239     9.781    -7792.7    19495.7     3787.6    124.4     71.1    149.3 2023  3  6 11 41 37.020  4.0   1
     4690  27.213509  102.961198     1.444     2124.4    29323.2    -4548.7     33.9     40.5     66.0 2023  3  6 17 43 18.820  1.0   1
     4693  27.060140  102.857943     4.856    -8122.0    12329.5    -1137.0    125.6    113.1    373.4 2023  3  6 18 33 21.060  3.4   1
     4699  26.845583  102.952474    13.646     1261.0   -11443.9     7652.8    218.7    164.0    236.2 2023  3  6 20 48 46.520  6.1   1
     4702  26.840975  102.988737     8.284     4864.2   -11954.6     2290.9    173.8    121.3    199.9 2023  3  6 21  4 33.560  2.8   1
     4709  26.834104  102.994271    10.926     5413.4   -12715.7     4932.6    328.6    251.3    358.9 2023  3  6 21 58  3.300  3.2   1
     4710  26.857463  102.939673    10.573      -10.9   -10127.6     4579.9    191.4     94.5    172.8 2023  3  6 22 22 54.720  3.4   1
     4713  26.806124  102.991756    13.782     5164.9   -15816.1     7789.4    325.6    308.0    458.5 2023  3  6 23 10 34.880  3.3   1
     4714  26.841195  102.972233     7.785     3223.9   -11930.2     1792.2    136.9    127.5    218.7 2023  3  6 23 14 54.440  2.9   1
     4716  26.862327  102.955518    11.935     1563.6    -9588.7     5942.3     82.1     84.1     76.9 2023  3  6 23 32 30.960  2.8   1
     4718  26.840234  102.991512     7.524     5139.5   -12036.4     1530.8    139.5    142.4    200.9 2023  3  6 23 47  1.200  2.9   1
     4719  26.858030  102.967147    14.014     2718.5   -10064.6     8020.8    155.7    145.3    122.5 2023  3  6 23 51 24.000  3.8   1
     4727  26.854116  102.967228    11.815     2726.5   -10498.3     5822.3    185.7    106.2    137.1 2023  3  7  1 31 58.920  3.6   1
     4728  26.846045  102.956071    11.419     1618.9   -11392.7     5426.1    142.8    108.4    191.7 2023  3  7  2 24 32.150  4.1   1
     4730  26.849866  102.945036     7.575      522.4   -10969.4     1581.5    156.2    120.0    178.6 2023  3  7  3 21 32.720  3.4   1
     4731  26.848639  102.986662    13.499     4657.5   -11105.3     7505.6    276.8    318.3    251.1 2023  3  7  3 41 30.630  4.1   1
     4734  26.865363  102.926326    10.678    -1336.3    -9252.2     4685.1    234.9    182.4    184.2 2023  3  7  4 37  7.440  3.5   1
     4738  27.045532  102.769238    13.492   -16927.1    10710.9     7499.4    170.8    144.4    193.5 2023  3  7  5 32 22.230  4.8   1
     4739  26.856830  102.973885     9.865     3387.8   -10197.6     3871.8    145.3    172.5    162.3 2023  3  7  5 48 34.360  3.6   1
     4741  26.856311  102.968408    13.703     2843.9   -10255.1     7709.8    152.4    121.2     73.4 2023  3  7  7  3 58.910  4.4   1
     4744  26.857520  102.941341    13.219      154.9   -10121.2     7225.9    169.4    136.8    114.1 2023  3  7  8 29 47.790  3.6   1
     4745  26.848763  102.956982     7.366     1708.9   -11091.4     1372.5    151.4    103.2    154.7 2023  3  7  9  0 10.610  3.3   1
     4753  26.846604  102.944238    13.997      442.8   -11330.7     8004.0    213.7    138.7    163.8 2023  3  7 14  7 58.450  3.7   1
     4754  26.855979  102.923836    10.783    -1584.1   -10291.9     4789.9    289.1    228.4    213.7 2023  3  7 14 12 42.270  4.2   1
     4755  26.853237  102.941512    11.202      172.3   -10595.8     5208.6    208.9    125.6    164.3 2023  3  7 14 38 37.150  4.4   1
     4756  26.842220  102.972542    13.211     3255.3   -11816.6     7217.9    268.1    249.9    167.7 2023  3  7 14 40 28.990  5.1   1
     4757  26.830792  102.983179     6.919     4312.1   -13082.7      925.9    389.1    436.7    471.6 2023  3  7 14 45 52.360  3.4   1
     4759  26.840969  102.970378    11.600     3039.6   -11955.1     5606.8    165.5    141.4    162.1 2023  3  7 15 16 58.030  4.7   1
     4764  26.852932  102.979517    11.506     3947.6   -10629.7     5512.6     64.3     88.8     76.8 2023  3  7 19  1 47.760  3.4   1
     4765  26.857461  102.968823    10.789     2885.6   -10127.9     4796.3    119.1    112.8    117.0 2023  3  7 19 34 57.800  3.5   1
     4769  26.850303  102.966886    15.249     2693.0   -10920.8     9255.7    112.0     79.2    138.6 2023  3  7 21 13 56.800  4.2   1
     4770  26.846800  102.984375    10.446     4430.3   -11309.2     4453.3    163.2    203.4    118.9 2023  3  7 21 21 38.080  4.7   1
     4771  26.853760  102.969173     6.951     2920.1   -10537.9      957.9    156.1    102.5    166.4 2023  3  7 21 31 15.840  3.3   1
     4773  26.857168  102.969718     7.437     2973.9   -10160.2     1443.8    109.8     77.9    142.8 2023  3  7 21 37  4.420  3.1   1
     4774  26.852181  102.963159    16.041     2322.7   -10712.9    10048.2    150.4    130.5    167.4 2023  3  7 21 44 29.740  4.6   1
     4775  26.856309  102.940674    10.809       89.0   -10255.5     4815.9    152.6    127.1     97.5 2023  3  7 21 58 11.320  3.5   1
     4776  26.843601  102.939193     7.682      -58.0   -11663.5     1688.6    222.4    195.6    264.2 2023  3  7 22 12 13.060  3.0   1
     4777  26.869023  102.939185    11.234      -59.2    -8846.7     5241.0    145.5    130.5    108.7 2023  3  7 22 18  8.440  2.5   1
     4778  26.855664  102.935758     9.547     -399.2   -10326.9     3554.0    294.3    183.2    353.3 2023  3  7 22 33 19.200  3.1   1
     4784  26.850220  102.987492    12.315     4739.7   -10930.0     6322.1    163.7    156.8    170.2 2023  3  7 23 35 24.520  3.5   1
     4788  26.856051  102.968693    14.479     2872.7   -10284.0     8485.8    473.3    361.9    341.8 2023  3  8  0 27 48.520  3.5   1
     4789  26.855863  102.932886    14.935     -685.0   -10304.9     8942.1    391.1    201.3    246.7 2023  3  8  0 57 17.160  4.1   1
     4790  26.837848  102.968986     8.788     2902.0   -12301.0     2795.4     55.4     46.4     66.3 2023  3  8  1  6 50.680  2.6   1
     4791  26.850482  102.974398    12.001     3439.5   -10900.9     6007.9    256.6    218.2    186.1 2023  3  8  3  2 53.700  3.9   1
     4792  26.839561  102.942440     7.618      264.5   -12111.2     1625.4    147.2     98.1    120.3 2023  3  8  3 38 24.440  3.5   1
     4796  26.849963  102.985685    10.631     4560.5   -10958.4     4638.3    170.9    204.9    137.9 2023  3  8  4 57 33.230  3.8   1
     4797  26.847522  102.947990    11.915      815.7   -11229.1     5921.6    191.2    118.8    125.6 2023  3  8  5 35 57.320  3.5   1
     4800  26.864716  102.959204    12.930     1929.4    -9324.0     6937.2    186.9    140.6    147.3 2023  3  8  8 34 31.720  2.9   1
     4804  26.859279  102.966439    13.899     2648.5    -9926.4     7905.7    140.8    139.7     86.5 2023  3  8 10 57 26.430  3.6   1
     4807  26.852397  102.985465    11.449     4538.9   -10688.9     5455.8    266.1    298.9    228.3 2023  3  8 11 16  2.730  4.7   1
     4808  26.845443  103.002979    11.715     6278.3   -11459.5     5722.0    473.4    401.5    509.5 2023  3  8 11 32  1.250  4.6   1
     4811  26.850462  102.983805    13.983     4374.0   -10903.4     7990.1    260.1    250.1    176.3 2023  3  8 12 16  0.270  3.5   1
     4812  27.119826  102.879272    12.599    -6004.0    18942.9     6606.1    101.0     47.7     74.8 2023  3  8 12 28 57.760  4.6   1
     4815  26.851050  102.929183     9.224    -1052.6   -10838.2     3231.1    184.1    112.7    156.6 2023  3  8 13 18 43.040  4.4   1
     4817  26.855819  102.976636     8.288     3661.0   -10309.8     2295.0    139.9    118.0    177.8 2023  3  8 14 11 31.600  3.5   1
     4819  26.864217  102.932178    13.682     -755.0    -9379.3     7688.6    258.3    167.7    180.8 2023  3  8 14 20 24.160  3.3   1
     4823  26.888987  102.935767    18.361     -398.7    -6634.7    12367.5     58.2     56.5     87.3 2023  3  8 15 31 26.470  3.0   1
     4826  26.857788  102.999308    12.305     5913.3   -10091.5     6312.1    200.9    206.4    211.2 2023  3  8 16 15 45.670  3.2   1
     4829  27.129043  102.839038    10.597    -9995.7    19964.1     4603.9    267.0    216.8    291.4 2023  3  8 16 47  0.080  4.2   1
     4831  26.850083  102.931714     8.368     -801.6   -10945.3     2374.5    123.4    105.3    144.5 2023  3  8 17 18 39.800  3.2   1
     4837  26.856744  102.954329    14.509     1445.9   -10207.2     8516.1    458.3    236.1    292.7 2023  3  8 17 50 50.880  4.7   1
     4840  26.798448  102.995418    14.262     5528.8   -16666.7     8268.7    335.3    768.1    376.6 2023  3  8 18 13 36.560  4.5   1
     4842  26.838682  102.956348     8.033     1646.4   -12208.5     2040.3    134.7    107.3    104.6 2023  3  8 18 28  0.140  3.5   1
     4844  26.854443  102.938599    14.315     -117.5   -10462.2     8321.8    136.8     93.9     97.1 2023  3  8 18 45 27.760  2.8   1
     4845  26.829451  102.957153     5.144     1726.2   -13231.2     -849.5    160.5    115.8    229.5 2023  3  8 18 49 30.880  3.0   1
     4847  26.845083  102.975610     7.530     3559.8   -11499.3     1536.8     51.8     46.0     83.3 2023  3  8 18 57 27.600  2.7   1
     4849  26.963621  102.811133     7.503   -12774.0     1635.1     1510.2     93.5     93.3    128.4 2023  3  8 19  8 18.620  2.2   1
     4851  26.848971  102.937931     7.674     -183.5   -11068.5     1681.1    212.7    193.5    282.1 2023  3  8 19 33  5.040  3.0   1
     4861  26.841335  102.959668     6.814     1975.8   -11914.6      820.8    189.4     84.4    199.5 2023  3  8 21  9 17.160  3.3   1
     4863  26.851632  102.948617    10.207      878.1   -10773.8     4214.3    100.9     92.1    174.8 2023  3  8 22  6  3.880  2.9   1
     4866  26.832092  102.978361     6.878     3833.0   -12938.6      884.7    410.9    345.6    455.8 2023  3  8 22 33 58.560  2.5   1
     4867  26.853532  102.981185    14.148     4113.5   -10563.1     8155.1    213.6    167.9    165.1 2023  3  8 22 37 23.320  5.3   1
     4869  26.844257  102.972811     9.252     3281.9   -11590.9     3259.1    150.4    104.7    181.4 2023  3  8 22 47 56.720  3.4   1
     4870  26.849139  102.959294    10.971     1938.8   -11049.7     4977.8    201.0    147.8    178.2 2023  3  8 22 53 20.080  4.4   1
     4871  26.860992  102.958862    11.188     1896.0    -9736.6     5194.8    149.9    102.4    174.6 2023  3  8 23  1 14.240  4.4   1
     4873  26.851882  102.960921     9.536     2100.1   -10746.0     3543.2    263.1    205.0    258.7 2023  3  8 23 12 30.480  3.6   1
     4874  26.852614  103.022721     7.437     8239.8   -10664.7     1444.3    101.9     74.1    157.4 2023  3  8 23 13 55.680  3.0   1
     4875  26.849414  102.944930     9.554      511.7   -11019.5     3561.0    141.2     97.8    205.8 2023  3  8 23 18 10.680  3.7   1
     4876  26.847788  102.928280    11.178    -1142.6   -11199.5     5184.6    113.2    102.9    105.3 2023  3  8 23 31 30.160  3.5   1
     4878  26.857963  102.994849    14.959     5470.9   -10072.1     8966.2    247.7    223.0    202.6 2023  3  8 23 45 23.320  3.4   1
     4879  26.839846  102.933805    10.934     -593.6   -12079.6     4940.7    183.6    127.9    196.6 2023  3  8 23 46 48.580  3.6   1
     4881  26.860730  102.938656     8.133     -111.5    -9765.6     2140.3     76.1     60.5     97.1 2023  3  9  0  8 16.170  3.0   1
     4882  26.842027  102.996151     9.836     5600.1   -11837.9     3842.7    153.2    163.0    133.0 2023  3  9  0 11 33.010  3.5   1
     4883  26.850376  102.935954    11.201     -380.0   -10912.8     5208.2    258.2    185.8    162.4 2023  3  9  0 20 14.340  4.0   1
     4884  26.863595  102.957397    17.846     1750.6    -9448.1    11853.3    431.1    277.1    218.1 2023  3  9  0 23 50.010  4.0   1
     4886  26.888391  102.784285    17.102   -15444.3    -6700.6    11109.0      0.0      0.0      0.0 2023  3  9  0 34 17.400  2.9   1
     4888  27.195821  103.123641    11.373    18237.5    27363.4     5379.6    132.3    169.5    115.6 2023  3  9  1  1 20.590  3.9   1
     4890  26.852938  102.927580    12.070    -1212.2   -10629.0     6076.8    209.2    179.0    150.1 2023  3  9  1 40 14.960  3.8   1
     4893  26.856498  102.961613    10.400     2168.7   -10234.5     4406.8    199.1    133.0    176.7 2023  3  9  5 13 22.700  5.9   1
     4894  26.857082  102.987484    13.992     4738.6   -10169.8     7999.3    247.8    254.0    186.0 2023  3  9  5 38 48.930  3.3   1
     4897  26.880408  102.889795    10.880    -4964.6    -7585.3     4886.4    144.7    130.9     83.5 2023  3  9  6 15  2.590  3.8   1
     4898  26.863167  102.971785     8.792     3179.2    -9495.4     2799.2    197.3    144.2    199.3 2023  3  9  6 15 57.280  3.5   1
     4900  26.853957  102.974821    10.347     3480.8   -10516.0     4354.0    142.4    140.6    172.9 2023  3  9  6 32  3.540  4.3   1
     4902  26.857125  102.969027    10.819     2905.3   -10165.1     4825.6    121.1    117.0    103.1 2023  3  9  6 45 48.880  4.0   1
     4903  26.863263  102.950041    11.667     1019.1    -9485.0     5673.9    183.8    156.3    176.3 2023  3  9  6 46 51.560  3.8   1
     4905  26.843984  102.955233     4.838     1534.9   -11621.0    -1155.0     98.7    104.2    211.9 2023  3  9  7  8 25.460  3.1   1
     4909  26.866956  102.943359    14.872      355.4    -9075.7     8878.5    342.6    193.9    215.0 2023  3  9  7 34 40.850  4.3   1
     4910  26.862516  102.959701    11.542     1979.2    -9567.6     5549.4     97.7     85.7     96.6 2023  3  9  7 45 49.050  3.3   1
     4911  26.858415  102.981828    10.370     4177.3   -10022.1     4377.2     96.1    128.9    102.5 2023  3  9  7 50 26.180  3.9   1
     4912  26.841266  102.977987    11.515     3795.9   -11922.2     5522.4    190.5    151.9    169.9 2023  3  9  8  5  8.630  4.8   1
     4914  26.848991  102.942741     6.634      294.0   -11066.4      640.9    147.8    132.3    144.7 2023  3  9  8 52 12.370  3.2   1
     4916  26.853585  102.979110    11.224     3907.5   -10557.3     5230.5    130.7    101.1    114.8 2023  3  9  9  0 32.420  4.1   1
     4917  26.850598  102.975863     7.648     3584.8   -10888.2     1654.5    110.2     94.9    155.1 2023  3  9  9  4 21.020  3.5   1
     4918  26.855916  102.932389    10.432     -733.9   -10298.9     4439.3    203.0    124.2    199.3 2023  3  9  9 17 12.240  4.3   1
     4926  27.118567  102.844995    10.935    -9405.3    18803.4     4942.0    194.0    132.7    312.8 2023  3  9 10 41  7.130  4.5   1
     4928  26.850415  102.957422     5.678     1752.6   -10908.4     -314.7    200.4    185.9    288.9 2023  3  9 10 55  9.960  2.9   1
     4929  26.865737  102.961458    13.437     2153.8    -9210.8     7444.3    142.0    116.8    188.3 2023  3  9 11 29 18.650  3.4   1
     4930  26.859753  102.988965    10.105     4886.4    -9873.7     4112.4    145.6    127.9    148.2 2023  3  9 11 30 47.930  3.3   1
     4948  26.840792  102.990633    11.091     5052.6   -11974.8     5098.4    121.6    133.8    155.1 2023  3  9 14 21 16.690  3.2   1
     4952  26.840914  102.989478     7.142     4937.2   -11961.2     1149.3    180.9    166.0    270.5 2023  3  9 16 32  5.440  4.1   1
     4958  26.866652  102.862467    10.027    -7680.1    -9109.2     4033.7    102.2    168.3    247.5 2023  3  9 19  9 13.540  4.3   1
     4959  26.851221  102.920288    11.404    -1936.1   -10819.3     5410.6    207.4    175.9    152.4 2023  3  9 19 16 19.620  2.8   1
     4963  26.852950  102.945858    11.387      604.2   -10627.7     5393.5    130.5     91.6     92.8 2023  3  9 20 12 33.500  2.8   1
     4966  26.857292  102.941829    13.835      203.7   -10146.6     7842.2    144.6     86.5     91.7 2023  3  9 20 28 34.180  3.9   1
     4968  26.852299  102.944548    13.684      473.8   -10699.8     7690.9    323.6    161.2    328.1 2023  3  9 20 45 26.880  3.4   1
     4969  26.850222  102.948641    10.864      880.2   -10929.8     4871.0    104.2     73.8    124.5 2023  3  9 20 49 10.180  3.5   1
     4971  26.839555  102.972152     6.537     3215.9   -12111.9      544.0    417.5    351.9    476.3 2023  3  9 20 56  0.000  2.7   1
     4972  26.856309  102.938517    13.891     -125.0   -10255.3     7898.3    294.0    247.6    274.2 2023  3  9 20 59 26.520  3.3   1
     4974  26.864825  102.963159    13.392     2322.7    -9311.8     7398.8    185.1    109.1    115.5 2023  3  9 21  6 49.720  5.2   1
     4975  26.872111  102.941138    16.244      135.0    -8504.5    10250.5    226.7    138.7    140.2 2023  3  9 21 12 28.800  3.3   1
     4977  26.889852  102.869482     7.283    -6982.5    -6538.7     1290.0     39.6     32.8     61.3 2023  3  9 21 21 14.400  2.6   1
     4978  26.840108  102.977336    12.269     3731.6   -12050.5     6275.8    626.4    529.4    524.2 2023  3  9 21 23 53.800  3.0   1
     4981  26.854576  102.949797    11.400      995.0   -10447.5     5407.3    165.1    129.7    146.7 2023  3  9 21 36  5.360  3.9   1
     4982  26.853247  102.944792    15.346      497.8   -10594.6     9353.3    501.9    381.2    490.0 2023  3  9 21 40 47.760  3.0   1
     4984  26.844753  102.997827    10.121     5766.7   -11535.8     4128.2    319.8    306.1    372.1 2023  3  9 21 46 59.720  2.8   1
     4988  26.879460  102.897087    13.050    -4241.0    -7690.3     7056.9     49.7     20.1     37.6 2023  3  9 22 21 41.340  2.9   1
     4992  26.851898  102.974927    10.900     3492.0   -10744.1     4906.6     59.8     82.8     73.4 2023  3  9 22 48 34.400  3.8   1
     4993  26.920868  102.857918     9.452    -8129.8    -3102.0     3458.8    261.8    234.4    174.9 2023  3  9 23 12 44.980  3.2   1
     4997  26.864469  102.950944    13.020     1109.5    -9351.2     7026.5    156.8     99.9    103.4 2023  3 10  0 20 44.950  5.5   1
     4999  26.853170  102.947559    11.785      772.5   -10603.4     5791.5    195.8    137.8    133.5 2023  3 10  0 50 10.610  4.2   1
     5000  26.855149  102.979150    15.685     3911.0   -10383.8     9692.4    173.4    164.7    187.7 2023  3 10  1 32 17.130  4.6   1
     5001  26.859247  102.962980    12.214     2304.5    -9929.9     6221.3    134.1     99.7    105.4 2023  3 10  1 58 31.600  2.6   1
     5004  26.866878  102.905672     9.049    -3387.6    -9084.4     3055.7     69.3     42.5     87.7 2023  3 10  2 51 15.710  3.4   1
     5005  26.941327  102.828467     8.876   -11053.5     -835.2     2883.2     13.1     17.6     16.2 2023  3 10  2 53 24.800  3.2   1
     5007  26.841941  102.971720     9.210     3173.2   -11847.4     3217.3    156.5    132.6    197.2 2023  3 10  3 17 29.440  3.0   1
     5009  26.847843  103.014697    14.386     7442.6   -11193.4     8393.3    307.0    254.4    305.1 2023  3 10  3 28 22.810  3.7   1
     5010  26.842794  102.940007     9.874       22.7   -11752.9     3880.5    186.1    144.0    266.3 2023  3 10  3 57 59.450  3.5   1
     5011  26.867249  102.932943    11.612     -679.4    -9043.2     5619.4    166.7    153.0    122.6 2023  3 10  5 39 33.770  2.9   1
     5014  26.866654  102.951611    11.815     1175.3    -9109.2     5821.7     94.8     99.0     80.1 2023  3 10  6 35 52.600  3.3   1
     5015  26.968007  102.794401     6.801   -14434.7     2121.1      807.8     99.4     96.5    148.7 2023  3 10  6 36 58.260  2.9   1
     5021  26.859778  102.914836     9.280    -2477.6    -9871.0     3287.0    261.4    144.7    226.1 2023  3 10 10 18  2.270  2.9   1
     5022  26.844295  102.990812    10.302     5070.3   -11586.6     4309.2    131.2    131.0     97.3 2023  3 10 11 21 23.550  3.4   1
     5023  26.855459  102.965031    13.679     2508.6   -10349.8     7686.2    206.0    241.5    151.6 2023  3 10 12 19 19.430  3.5   1
     5024  26.832416  102.988395    13.007     4830.2   -12902.8     7014.1    150.1    102.3    164.6 2023  3 10 13 19 22.060  4.1   1
     5030  26.869950  102.928573    10.776    -1113.5    -8743.9     4783.3    209.8    172.0    161.0 2023  3 10 14 54 40.440  2.6   1
     5032  26.842586  102.931787    14.510     -794.1   -11775.9     8516.6    284.1    172.4    165.7 2023  3 10 16 13 27.840  3.8   1
     5036  27.035099  102.894116    11.559    -4532.7     9555.1     5565.6    302.1    204.3    127.1 2023  3 10 18  8  4.040  4.8   1
     5041  27.025301  102.898169    11.906    -4130.6     8469.4     5912.5    276.1    201.0    105.1 2023  3 10 18 52 49.780  3.7   1
     5043  27.038247  102.909562     9.575    -2999.4     9903.7     3582.4    536.3    315.0    353.6 2023  3 10 18 57 22.840  3.7   1
     5044  27.021952  102.886759    11.023    -5263.5     8098.3     5030.2    380.9    317.2    265.8 2023  3 10 19  2 23.560  3.3   1
     5045  27.027893  102.898299     9.828    -4117.1     8756.6     3835.3    249.4    153.8    165.5 2023  3 10 19  5 56.440  3.2   1
     5048  27.014303  102.894450    11.925    -4499.5     7250.6     5932.2    326.5    161.4    105.1 2023  3 10 19 23 42.860  2.3   1
     5049  26.867851  102.941659    10.546      186.8    -8976.5     4553.4    167.3    155.1    158.2 2023  3 10 19 42 54.160  3.0   1
     5052  27.025238  102.905257     9.450    -3426.8     8462.3     3456.7    357.6    201.6    219.1 2023  3 10 19 55 36.560  3.2   1
     5054  26.851827  102.971672     6.860     3168.6   -10752.0      867.0    162.8    141.9    193.2 2023  3 10 20 14 21.840  3.4   1
     5055  27.028642  102.889103    10.158    -5030.1     8839.6     4164.5    360.5    201.5    198.9 2023  3 10 20 25 37.900  3.9   1
     5061  26.856494  102.962004     8.619     2207.7   -10235.0     2625.8    207.4    138.5    232.6 2023  3 10 21  1 11.540  3.5   1
     5064  26.848185  102.970337     5.674     3036.1   -11155.5     -319.0    171.5    109.3    268.8 2023  3 10 21 25  8.900  3.2   1
     5065  26.846263  102.940356     9.067       57.7   -11368.6     3074.1    159.6    116.4    194.0 2023  3 10 21 37 59.520  3.1   1
     5070  26.853648  102.968457     8.438     2849.1   -10550.2     2444.5    157.8    112.0    178.0 2023  3 10 22 15  6.200  3.0   1
     5071  27.118211  102.859701    13.469    -7946.1    18764.0     7475.5    195.6    158.0    145.7 2023  3 10 22 20 47.880  3.5   1
     5072  26.866756  102.940145    12.854       36.0    -9097.8     6861.3    130.2    106.2    111.2 2023  3 10 22 47  7.080  2.2   1
     5079  26.858150  102.945898     6.895      607.8   -10051.4      902.0    115.7     97.6    166.9 2023  3 10 23 16  8.140  3.5   1
     5080  26.862441  102.971558     8.525     3157.0    -9576.1     2531.7    190.7    164.1    209.8 2023  3 10 23 23 55.640  3.3   1
     5083  27.108386  102.831038     9.806   -10790.6    17675.3     3813.3     59.6     36.3     90.9 2023  3 11  0  8 26.740  3.5   1
     5087  26.850222  102.957943    12.449     1804.2   -10929.9     6456.2    355.6    275.0    355.0 2023  3 11 13  1 44.270  3.3   1
     5091  26.918026  102.791886    10.587   -14687.8    -3417.0     4594.4    243.6    313.6    258.4 2023  3 11 14 29 21.430  2.3   1
     5092  27.101367  102.821509     9.262   -11736.7    16897.7     3269.4    130.2     62.6     80.1 2023  3 11 14 41 36.040  2.8   1
     5106  26.875498  102.872664     7.765    -6666.8    -8129.2     1772.0     48.3     27.1     64.2 2023  3 11 21  1 59.360  2.7   1
     5108  26.853361  103.013696    15.874     7342.9   -10582.0     9880.6    364.5    263.0    471.4 2023  3 11 21 12 16.400  3.5   1
     5115  27.160382  103.119051    12.513    17784.9    23436.6     6520.1    125.7    108.7    180.3 2023  3 11 23 30 29.120  4.9   1
     5121  26.839840  102.934465    13.056     -527.9   -12080.2     7063.3    219.5    140.2    152.4 2023  3 12  1 19  0.220  4.1   1
     5132  26.845508  102.959302     9.312     1939.7   -11452.2     3318.6    267.8    202.6    252.1 2023  3 12  8 12 14.250  3.6   1
     5136  27.117674  102.794499     2.285   -14415.5    18704.5    -3708.1    199.0    144.9    341.6 2023  3 12  9 45 22.730  4.0   1
     5148  26.874941  102.895256    14.558    -4422.5    -8190.8     8564.9     50.4     20.7     36.5 2023  3 12 15 10  5.380  3.3   1
     5152  26.861967  102.928817     9.023    -1088.6    -9628.5     3030.3    177.9    143.8    178.9 2023  3 12 16  1 19.410  2.5   1
     5157  26.878644  102.916593    14.929    -2302.8    -7780.6     8936.1    270.3    199.3    209.3 2023  3 12 19  9 25.120  3.2   1
     5158  27.003017  102.802775     5.180   -13601.3     6000.3     -813.5    152.1    276.1    180.0 2023  3 12 19 23 38.260  3.5   1
     5162  27.128632  102.839909     9.390    -9909.6    19918.5     3397.3    294.3    288.7    394.0 2023  3 12 20 30 52.180  2.9   1
     5165  26.945962  102.823405     8.077   -11555.7     -321.8     2083.9     12.8     17.3     17.1 2023  3 12 21 27  6.560  3.0   1
