        3  26.913658  102.834896    12.042   -10266.7    -4025.3     5905.5    213.3    264.2    191.1 2022  8 23 16 29 48.550  1.9   1
      444  27.025077  102.791121     8.814   -14607.3     8320.3     2677.8     10.3     13.3      7.0 2022  9 24  7 41 55.320  2.6   1
      672  26.822904  102.895199    10.756    -4279.8   -14080.9     4619.1      2.4      1.4      1.7 2022 10 10  3 35  1.940  3.7   1
      779  27.067684  102.753988     4.538   -18290.3    13041.2    -1598.3     12.8     19.0     16.5 2022 10 17 22 37 48.240  2.6   1
     1068  26.731852  103.090861     9.742    15166.3   -24169.7     3606.0     26.8     27.7     70.3 2022 12  4 21  3 17.040  1.6   1
     1104  26.870945  102.902938     9.611    -3510.1    -8757.8     3474.8     59.9     33.6     76.2 2023  1  1  1  2 48.170  2.7   1
     1148  26.921696  102.899064     9.323    -3893.7    -3134.5     3186.4    200.5    140.8    168.6 2023  1  1 17  9 12.760  2.5   1
     1150  26.925218  102.916618     7.255    -2150.6    -2744.5     1118.6    102.7     82.4     97.8 2023  1  1 17 54 31.060  2.5   1
     1194  26.824382  102.943132    13.247      482.8   -13917.3     7110.8    127.2     95.2     77.6 2023  1  2 13 15 59.500  3.7   1
     1213  26.979789  102.897412     8.528    -4057.0     3302.4     2391.9    275.7    583.6    170.2 2023  1  2 20 38 12.040  2.4   1
     1214  26.981681  102.906519    20.221    -3153.0     3512.1    14084.9     27.2     39.4     49.8 2023  1  2 20 43 14.180  0.7   1
     1233  27.102020  102.981217     8.010     4261.3    16845.8     1873.4      6.0      3.4      6.6 2023  1  3  3 48 43.310  3.1   1
     1248  27.135166  102.834188    12.690   -10327.2    20518.4     6553.3     46.7     63.8     32.4 2023  1  3 10 35 16.200  2.6   1
     1350  26.851656  102.958114    14.460     1971.0   -10895.2     8323.6    108.7     85.4    119.6 2023  1  4 19 27 11.020  3.5   1
     1360  26.969177  102.929899     5.788     -831.7     2126.5     -348.7     93.0    105.2     83.4 2023  1  4 22 34  8.940  2.1   1
     1387  26.843424  102.959359     8.194     2095.2   -11807.2     2057.4    154.9    147.0    191.2 2023  1  5 13 36 43.040  3.8   1
     1395  26.924302  102.914437     7.178    -2366.9    -2845.8     1041.8    114.9     71.5     95.4 2023  1  5 16 58 37.710  3.2   1
     1406  26.975250  102.908805    19.782    -2925.8     2799.4    13645.5     18.6     28.7     57.7 2023  1  5 18 53 13.880  1.2   1
     1410  26.847404  102.948177     4.758      984.3   -11366.4    -1378.2     30.2     50.3     84.9 2023  1  5 19 19 20.860  2.6   1
     1411  26.922166  102.838184    10.786    -9940.4    -3082.4     4650.0    207.0    274.3    193.2 2023  1  5 19 20 31.660  2.4   1
     1412  26.851807  102.944784     4.413      646.8   -10878.5    -1723.2     26.6     40.8     78.5 2023  1  5 19 34 36.200  2.3   1
     1425  26.824111  102.953499    13.952     1512.7   -13947.3     7816.0    189.9    155.0    111.1 2023  1  5 21  4 48.560  3.5   1
     1428  26.832190  102.971712    16.757     3322.4   -13052.0    10621.1    100.3     91.8     92.3 2023  1  5 21 57 36.580  5.6   1
     1431  26.831443  102.947689    10.788      935.6   -13134.8     4651.8    164.7     88.0    125.8 2023  1  5 22  4  9.800  4.9   1
     1432  26.874603  102.857764    11.207    -7997.2    -8352.6     5070.9    181.3    211.3    142.9 2023  1  5 22  8 18.040  2.8   1
     1433  26.837850  102.946476    11.556      814.8   -12424.9     5419.4     87.6    102.9    107.0 2023  1  5 22 15 54.360  2.9   1
     1436  26.824213  102.953052    14.181     1468.5   -13936.1     8044.9    179.5    101.2     84.8 2023  1  5 22 21  5.480  5.6   1
     1440  26.831024  102.960311    13.689     2189.8   -13181.2     7553.0     90.7    112.0     63.9 2023  1  5 22 45 17.520  4.8   1
     1441  26.837958  102.963566    12.355     2512.5   -12413.0     6218.1    106.2     70.8     67.3 2023  1  5 22 47 20.320  3.1   1
     1444  26.837380  102.967285    16.019     2882.0   -12477.0     9882.5    113.6    140.5     54.1 2023  1  5 23  2 29.760  3.2   1
     1445  26.833628  102.964095    11.875     2565.7   -12892.8     5738.5     80.6     60.0    106.3 2023  1  5 23  5 44.480  4.0   1
     1446  26.842297  102.946753    16.813      842.7   -11932.1    10676.9    604.2    389.3    395.8 2023  1  5 23 11 18.480  3.4   1
     1448  26.823551  102.962337    14.705     2390.7   -14009.4     8568.8    122.2    103.8     66.5 2023  1  5 23 27 57.080  5.4   1
     1461  26.836165  102.922201    11.395    -1596.6   -12611.6     5258.6    163.1     77.1    148.2 2023  1  6  2  9 13.140  3.6   1
     1465  26.826750  102.969938    17.181     3145.9   -13654.8    11044.6    178.4    155.6    148.9 2023  1  6  2 50 22.410  5.9   1
     1467  26.835272  102.963566    11.997     2512.8   -12710.5     5860.2    100.0     68.3     46.5 2023  1  6  2 57  1.020  3.8   1
     1469  26.837366  102.949935    12.537     1159.0   -12478.6     6400.7    161.0    173.7    114.7 2023  1  6  3  0 59.270  3.6   1
     1470  26.829071  102.950537    13.282     1218.6   -13397.6     7145.4     91.9     64.7     75.5 2023  1  6  3 25  4.030  3.7   1
     1479  26.833836  102.960815    14.291     2239.5   -12869.7     8154.8     58.6     83.1     68.9 2023  1  6  4 27 46.330  3.9   1
     1480  26.831628  102.975822    13.474     3730.7   -13114.3     7337.7    136.7    144.0     95.8 2023  1  6  4 51 23.310  3.7   1
     1489  26.814461  102.961686    12.367     2326.3   -15016.5     6230.6    143.5    127.7    112.9 2023  1  6  6  5 52.330  3.0   1
     1490  26.836287  102.963208    13.455     2477.1   -12598.2     7318.1    187.1    197.3    116.7 2023  1  6  6  8 33.500  3.0   1
     1496  26.835498  102.960343    13.927     2193.0   -12685.4     7790.3     89.0     89.4     69.8 2023  1  6  7 51  6.930  4.0   1
     1509  26.836147  102.979964    17.165     4141.8   -12613.6    11028.8    140.3    170.6     98.2 2023  1  6 11  5  1.410  3.2   1
     1510  26.970396  102.910327     8.295    -2774.8     2261.5     2158.2    232.4    223.2    190.5 2023  1  6 11 15 40.300  5.4   1
     1511  26.838139  102.957113    14.115     1871.9   -12393.0     7978.6    114.1     84.1     98.6 2023  1  6 11 24 59.760  3.7   1
     1520  26.837547  102.950024    14.004     1167.3   -12458.5     7867.4    145.4    165.4    119.9 2023  1  6 14 37 17.560  3.7   1
     1530  26.834637  102.936662    10.369     -160.4   -12780.9     4232.7    147.7    110.8    147.8 2023  1  6 16 14 42.600  2.7   1
     1551  26.824615  102.952319    13.266     1395.2   -13891.3     7129.3    119.0     71.0     74.1 2023  1  6 20 36  5.420  3.7   1
     1558  26.828841  102.962557    13.356     2413.0   -13423.1     7219.9    115.3    146.5     70.6 2023  1  6 21 38 29.200  4.3   1
     1573  27.093427  102.979997     8.048     4140.8    15893.6     1911.6      6.0      3.4      6.8 2023  1  7  0 47 17.390  3.2   1
     1584  26.939162  102.671338    12.433   -26507.3    -1199.3     6296.6     17.5     21.8     20.8 2023  1  7  5 10 35.680  2.9   1
     1607  26.959499  102.891081     7.214    -4685.8     1054.1     1077.9    198.5    139.0    196.2 2023  1  7 15 39 14.060  2.9   1
     1608  27.099548  102.887988    14.020    -4989.9    16572.0     7883.4    260.5    136.2    134.5 2023  1  7 15 40  8.830  4.2   1
     1611  26.835050  102.948958    14.490     1061.3   -12735.2     8353.6     88.4     97.4     85.0 2023  1  7 16 37 55.380  2.6   1
     1620  26.809568  102.954435    12.685     1605.5   -15558.5     6548.9    135.9    127.0    140.4 2023  1  7 20 13  6.540  3.4   1
     1644  26.835563  102.925887    12.988    -1230.2   -12678.4     6851.9    270.7    209.0    211.7 2023  1  8  5 28 16.570  3.7   1
     1653  26.834133  102.952767    14.236     1439.8   -12836.9     8099.4     73.4     70.1     65.9 2023  1  8  9 21  3.240  3.7   1
     1662  26.823047  102.921053    12.135    -1710.6   -14065.1     5998.4    343.5    245.7    208.5 2023  1  8 12 18 53.450  3.6   1
     1675  26.831502  102.956730    11.729     1833.5   -13128.2     5592.8     98.1     53.4    112.6 2023  1  8 17  5 43.960  3.1   1
     1678  26.682168  102.997038    13.959     5841.8   -29674.9     7822.8     83.3     28.6     48.2 2023  1  8 18  3 48.840  3.2   1
     1688  26.828394  102.962174    14.484     2374.8   -13472.7     8347.4    102.3    143.7    100.4 2023  1  8 20 59 20.120  3.0   1
     1691  26.934406  102.856576    12.107    -8112.8    -1726.3     5970.1     94.0     61.9     73.2 2023  1  8 21 39 13.640  3.3   1
     1692  26.935793  102.868888    12.565    -6889.9    -1572.7     6429.0     92.6     64.0     71.7 2023  1  8 21 47 29.700  3.2   1
     1719  26.884141  102.939185     9.554       90.5    -7295.7     3417.6     92.3     91.6     84.3 2023  1  9 16  6 17.470  3.2   1
     1720  26.874506  102.934318    10.663     -393.2    -8363.4     4526.4    134.4    124.5    117.8 2023  1  9 16 14 24.770  3.0   1
     1721  26.873779  102.938053     9.275      -21.8    -8443.8     3138.4    221.1    152.2    143.3 2023  1  9 16 39 28.720  3.0   1
     1722  26.875212  102.955575    14.828     1718.8    -8285.2     8691.6     61.7     55.0     29.2 2023  1  9 16 57 16.400  4.2   1
     1727  26.893575  102.962760    10.974     2432.5    -6250.6     4837.5    254.0    213.3    219.6 2023  1  9 19  8 37.980  2.9   1
     1729  26.970726  102.920622     4.021    -1752.5     2297.9    -2115.1     94.2    116.7    113.6 2023  1  9 19 18 43.680  2.5   1
     1730  26.869442  102.945532     8.376      721.0    -8924.4     2239.5     78.0     65.5     69.3 2023  1  9 19 27 32.440  2.9   1
     1732  26.884047  102.961068     9.714     2264.3    -7306.1     3577.8    233.0    180.0    161.7 2023  1  9 20 35 17.380  4.9   1
     1733  26.881812  102.944889    10.999      656.8    -7553.9     4862.6    145.2     96.8     83.8 2023  1  9 20 39 20.860  3.4   1
     1734  26.875822  102.941919     8.563      362.2    -8217.6     2426.1     56.3     68.2     65.2 2023  1  9 21 45  5.440  3.0   1
     1737  26.883870  102.940161    10.773      187.2    -7325.8     4636.3    159.1     92.9     89.8 2023  1  9 22  7  4.500  3.6   1
     1748  26.885293  102.942318    10.567      401.6    -7168.2     4430.4    116.8    106.3     92.0 2023  1 10  1 44 54.780  2.7   1
     1770  26.882560  102.920133     8.450    -1802.1    -7470.9     2314.0    163.1    154.7    123.3 2023  1 10  9 51  7.700  3.4   1
     1779  26.849292  102.928890    11.111     -931.8   -11157.1     4974.9    101.0     68.8     68.5 2023  1 10 13 36 48.280  3.4   1
     1781  26.824575  102.946501    11.197      817.2   -13895.8     5060.3     85.1    104.4     99.7 2023  1 10 15  7 20.700  2.9   1
     1783  26.855992  102.912817    15.241    -2528.5   -10414.9     9104.5    160.4    209.7    193.2 2023  1 10 15 13 25.930  3.7   1
     1785  26.853363  102.936914    11.627     -135.1   -10706.0     5490.4    125.1    117.3    112.0 2023  1 10 16 19 19.210  2.9   1
     1790  26.965013  102.919092     6.376    -1904.3     1665.0      240.0    199.9    173.5    140.2 2023  1 10 18 32 50.840  2.7   1
     1810  26.838287  102.926652    16.142    -1154.7   -12376.6    10005.7    265.7    183.4    155.7 2023  1 11  0  7 17.780  3.6   1
     1823  27.110048  102.835522    14.457   -10196.0    17735.3     8320.7    161.8     87.0    130.0 2023  1 11  4 48 26.140  4.3   1
     1846  26.877622  102.934912    11.468     -333.6    -8018.0     5331.8    135.5    129.5    120.4 2023  1 11 12 40 18.140  3.3   1
     1847  27.100557  102.855469    13.335    -8217.1    16683.8     7199.0     74.2     72.5     96.4 2023  1 11 12 47 56.460  2.5   1
     1855  26.884591  102.945435    10.476      711.0    -7246.0     4339.6    130.9    107.2     75.4 2023  1 11 15 39  2.760  3.5   1
     1862  26.889508  102.949300     9.632     1095.4    -6701.1     3495.4    195.8    128.7    115.0 2023  1 11 18 31 49.400  3.0   1
     1878  27.028453  102.800928    18.240   -13633.7     8694.3    12103.3    141.2     79.8    136.0 2023  1 12  1 42  2.140  3.9   1
     1898  27.113942  102.820231    13.668   -11713.3    18166.9     7532.0    125.8    108.3    117.8 2023  1 12 11  0 25.500  4.2   1
     1923  27.113578  102.816569    13.830   -12076.3    18126.4     7693.4    108.2    108.6    109.9 2023  1 12 21 27 16.860  4.8   1
     1926  27.106091  102.825285    14.509   -11212.1    17297.0     8373.1    250.6    177.7    240.6 2023  1 12 22 45 29.160  3.7   1
     1928  27.098385  102.862622    13.616    -7507.5    16442.9     7479.4    330.4    189.1    173.4 2023  1 13  0  2  4.850  3.5   1
     1934  27.109170  102.852181    11.907    -8543.1    17638.0     5770.6    200.4    210.6    192.7 2023  1 13  1 42 41.480  3.2   1
     1941  26.825448  102.980493    10.530     4194.6   -13799.2     4393.4    156.3    137.0    142.7 2023  1 13  5 13  5.790  3.6   1
     1947  27.112168  102.820907    13.933   -11646.4    17970.2     7796.1    120.9     92.6    108.3 2023  1 13  9 37 46.380  2.8   1
     1957  27.114895  102.821419    10.508   -11594.7    18272.2     4371.3    115.9     60.3     67.1 2023  1 13 11 23 47.790  3.1   1
     1965  27.103843  102.809554    12.632   -12772.9    17047.7     6495.2     89.2     40.5     48.6 2023  1 13 13 55 47.290  3.4   1
     1983  27.108769  102.862166    13.177    -7552.1    17593.6     7040.7    201.2    137.9     96.6 2023  1 13 18 44 10.720  3.2   1
     1986  27.095494  102.954679     6.765     1628.1    16122.6      628.4    158.0    107.7    192.0 2023  1 13 20 24 47.360  2.4   1
     1999  26.780629  102.977254    13.834     3873.3   -18765.2     7697.6    110.2    131.3    123.9 2023  1 14  2  9 10.410  3.6   1
     2002  26.789705  102.977523    14.889     3899.9   -17759.6     8752.2    112.4    135.5    116.3 2023  1 14  2 13 49.160  3.6   1
     2014  26.881437  102.924886     8.767    -1329.5    -7595.3     2630.6    131.3    105.2    110.8 2023  1 14  8 57 20.990  2.8   1
     2057  26.957796  102.909033     7.810    -2903.5      865.5     1673.4    165.6    116.9    138.9 2023  1 14 21 31 33.240  2.7   1
     2063  27.105444  102.824300    10.833   -11309.5    17225.3     4696.1     44.9     39.3     65.9 2023  1 14 23 36 57.880  3.7   1
     2077  27.067832  103.140511    11.355    20071.8    13057.6     5218.6     12.9      8.2     20.2 2023  1 15  3  5 26.790  3.6   1
     2119  27.108211  102.830851    13.623   -10659.4    17531.9     7486.7    152.5     86.9    131.6 2023  1 15 17 11  5.080  3.8   1
     2153  26.839473  102.954899    13.085     1651.6   -12245.1     6948.6    130.8    144.0    112.6 2023  1 16  2 13 26.450  3.6   1
     2173  26.858618  102.959351    10.834     2094.1   -10123.8     4697.6    136.6     90.8    156.1 2023  1 16  8 53 26.520  3.6   1
     2175  26.845087  102.969377    14.016     3089.8   -11623.1     7879.1    195.3    175.0    182.2 2023  1 16  8 58 50.730  3.3   1
     2195  26.839421  102.978483    13.337     3994.8   -12250.9     7200.4     40.0     63.0     96.2 2023  1 16 16  3 18.920  3.4   1
     2198  26.974249  102.921045     7.812    -1710.7     2688.6     1675.9    122.8     63.1     95.0 2023  1 16 16 16 44.450  3.2   1
     2199  26.970083  102.946322     8.352      799.0     2226.9     2215.3    218.6    175.1    204.4 2023  1 16 16 20  5.830  3.0   1
     2281  27.064109  103.038647    11.117     9962.1    12645.1     4980.5    203.5    110.8    180.2 2023  1 17 15 29  9.270  3.3   1
     2293  26.826095  102.969523     8.261     3105.2   -13727.5     2124.9     21.8     13.3      9.6 2023  1 17 18 26 33.720  2.6   1
     2348  26.998745  102.876229     6.136    -6159.9     5402.7       -0.0     10.1      6.0      5.5 2023  1 18  7 22 51.730  3.2   1
     2409  26.951729  102.990837     6.673     5219.3      193.2      536.8     25.1     39.2     22.7 2023  1 19  5 13 45.370  2.7   1
     2443  26.575600  103.042537    13.047    10370.1   -41482.9     6911.9    162.4    149.1    150.7 2023  1 19 18 37 36.240  3.7   1
     2447  26.858108  102.946834    11.881      850.7   -10180.3     5744.7    211.7    153.1    137.4 2023  1 19 22  6 22.960  3.6   1
     2453  26.932068  102.678019    12.216   -25845.0    -1985.4     6079.8     17.4     21.3     21.0 2023  1 19 23 53 15.560  1.7   1
     2463  26.978278  102.831893    14.062   -10562.1     3134.7     7925.2    185.8    152.6    121.5 2023  1 20  8 24  0.370  3.4   1
     2480  26.916620  102.924723    12.520    -1345.9    -3697.1     6383.2    150.4    144.7    127.3 2023  1 20 16 55 36.370  2.9   1
     2487  26.978668  102.900439    20.759    -3756.5     3178.1    14623.1     43.9     27.0     22.0 2023  1 20 18 16 42.820  3.0   1
     2490  27.115328  102.813167    14.298   -12413.8    18320.4     8161.1    138.0    117.4    136.1 2023  1 20 19  7 17.640  3.4   1
     2499  26.733980  102.897965    13.788    -4006.6   -23934.0     7651.5     11.0     21.8     21.0 2023  1 20 20 43 15.000  1.3   1
     2537  26.977897  102.802002    14.799   -13529.7     3092.6     8662.7    282.2    133.0    208.0 2023  1 21 19 43 34.100  3.3   1
     2595  26.920770  102.922770    11.302    -1539.8    -3237.1     5165.1    148.4    142.9    130.7 2023  1 22 20 25 59.880  2.7   1
     2608  27.124174  102.787313    10.502   -14979.0    19300.5     4365.9     80.0     94.1    106.8 2023  1 22 23 57 49.340  3.1   1
     2630  27.060909  103.130705     9.956    19098.7    12290.5     3819.5     12.9      7.8     27.8 2023  1 23 13 50 46.020  3.2   1
     2654  27.104004  102.847013    14.778    -9055.5    17065.7     8641.9    160.3    118.4    115.1 2023  1 23 21 54 10.300  4.3   1
     2674  27.111969  102.811979    11.682   -12531.9    17948.1     5545.6     80.0     48.2     66.5 2023  1 24  5 27  3.620  3.5   1
     2700  26.978750  102.925846     9.306    -1233.7     3187.0     3169.9    160.0    218.9    148.3 2023  1 24 17  6 42.280  4.3   1
     2703  26.844393  102.927970    13.960    -1023.2   -11699.9     7823.8    123.0     90.9     80.2 2023  1 24 18 28 40.720  5.3   1
     2705  26.844464  102.934806    10.298     -344.6   -11692.0     4162.0     70.9     81.6     64.2 2023  1 24 18 39  8.100  3.5   1
     2706  26.843612  102.937142    13.684     -112.2   -11786.5     7548.0    136.4     90.2    111.7 2023  1 24 19  2 19.360  4.5   1
     2729  26.864870  102.917065    14.879    -2107.0    -9431.1     8742.2    159.6    194.9    150.7 2023  1 25  2 54 46.450  3.1   1
     2748  26.969324  102.916203     8.256    -2191.1     2142.7     2119.9     96.5     83.7     87.8 2023  1 25 12 51 58.640  3.5   1
     2751  26.974951  102.923364     9.132    -1480.5     2766.2     2995.2    136.4    139.6    116.9 2023  1 25 14  8 38.810  3.4   1
     2756  26.948385  102.907487     6.494    -3057.3     -177.5      357.6    315.3    247.1    214.9 2023  1 25 15 29  8.450  3.3   1
     2790  26.721161  103.007699    11.621     6900.9   -25354.5     5484.7    110.1    112.0     99.8 2023  1 25 22 18 21.720  4.1   1
     2804  26.734408  102.898079    13.744    -3994.6   -23886.6     7607.2     11.1     21.8     21.2 2023  1 25 23 33 14.880  3.5   1
     2823  26.978758  102.907511    19.852    -3053.8     3188.1    13715.4     23.9     44.3     53.0 2023  1 26  8 13 13.850  1.8   1
     2826  26.987494  102.831657    14.580   -10584.7     4156.1     8443.7    183.4    117.0    115.0 2023  1 26  8 57 51.390  3.5   1
     2851  26.955306  102.936410     9.913     -185.3      589.6     3776.5     91.2     79.1     80.3 2023  1 26 20 34 54.440  2.6   1
     2868  26.857202  102.937362    11.208      -90.6   -10280.7     5071.5    174.7    121.2    127.1 2023  1 27  3  4  5.290  3.2   1
     2876  26.863086  102.980762    12.699     4220.5    -9628.8     6562.4    201.9    257.5    148.6 2023  1 27  6 13 52.750  3.3   1
     2877  26.686723  102.999325    13.745     6069.2   -29170.2     7608.8     82.9     30.2     51.9 2023  1 27  6 25 49.430  3.5   1
     2889  26.988350  102.832804    13.350   -10471.6     4250.9     7213.3    122.7     68.2     78.5 2023  1 27 10 58 34.340  3.6   1
     2895  26.981443  102.902035     9.300    -3597.7     3485.6     3163.3    269.5    692.5    170.6 2023  1 27 12  9 22.740  3.3   1
     2898  26.974349  102.931136     9.076     -708.5     2699.5     2939.9    116.0    151.4    122.8 2023  1 27 13 50 19.660  3.3   1
     2904  26.993978  102.826831    13.767   -11064.1     4874.5     7631.1    101.0     50.7     74.3 2023  1 27 15 33 31.920  3.2   1
     2917  27.052201  102.754045     4.401   -18285.8    11325.7    -1735.7     11.9     22.6     15.4 2023  1 27 18 35 17.800  1.3   1
     2922  27.114276  102.848535     7.846    -8904.8    18203.9     1709.7    158.4     93.3    164.6 2023  1 27 20 21  5.380  3.1   1
     2929  27.035010  102.760189    13.803   -17677.2     9420.8     7666.5    102.9     94.5     95.6 2023  1 27 23 50 57.520  3.2   1
     2936  26.828135  102.970752    14.491     3227.2   -13501.3     8355.0    106.0    142.5     80.0 2023  1 28  2  0 52.420  3.3   1
     2956  26.878776  102.869930    10.465    -6788.5    -7890.3     4328.5    190.4    210.9    140.6 2023  1 28 10 40 14.790  2.7   1
     2958  26.976178  102.792049    16.073   -14517.8     2902.2     9936.5    277.6    128.4    251.4 2023  1 28 11 46 10.310  3.4   1
     2964  26.924388  102.899316     6.425    -3869.1    -2836.3      288.2     89.8     62.5     62.2 2023  1 28 12 13 23.580  3.3   1
     2982  26.927757  102.886914     9.879    -5100.4    -2463.0     3742.5    119.0    153.7     86.9 2023  1 28 19 57 32.200  3.4   1
     2983  26.828109  102.975773     8.248     3725.6   -13504.3     2112.1     23.7     13.6      9.8 2023  1 28 20  3 15.040  1.2   1
     3022  26.718427  103.024121    11.295     8532.9   -25657.3     5158.9    103.4    111.2    102.5 2023  1 29 13 41  6.720  3.2   1
     3042  27.115885  102.752645     7.392   -18419.3    18382.2     1255.6    301.0    167.6    201.1 2023  1 29 20 41  5.560  1.4   1
     3047  26.857629  102.952596     7.890     1422.4   -10233.3     1753.4    137.1    115.0    128.7 2023  1 29 22 51 44.600  3.2   1
     3073  26.835748  102.942513     9.808      421.4   -12657.7     3671.4     68.2     86.3     99.5 2023  1 30 12  1 48.770  3.0   1
     3077  26.861759  102.952840    14.955     1447.2    -9775.6     8818.3    252.2    260.1    176.2 2023  1 30 12 26 51.580  3.5   1
     3101  26.868250  102.953166     8.287     1479.0    -9056.5     2150.1     87.1    114.8     99.5 2023  1 30 23 34 55.420  2.2   1
     3136  26.623966  103.014535    12.170     7583.4   -36123.7     6033.3    144.2     90.5    126.2 2023  1 31 16 27 59.290  3.8   1
     3140  26.883046  102.922469     8.667    -1569.5    -7417.2     2530.2    137.4     93.8    125.0 2023  1 31 17  3 23.640  3.8   1
     3153  26.928800  102.912663     8.211    -2543.3    -2347.4     2075.1    115.7     95.7     84.7 2023  1 31 20 31 50.780  2.5   1
     3161  26.932821  102.912907     8.173    -2519.3    -1901.9     2037.0    159.2    122.1    156.4 2023  1 31 22 23 52.560  2.7   1
     3205  26.995036  102.860400     5.929    -7730.8     4991.8     -207.2      8.9      6.1      5.5 2023  2  1 21 43 10.840  1.7   1
     3256  27.105202  102.763135     6.744   -17379.2    17198.5      608.1    244.9    172.1    195.2 2023  2  2 18 28 39.720  2.2   1
     3269  26.831008  102.955314     6.215     1693.1   -13183.2       78.9    172.0    141.1    239.1 2023  2  2 21 52 48.160  2.3   1
     3291  27.107001  102.839722     8.514    -9779.0    17397.6     2378.0    132.5     86.9    136.3 2023  2  3  9 59 32.770  3.5   1
     3336  27.165505  103.130526    12.063    19072.4    23880.2     5927.0     72.8     59.4    120.7 2023  2  4 10 29 17.550  4.6   1
     3366  26.984412  102.897697    19.963    -4028.9     3814.4    13826.9     55.7     19.1     44.2 2023  2  4 20  3 14.540  1.6   1
     3367  26.854966  102.948315    13.743      997.5   -10528.4     7606.4    159.6    152.2     99.5 2023  2  4 20  7 36.480  2.5   1
     3368  26.733791  103.088631    10.982    14944.2   -23954.9     4845.3     32.0     29.6     65.0 2023  2  4 20 33 16.400 -0.2   1
     3373  26.981958  102.919580     6.663    -1855.8     3542.7      526.2    338.9    357.4    348.8 2023  2  4 21 12 48.680  2.8   1
     3392  26.494489  102.992277     9.395     5373.2   -50470.3     3258.3     34.8     51.9     44.5 2023  2  5 11 56 54.050  3.3   1
     3395  26.976986  102.758773    12.102   -17822.0     2991.8     5965.6     80.1     94.5     55.2 2023  2  5 12 41 57.150  3.3   1
     3419  26.967623  102.919214     9.539    -1892.6     1954.2     3402.6     90.1    105.5     93.3 2023  2  6  1 12 27.600  4.9   1
     3434  26.968044  102.915975     9.885    -2214.2     2000.8     3748.5    110.2    106.2     92.1 2023  2  6  8 30 31.150  4.5   1
     3470  27.127643  102.878280     6.478    -5952.6    19684.8      341.6     43.4     34.3     59.5 2023  2  6 22 10  4.780  2.6   1
     3497  26.578900  103.056901    11.532    11798.5   -41117.3     5396.1    108.8     87.4     92.6 2023  2  7 12 22 33.570  3.9   1
     3499  26.568125  103.059424    11.375    12050.4   -42311.2     5239.0    125.4    135.6    154.2 2023  2  7 12 51 49.860  3.6   1
     3505  27.024776  102.793465    16.976   -14375.0     8286.9    10839.1    101.9     70.3     96.0 2023  2  7 14  0  9.910  3.1   1
     3506  26.976713  102.931803     5.323     -642.7     2961.5     -813.1     91.7    121.6     93.3 2023  2  7 14 24 46.020  2.7   1
     3521  26.574656  103.050675    12.185    11180.0   -41587.4     6048.8    106.0     97.8    104.7 2023  2  7 18 46 48.700  4.0   1
     3533  27.101650  102.854451    14.010    -8317.7    16804.8     7873.6    121.2     68.4     56.9 2023  2  7 22 51 25.800  4.0   1
     3597  26.942928  102.925985    10.433    -1220.5     -782.1     4296.5     94.3     69.8     79.1 2023  2  9 13 58 42.220  2.9   1
     3603  26.926607  102.921077     8.483    -1707.5    -2590.4     2346.4    137.8    108.0    113.2 2023  2  9 17 12 51.860  1.9   1
     3643  26.868184  102.937516     5.960      -75.1    -9063.7     -175.9    118.5     94.8    172.0 2023  2 10  4 12 31.530  3.3   1
     3661  26.962614  102.922266     7.395    -1589.4     1399.2     1258.4    121.3    108.0    124.1 2023  2 10 13 44 34.240  3.2   1
     3668  26.920730  102.859798     8.964    -7793.6    -3241.6     2827.6      6.0      5.2      5.7 2023  2 10 15 49  8.740  1.8   1
     3677  26.976477  102.760067    13.523   -17693.3     2935.3     7386.6     82.8     95.5     52.0 2023  2 10 18 13 48.420  2.2   1
     3679  26.832306  102.958822    11.579     2041.5   -13039.2     5442.5    249.7    227.4    242.7 2023  2 10 18 51 51.000  2.9   1
     3681  26.829079  102.956323    15.894     1793.6   -13396.7     9757.5    136.6    224.0     73.0 2023  2 10 18 59 17.160  3.7   1
     3682  26.853886  103.009961    14.807     7121.3   -10648.2     8670.9     10.8     16.3     11.5 2023  2 10 20  1 54.320  2.5   1
     3694  26.837885  102.958341    16.414     1994.1   -12421.0    10277.7    121.9    127.3     87.6 2023  2 10 22 52 55.800  3.0   1
     3696  26.819989  102.951465    12.372     1311.0   -14404.0     6235.3    144.0     89.0    108.8 2023  2 10 23 21 27.120  3.0   1
     3697  27.003648  102.806022     5.509   -13129.1     5945.8     -627.7    177.6    239.7    235.9 2023  2 10 23 27 25.760  2.8   1
     3703  26.928676  102.900838     9.619    -3717.7    -2361.2     3482.8    152.6    156.5     86.3 2023  2 11  0 34 33.290  3.9   1
     3721  27.127205  102.852157    11.254    -8545.0    19636.4     5117.6    109.3    102.8     99.7 2023  2 11  8 41  3.690  2.8   1
     3744  26.870555  102.941683     6.076      338.7    -8801.3      -60.3    120.3     94.3    162.5 2023  2 11 15  5 42.430  2.9   1
     3786  27.172024  102.835815     6.641   -10164.1    24602.4      504.8    104.8     88.2    155.5 2023  2 12  3 32 54.620  4.6   1
     3787  27.006649  102.801742     4.295   -13553.8     6278.5    -1841.6    139.8    154.5    194.4 2023  2 12  3 34  5.200  4.2   1
     3830  26.876243  102.938574    15.748       30.2    -8171.0     9611.8    229.6    151.0    141.9 2023  2 12 15 24 31.290  3.6   1
     3886  26.493461  102.980021     9.326     4154.1   -50584.2     3189.4     28.3     52.4     46.3 2023  2 13 11 20 53.140  3.7   1
     3943  26.881354  102.965487    14.200     2703.0    -7604.6     8063.3     47.0     49.8    121.7 2023  2 14 21 11 56.760  3.0   1
     3948  27.119643  102.814087    13.325   -12322.2    18798.5     7188.8    190.0    133.2    160.8 2023  2 14 23  2 21.120  3.0   1
     3970  27.113428  102.815405     9.037   -12192.3    18109.8     2900.8    140.8     95.0    109.4 2023  2 15 11 38  6.520  3.0   1
     3973  26.970898  102.904704     8.314    -3332.7     2317.2     2177.5    136.7    169.1    123.5 2023  2 15 14 54  0.720  2.3   1
     3976  27.108586  102.841121     8.270    -9640.0    17573.4     2134.0    141.7     83.3    144.1 2023  2 15 15 17 29.780  2.8   1
     3977  26.846043  102.964421    12.781     2597.3   -11517.2     6645.1    218.6    215.1    209.1 2023  2 15 16  9 19.260  4.2   1
     3978  27.108352  102.845182     8.611    -9237.7    17547.3     2475.0    160.6     96.5    149.8 2023  2 15 16 28  5.090  2.4   1
     3983  26.837994  102.969637    16.539     3115.9   -12408.9    10402.4    131.3    121.0    100.7 2023  2 15 20 50 46.760  2.9   1
     4058  26.830322  102.965177    13.547     2673.1   -13259.0     7410.7    102.5    115.3     79.6 2023  2 17 23  0 31.120  3.8   1
     4084  26.853713  103.003630    12.336     6492.7   -10667.2     6199.3     41.9     70.7     96.9 2023  2 18 11 25  4.350  3.4   1
     4191  27.118632  102.828231    12.902   -10918.8    18686.5     6765.8     43.8     64.2     36.2 2023  2 21 10 20 53.620  4.4   1
     4208  27.105157  102.857113    14.456    -8053.7    17193.4     8319.6    190.1    136.9    163.8 2023  2 21 17 57 10.720  4.4   1
     4224  26.916919  102.904240     6.500    -3379.9    -3664.0      364.0     97.3     61.0     56.5 2023  2 21 23 18 40.080  4.2   1
     4226  27.120229  102.859505     7.897    -7815.5    18863.4     1761.0    123.8     78.3    161.7 2023  2 21 23 53 52.720  4.6   1
     4237  26.658057  103.007772    13.828     6910.2   -32346.6     7691.7     76.1     93.5     67.0 2023  2 22  7 42  7.120  3.2   1
     4255  27.115308  102.886279    14.183    -5159.0    18318.0     8046.9    393.4    198.4    229.6 2023  2 22 15 42 47.490  5.8   1
     4257  27.116046  102.850448     8.882    -8715.0    18399.8     2745.9    154.8     99.0    146.3 2023  2 22 16 22 50.940  3.6   1
     4268  26.884049  102.919613    12.503    -1853.5    -7305.8     6366.3     24.1     30.0     33.5 2023  2 22 19 47 48.020  2.6   1
     4289  26.821346  102.889087    10.364    -4887.0   -14253.5     4227.7      2.3      1.4      1.7 2023  2 23 11 33 42.170  3.2   1
     4315  26.965338  102.888713     8.507    -4921.2     1701.0     2370.2    197.5    137.9    168.0 2023  2 24  5 13 31.620  3.6   1
     4349  27.206537  102.799211     9.966   -13792.9    28426.5     3829.4    116.8    137.5    168.3 2023  2 25  5 47 20.360  3.6   1
     4359  26.924302  102.925155     7.610    -1302.9    -2845.9     1473.6    179.8    106.4    171.7 2023  2 25 10  3 21.110  2.7   1
     4383  27.127561  102.891463     7.251    -4644.7    19675.8     1114.5     45.3     33.9     58.4 2023  2 25 16 42 41.760  3.2   1
     4386  26.854433  102.954427     9.929     1604.9   -10587.4     3792.9     70.0     72.7    111.4 2023  2 25 17 28  3.480  3.4   1
     4419  27.212429  102.790910    11.343   -14616.3    29079.5     5206.2    116.0    138.2    157.0 2023  2 26  2 50 36.150  4.6   1
     4445  26.850614  102.976001     8.681     3747.8   -11010.6     2545.1     98.9     81.1    126.2 2023  2 26 16 17  1.720  2.8   1
     4464  26.920044  102.922575     7.695    -1558.9    -3317.7     1558.3    100.9    100.8    104.9 2023  2 27  1 33 45.570  4.1   1
     4471  26.864783  102.949927    13.465     1157.4    -9440.8     7328.8    193.9    179.1    134.2 2023  2 27  5 56 53.330  3.4   1
     4478  27.135484  102.849715    10.064    -8786.2    20553.6     3928.0    135.7    109.4    185.2 2023  2 27 11 59 33.760  4.3   1
     4491  26.829445  102.964624    10.441     2617.7   -13356.2     4305.0    170.5    134.7    141.7 2023  2 27 20 25 38.820  3.6   1
     4517  26.871086  102.927555    14.607    -1064.6    -8742.3     8470.9    285.3    200.6    165.0 2023  2 28 15 11  5.610  3.4   1
     4530  26.626560  103.008154    12.196     6948.7   -35836.3     6059.7    146.9     90.4    127.6 2023  2 28 21 42 45.880  3.9   1
     4540  26.938025  102.765845     7.040   -17123.2    -1325.2      903.8     68.0    116.3    115.9 2023  3  1  5 57 41.830  3.5   1
     4551  26.857772  102.939982    11.406      170.0   -10217.5     5269.2    141.6    125.4    108.5 2023  3  1 11 57 26.400  3.6   1
     4560  26.842971  102.972323     6.937     3382.7   -11857.4      800.3    105.0    108.3    104.1 2023  3  1 16 21 48.300  2.7   1
     4565  26.852529  102.963354    13.008     2491.5   -10798.5     6871.9    129.5    114.6     95.4 2023  3  1 21 29 18.360  3.0   1
     4591  27.004382  102.794816     5.899   -14241.4     6027.3     -237.5    188.0    341.2    259.8 2023  3  2 16 50 48.560  4.2   1
     4596  26.860832  102.954948    13.906     1656.1    -9878.5     7770.0    100.4     90.5     84.4 2023  3  2 22 25 24.180  5.2   1
     4597  26.854791  103.025081     7.072     8623.7   -10547.8      936.5     44.3     19.2     67.6 2023  3  2 22 32 59.520  2.6   1
     4599  26.850362  102.971924     8.044     3342.9   -11038.6     1908.3     95.4     95.8    123.5 2023  3  2 22 48 55.160  3.7   1
     4601  26.841207  102.926619    14.383    -1157.8   -12053.0     8246.3    152.7    115.6     90.3 2023  3  3  1 24  8.360  3.3   1
     4615  26.826428  102.958569    11.472     2016.3   -13690.6     5335.6    109.3     71.4     73.2 2023  3  3 18 35 13.960  2.7   1
     4620  26.948291  103.001709     5.775     6299.5     -187.7     -361.4     23.7     38.4     29.5 2023  3  4  4  7 31.650  3.8   1
     4629  26.858313  102.947363     8.248      902.8   -10157.7     2111.4    366.1    345.6    233.1 2023  3  4 14 18 51.790  2.9   1
     4641  27.179250  102.847331     7.675    -9021.0    25403.2     1538.9    102.0     88.3    160.1 2023  3  4 20 26 14.320  3.4   1
     4646  27.111888  102.853866     8.331    -8375.7    17939.1     2194.8    157.5     80.1     99.9 2023  3  4 22 34 25.720  3.0   1
     4648  27.131132  102.791105     9.878   -14602.0    20071.4     3741.6     80.2     94.5    126.7 2023  3  5  0  8  8.700  3.6   1
     4651  26.857890  102.941211     8.572      291.9   -10204.4     2435.6     99.7    112.5     95.9 2023  3  5  8 40 14.220  2.9   1
     4659  26.855839  102.951375    11.599     1301.4   -10431.7     5462.4     91.9     70.3     76.0 2023  3  5 15 55  1.790  3.5   1
     4673  26.863070  102.958431    12.407     2002.6    -9630.6     6270.9     78.1     47.6     75.6 2023  3  6  3 24 59.860  3.1   1
     4680  27.130996  102.812988    14.864   -12430.7    20056.4     8727.4    268.0    208.4    233.7 2023  3  6  7 11 16.110  4.4   1
     4682  27.129309  102.854142    10.164    -8347.7    19869.5     4027.3     93.4     93.8    103.1 2023  3  6  7 43  0.390  2.5   1
     4686  27.124217  102.859676     7.763    -7798.5    19305.3     1627.1    133.4     79.1    175.6 2023  3  6 14 35 50.270  3.5   1
     4699  26.844493  102.947396    14.041      906.0   -11688.9     7904.8    195.6    181.5    127.9 2023  3  6 20 48 46.520  6.1   1
     4702  26.841425  102.991935     8.528     5331.2   -12029.0     2392.1    100.0     86.9    164.5 2023  3  6 21  4 33.560  2.8   1
     4706  26.856437  102.911027     7.796    -2706.8   -10365.4     1659.3      9.1      4.8      9.9 2023  3  6 21 45 18.720  2.7   1
     4709  26.838814  102.989274    11.242     5066.5   -12318.0     5105.7    183.2    138.4    132.2 2023  3  6 21 58  3.300  3.2   1
     4710  26.862118  102.947420    11.350      908.4    -9736.0     5213.7    133.5    128.6    146.3 2023  3  6 22 22 54.720  3.4   1
     4716  26.863159  102.959440    11.966     2102.8    -9620.6     5829.2     66.6     59.1     62.3 2023  3  6 23 32 30.960  2.8   1
     4718  26.842057  102.994010     6.005     5537.1   -11958.8     -131.9    161.6    124.9    250.2 2023  3  6 23 47  1.200  2.9   1
     4719  26.862272  102.966829    14.334     2836.4    -9718.9     8197.9    101.0     82.8     81.6 2023  3  6 23 51 24.000  3.8   1
     4727  26.855367  102.964258    12.316     2581.1   -10484.0     6179.3     96.3     76.7     90.3 2023  3  7  1 31 58.920  3.6   1
     4728  26.844950  102.959212    11.173     2080.2   -11638.1     5036.7    212.0    171.5    202.3 2023  3  7  2 24 32.150  4.1   1
     4730  26.848100  102.942635     7.917      433.6   -11289.3     1780.9    165.0    141.6    173.0 2023  3  7  3 21 32.720  3.4   1
     4731  26.855977  102.995085    13.786     5644.1   -10416.5     7649.9     36.0     67.2     52.1 2023  3  7  3 41 30.630  4.1   1
     4732  26.845546  102.980184     7.655     4163.5   -11572.1     1518.2    167.8    137.6    206.6 2023  3  7  4  7 50.350  3.1   1
     4733  27.146175  103.121452    11.236    18174.0    21738.2     5100.0     64.9    107.8     96.4 2023  3  7  4 18 49.650  3.6   1
     4738  27.032412  102.770223    13.822   -16681.4     9132.9     7686.1    106.4     94.6    100.8 2023  3  7  5 32 22.230  4.8   1
     4739  26.858634  102.982674     9.347     4410.5   -10122.0     3210.1    332.2    287.3    403.3 2023  3  7  5 48 34.360  3.6   1
     4741  26.855780  102.965161    13.569     2671.2   -10438.2     7432.2    104.5     93.3     90.0 2023  3  7  7  3 58.910  4.4   1
     4744  26.849878  102.946940    12.721      861.3   -11092.2     6584.8    238.4    196.4    182.7 2023  3  7  8 29 47.790  3.6   1
     4745  26.849792  102.962345     6.982     2391.8   -11101.7      845.6     96.9     99.7    167.4 2023  3  7  9  0 10.610  3.3   1
     4746  27.103904  102.945549     6.580      721.7    17054.5      444.0    157.9    106.2    193.4 2023  3  7  9 21 49.230  3.0   1
     4753  26.849384  102.937956    13.838      -31.8   -11147.0     7701.4    133.4    107.4    117.7 2023  3  7 14  7 58.450  3.7   1
     4754  26.857434  102.921842    10.828    -1632.4   -10255.0     4691.9    159.7    119.6    132.7 2023  3  7 14 12 42.270  4.2   1
     4755  26.855697  102.948267    11.240      993.0   -10447.5     5103.1    124.9    125.5     85.2 2023  3  7 14 38 37.150  4.4   1
     4756  26.840664  102.972876    13.477     3437.7   -12113.3     7341.0    142.3    161.7    138.2 2023  3  7 14 40 28.990  5.1   1
     4759  26.842196  102.968587    11.349     3011.6   -11943.3     5212.1    110.2     68.9    113.4 2023  3  7 15 16 58.030  4.7   1
     4764  26.851381  102.983708    11.447     4513.6   -10925.6     5310.2    243.9    220.3    229.8 2023  3  7 19  1 47.760  3.4   1
     4765  26.854980  102.971061    10.799     3257.1   -10526.8     4662.7    111.8    107.2     90.0 2023  3  7 19 34 57.800  3.5   1
     4769  26.851440  102.962484    14.795     2405.1   -10919.2     8658.7    148.7    112.1     94.9 2023  3  7 21 13 56.800  4.2   1
     4770  26.847951  102.980021    10.727     4147.5   -11305.8     4590.4    103.1     84.0     92.8 2023  3  7 21 21 38.080  4.7   1
     4771  26.859625  102.970150     7.855     3166.6   -10012.2     1719.0    152.2    111.9    142.7 2023  3  7 21 31 15.840  3.3   1
     4773  26.852749  102.973104     6.969     3460.1   -10774.2      832.2    160.9    165.1    274.3 2023  3  7 21 37  4.420  3.1   1
     4774  26.852252  102.964714    15.504     2626.9   -10829.1     9368.0    130.6    102.8     90.4 2023  3  7 21 44 29.740  4.6   1
     4775  26.858818  102.941268    11.353      297.6   -10101.8     5216.7    119.3    100.4    138.8 2023  3  7 21 58 11.320  3.5   1
     4776  26.845107  102.950936     7.453     1258.2   -11620.9     1316.9    182.2    154.6    235.5 2023  3  7 22 12 13.060  3.0   1
     4777  26.870046  102.940902    11.403      261.5    -8857.6     5266.4    105.1    120.2     93.3 2023  3  7 22 18  8.440  2.5   1
     4778  26.850474  102.935913    10.226     -234.6   -11026.1     4089.6    316.9    259.2    270.0 2023  3  7 22 33 19.200  3.1   1
     4780  26.848387  102.979590     7.344     4104.5   -11257.5     1208.6    150.5    126.2    201.2 2023  3  7 22 43 48.740  3.1   1
     4784  26.843545  102.990202    11.883     5158.7   -11794.0     5746.4    130.3    119.4    198.1 2023  3  7 23 35 24.520  3.5   1
     4788  26.863953  102.972453    14.917     3395.4    -9532.8     8780.4    252.3    193.1    168.1 2023  3  8  0 27 48.520  3.5   1
     4789  26.854974  102.937484    14.917      -78.1   -10527.5     8781.0    138.7     89.2    113.0 2023  3  8  0 57 17.160  4.1   1
     4791  26.851746  102.980273    11.895     4172.4   -10885.3     5758.2    168.8    200.7    141.1 2023  3  8  3  2 53.700  3.9   1
     4796  26.853133  102.989469    11.056     5085.8   -10731.6     4919.7    102.9     95.1    114.1 2023  3  8  4 57 33.230  3.8   1
     4797  26.851428  102.957039    11.737     1864.7   -10920.4     5600.3    200.9    198.6    186.6 2023  3  8  5 35 57.320  3.5   1
     4800  26.865202  102.963615    12.703     2517.2    -9394.3     6566.9    165.8    114.7    128.5 2023  3  8  8 34 31.720  2.9   1
     4804  26.864390  102.970793    13.940     3230.4    -9484.2     7803.4    121.6     88.3     79.1 2023  3  8 10 57 26.430  3.6   1
     4807  26.855286  102.987264    11.658     4866.5   -10493.1     5521.5    125.0    129.7    158.3 2023  3  8 11 16  2.730  4.7   1
     4808  26.846665  103.007935    11.029     6920.1   -11448.3     4892.9    137.3     77.8    104.1 2023  3  8 11 32  1.250  4.6   1
     4811  26.848676  102.973055    14.185     3455.5   -11225.4     8048.2    208.3    179.8    139.2 2023  3  8 12 16  0.270  3.5   1
     4815  26.852681  102.926131     9.503    -1205.9   -10781.5     3366.7    546.8    360.2    387.4 2023  3  8 13 18 43.040  4.4   1
     4817  26.858323  102.979354     8.381     4080.7   -10156.5     2244.8    124.4    122.5    176.5 2023  3  8 14 11 31.600  3.5   1
     4819  26.870970  102.929924    13.888     -829.4    -8755.2     7751.9    263.2    238.8    180.0 2023  3  8 14 20 24.160  3.3   1
     4826  26.851064  103.000008    13.052     6132.9   -10960.8     6915.5    205.9    221.1    250.8 2023  3  8 16 15 45.670  3.2   1
     4829  27.127443  102.838818    10.541    -9867.9    19662.7     4404.7    111.9     90.7    109.9 2023  3  8 16 47  0.080  4.2   1
     4831  26.851463  102.939673     7.693      139.3   -10916.6     1556.3    251.7    192.6    232.8 2023  3  8 17 18 39.800  3.2   1
     4837  26.858502  102.957031    14.214     1863.1   -10136.6     8077.2    227.8    173.0    195.0 2023  3  8 17 50 50.880  4.7   1
     4844  26.853052  102.936825    14.476     -144.2   -10740.5     8339.8    130.1    121.0    116.7 2023  3  8 18 45 27.760  2.8   1
     4845  26.832180  102.951237     6.560     1288.3   -13053.2      423.4    175.1    138.9    246.5 2023  3  8 18 49 30.880  3.0   1
     4847  26.851369  102.984147     9.216     4557.2   -10927.1     3079.6    327.7    278.3    388.9 2023  3  8 18 57 27.600  2.7   1
     4851  26.847813  102.933569     8.812     -467.2   -11321.1     2675.4    266.5    283.3    267.3 2023  3  8 19 33  5.040  3.0   1
     4861  26.840409  102.956160     7.125     1776.9   -12141.3      989.1    171.6    145.2    223.9 2023  3  8 21  9 17.160  3.3   1
     4863  26.851088  102.953255     9.879     1488.2   -10958.2     3742.6     88.5     36.9     96.8 2023  3  8 22  6  3.880  2.9   1
     4867  26.852252  102.976799    14.378     3827.1   -10829.1     8241.1    141.9    183.4    116.2 2023  3  8 22 37 23.320  5.3   1
     4869  26.841774  102.972819     8.396     3431.9   -11990.1     2259.6    107.2    110.1    179.6 2023  3  8 22 47 56.720  3.4   1
     4870  26.848956  102.963924    10.837     2548.2   -11194.4     4700.4    145.8    109.1    134.5 2023  3  8 22 53 20.080  4.4   1
     4871  26.856590  102.965601    11.254     2715.0   -10348.5     5117.7    199.6    157.9    185.5 2023  3  8 23  1 14.240  4.4   1
     4874  26.853638  103.030160     7.986     9127.8   -10675.6     1849.7     44.6     19.9     37.7 2023  3  8 23 13 55.680  3.0   1
     4875  26.851406  102.947241     9.841      891.0   -10923.0     3704.2    101.8     87.8    110.9 2023  3  8 23 18 10.680  3.7   1
     4876  26.846037  102.932788    10.947     -544.7   -11517.8     4810.4    101.3     58.2     95.3 2023  3  8 23 31 30.160  3.5   1
     4879  26.838938  102.940690    10.672      239.8   -12304.3     4535.9    110.0     83.5     95.9 2023  3  8 23 46 48.580  3.6   1
     4881  26.863306  102.931323     8.701     -690.0    -9604.3     2564.2    156.7    114.8    155.6 2023  3  9  0  8 16.170  3.0   1
     4882  26.843988  102.997518    10.154     5885.5   -11744.9     4017.4     74.9     72.1     72.1 2023  3  9  0 11 33.010  3.5   1
     4883  26.849056  102.936938    11.406     -132.8   -11183.2     5270.0    116.7     67.5    102.5 2023  3  9  0 20 14.340  4.0   1
     4890  26.847850  102.926432    12.184    -1176.3   -11316.9     6047.9    152.2    126.3    114.9 2023  3  9  1 40 14.960  3.8   1
     4893  26.852561  102.971126    10.087     3263.3   -10795.0     3950.5    123.6    111.5    139.5 2023  3  9  5 13 22.700  5.9   1
     4894  26.858681  102.969206    13.769     3073.0   -10116.7     7632.2    113.9     97.1     87.1 2023  3  9  5 38 48.930  3.3   1
     4897  26.876176  102.914469    12.239    -2364.6    -8178.2     6102.5     29.5     25.6     34.6 2023  3  9  6 15  2.590  3.8   1
     4898  26.863019  102.972461     9.034     3396.0    -9636.1     2897.5    139.0    128.1    137.9 2023  3  9  6 15 57.280  3.5   1
     4900  26.861287  102.973096    11.018     3459.1    -9828.1     4881.9    182.1    163.6    170.9 2023  3  9  6 32  3.540  4.3   1
     4902  26.858242  102.971647    10.840     3315.1   -10165.4     4703.7    133.1    133.3    110.2 2023  3  9  6 45 48.880  4.0   1
     4903  26.865145  102.957430    11.227     1903.2    -9400.5     5090.6    115.1    140.0     80.1 2023  3  9  6 46 51.560  3.8   1
     4905  26.846016  102.955176     5.852     1679.1   -11520.1     -284.2     87.8     53.2    221.4 2023  3  9  7  8 25.460  3.1   1
     4910  26.863475  102.961938    11.703     2350.5    -9585.7     5566.5     71.3     75.7     86.8 2023  3  9  7 45 49.050  3.3   1
     4911  26.858738  102.985970    10.367     4738.3   -10110.6     4231.0     66.9     70.4     61.2 2023  3  9  7 50 26.180  3.9   1
     4912  26.848037  102.977555    12.533     3902.7   -11296.2     6396.8    215.5    135.8    226.9 2023  3  9  8  5  8.630  4.8   1
     4914  26.853762  102.948763     7.559     1042.5   -10661.8     1422.2    196.8    158.8    196.0 2023  3  9  8 52 12.370  3.2   1
     4916  26.854834  102.984375    11.235     4579.7   -10543.2     5098.4     79.9     84.7     76.6 2023  3  9  9  0 32.420  4.1   1
     4917  26.852429  102.978581     8.251     4003.8   -10809.5     2114.1    105.9     81.2    143.6 2023  3  9  9  4 21.020  3.5   1
     4918  26.859165  102.930013    10.431     -820.3   -10063.1     4294.6    310.0    321.6    298.5 2023  3  9  9 17 12.240  4.3   1
     4922  26.840643  102.962752     6.829     2432.0   -12115.5      692.5    151.8    155.5    190.6 2023  3  9  9 50 21.030  3.1   1
     4926  27.116595  102.841903    11.148    -9562.7    18460.9     5011.6    175.8    121.5    128.9 2023  3  9 10 41  7.130  4.5   1
     4929  26.870251  102.964453    13.022     2600.9    -8834.7     6885.8    151.4    144.4    108.4 2023  3  9 11 29 18.650  3.4   1
     4930  26.858950  102.993677     9.913     5504.1   -10087.0     3776.9     95.5     69.3     90.8 2023  3  9 11 30 47.930  3.3   1
     4941  26.849638  102.973551     6.915     3504.6   -11118.9      778.4    146.8    119.4    187.2 2023  3  9 12 37 23.010  3.2   1
     4948  26.844285  102.991642    11.512     5302.3   -11711.9     5375.1    104.3    105.6    108.6 2023  3  9 14 21 16.690  3.2   1
     4952  26.842253  102.990072     8.156     5145.7   -11937.1     2019.5     99.7     85.8    175.7 2023  3  9 16 32  5.440  4.1   1
     4959  26.851886  102.916130    11.215    -2199.7   -10869.7     5079.1    214.5    158.2    175.0 2023  3  9 19 16 19.620  2.8   1
     4962  26.840979  102.964771    16.007     2632.4   -12078.2     9870.6    544.3    389.0    406.1 2023  3  9 20  3 57.880  2.9   1
     4963  26.850389  102.946297    11.330      796.8   -11035.6     5193.8     92.2     74.9     74.9 2023  3  9 20 12 33.500  2.8   1
     4966  26.857190  102.939893    14.064      160.5   -10281.9     7927.9    111.5    128.0     94.9 2023  3  9 20 28 34.180  3.9   1
     4969  26.850466  102.949471    11.058     1112.5   -11027.0     4921.2    121.5    105.3     90.5 2023  3  9 20 49 10.180  3.5   1
     4972  26.857751  102.934530    13.588     -372.2   -10219.8     7451.2    209.1    247.6    177.9 2023  3  9 20 59 26.520  3.3   1
     4974  26.867657  102.966170    13.414     2770.9    -9122.1     7277.1     93.9    132.4    100.4 2023  3  9 21  6 49.720  5.2   1
     4975  26.867564  102.939168    14.407       89.3    -9132.5     8270.8    137.6     99.6    112.9 2023  3  9 21 12 28.800  3.3   1
     4977  26.887907  102.878052     8.424    -5981.6    -6878.4     2287.1     32.3     30.8     59.9 2023  3  9 21 21 14.400  2.6   1
     4981  26.858464  102.958008    11.201     1960.1   -10140.9     5064.3    175.3    127.9    111.7 2023  3  9 21 36  5.360  3.9   1
     4990  26.847845  102.928361    10.685     -984.4   -11317.3     4548.2    208.1    155.5    155.8 2023  3  9 22 27 35.960  3.4   1
     4992  26.859981  102.945345    10.907      702.6    -9972.7     4771.0    187.0    168.4    131.2 2023  3  9 22 48 34.400  3.8   1
     4997  26.863560  102.957780    13.083     1938.0    -9576.2     6946.2    104.8     94.7     86.9 2023  3 10  0 20 44.950  5.5   1
     4999  26.851754  102.949194    11.984     1084.9   -10884.5     5847.6    244.4    233.5    224.1 2023  3 10  0 50 10.610  4.2   1
     5000  26.854055  102.970516    15.888     3202.9   -10629.3     9752.0    163.3    126.2    163.9 2023  3 10  1 32 17.130  4.6   1
     5001  26.859924  102.965609    12.404     2715.4    -9979.0     6267.5     66.7     67.8     89.2 2023  3 10  1 58 31.600  2.6   1
     5004  26.871096  102.900814     9.505    -3721.0    -8741.2     3368.3     56.0     33.5     76.6 2023  3 10  2 51 15.710  3.4   1
     5007  26.842076  102.974064     9.479     3555.6   -11956.8     3343.1    120.6    129.2    110.4 2023  3 10  3 17 29.440  3.0   1
     5009  26.850319  103.018490    14.510     7968.7   -11043.3     8373.1     10.6     17.1     11.9 2023  3 10  3 28 22.810  3.7   1
     5010  26.840898  102.945597     9.684      728.0   -12087.2     3547.7    115.9     65.4    139.1 2023  3 10  3 57 59.450  3.5   1
     5011  26.867743  102.940202    10.995      191.6    -9112.8     4858.8    175.1    164.6    165.0 2023  3 10  5 39 33.770  2.9   1
     5014  26.866829  102.954036    11.866     1565.8    -9213.9     5729.6     69.3     57.4     61.8 2023  3 10  6 35 52.600  3.3   1
     5022  26.845858  102.993758    10.332     5511.9   -11537.6     4195.8     67.0     55.1     66.7 2023  3 10 11 21 23.550  3.4   1
     5023  26.850051  102.964771    13.636     2631.9   -11073.0     7499.3    140.7    100.8    138.0 2023  3 10 12 19 19.430  3.5   1
     5024  26.831757  102.989966    13.507     5136.0   -13100.0     7370.4     41.1     61.8     99.0 2023  3 10 13 19 22.060  4.1   1
     5032  26.840987  102.934115    14.537     -413.2   -12077.4     8400.8    203.5    120.4    127.9 2023  3 10 16 13 27.840  3.8   1
     5036  27.029057  102.887557    11.037    -5034.0     8761.3     4900.2    225.8    113.8     85.7 2023  3 10 18  8  4.040  4.8   1
     5041  27.020846  102.897485    11.906    -4049.0     7851.4     5769.5     87.8     89.3     53.1 2023  3 10 18 52 49.780  3.7   1
     5043  27.039109  102.910628     9.328    -2744.3     9875.0     3191.4    192.1    133.5    154.4 2023  3 10 18 57 22.840  3.7   1
     5044  27.018648  102.892643    10.494    -4529.5     7608.0     4357.4    222.3    170.7    131.4 2023  3 10 19  2 23.560  3.3   1
     5045  27.029049  102.899658     9.470    -3833.4     8760.3     3333.8     95.0     61.5     55.4 2023  3 10 19  5 56.440  3.2   1
     5048  27.017810  102.895597    11.320    -4236.8     7515.2     5184.1     82.4     79.4     56.8 2023  3 10 19 23 42.860  2.3   1
     5049  26.868738  102.941512    10.905      321.8    -9002.5     4768.6    152.3    141.7    107.7 2023  3 10 19 42 54.160  3.0   1
     5052  27.026567  102.905168     9.162    -3286.5     8485.3     3025.2    114.4     70.7     83.3 2023  3 10 19 55 36.560  3.2   1
     5054  26.854846  102.970923     7.768     3243.6   -10541.8     1631.3    109.7    101.5    165.5 2023  3 10 20 14 21.840  3.4   1
     5055  27.026239  102.898006     9.881    -3997.3     8449.0     3744.6    115.4     72.4     81.2 2023  3 10 20 25 37.900  3.9   1
     5064  26.851227  102.970931     6.451     3244.3   -10942.8      314.9    101.4    108.9    128.1 2023  3 10 21 25  8.900  3.2   1
     5065  26.846132  102.943815     9.271      550.7   -11507.2     3134.8    135.0    111.7    128.5 2023  3 10 21 37 59.520  3.1   1
     5066  27.036395  102.801628     8.942   -13563.9     9574.4     2805.2     10.1     12.4      7.1 2023  3 10 21 42 31.720  2.3   1
     5070  26.854108  102.968311     8.811     2983.8   -10623.6     2675.1     93.9     90.4     95.0 2023  3 10 22 15  6.200  3.0   1
     5071  27.111766  102.854224    13.449    -8340.4    17925.7     7312.6    168.0    198.1    142.5 2023  3 10 22 20 47.880  3.5   1
     5072  26.865483  102.941431    12.787      313.9    -9363.2     6650.5    180.3    178.2    137.9 2023  3 10 22 47  7.080  2.2   1
     5074  26.912933  102.855827     8.095    -8188.2    -4105.5     1958.4      5.8      5.1      6.2 2023  3 10 22 54 53.120  2.8   1
     5079  26.860856  102.955892     6.310     1750.2    -9875.7      173.7    208.0    284.2    338.4 2023  3 10 23 16  8.140  3.5   1
     5080  26.860811  102.971533     8.337     3304.1    -9880.7     2200.8    146.8    137.0    171.6 2023  3 10 23 23 55.640  3.3   1
     5083  27.106205  102.828857     9.996   -10857.0    17309.5     3859.9     59.8     31.8     41.5 2023  3 11  0  8 26.740  3.5   1
     5087  26.857768  102.952799    12.312     1442.8   -10217.9     6175.3    219.7    213.0    207.6 2023  3 11 13  1 44.270  3.3   1
     5088  26.864561  102.921997     8.954    -1616.5    -9465.4     2817.3      8.7      4.9      8.5 2023  3 11 13 41 47.870  2.5   1
     5091  26.948816  102.771265     7.102   -16583.6     -129.5      965.3     67.8    129.5    108.8 2023  3 11 14 29 21.430  2.3   1
     5092  27.097506  102.825309     9.984   -11210.2    16345.7     3847.5    111.9     63.2    100.2 2023  3 11 14 41 36.040  2.8   1
     5106  26.872113  102.881600     8.507    -5629.9    -8628.6     2370.8     43.5     21.0     62.8 2023  3 11 21  1 59.360  2.7   1
     5115  27.157715  103.128914    11.046    18912.9    23016.9     4910.0     69.0     44.2    107.2 2023  3 11 23 30 29.120  4.9   1
     5121  26.840377  102.945101    12.685      678.0   -12144.9     6548.8    219.1    167.5    163.3 2023  3 12  1 19  0.220  4.1   1
     5132  26.845862  102.962565     9.387     2413.3   -11537.3     3251.0    173.8    141.1    159.3 2023  3 12  8 12 14.250  3.6   1
     5142  27.054860  103.047892    10.235    10880.0    11620.3     4098.4    199.7    109.2    195.9 2023  3 12 12 20  9.100  3.2   1
     5143  26.674927  103.003174    13.400     6452.7   -30477.3     7263.6     75.3     90.1     68.4 2023  3 12 13  0 24.520  2.7   1
     5150  27.015963  102.802075    16.321   -13520.5     7310.4    10184.7    157.9    113.6    146.0 2023  3 12 15 38 22.330  3.2   1
     5157  26.881848  102.914681    14.633    -2343.0    -7549.8     8497.0    318.9    216.1    163.3 2023  3 12 19  9 25.120  3.2   1
     5158  26.997437  102.792480     4.420   -14473.9     5257.6    -1716.3    136.0    123.0    184.2 2023  3 12 19 23 38.260  3.5   1
     5162  27.126941  102.841333     9.578    -9618.9    19607.1     3441.3    209.7    192.1    264.5 2023  3 12 20 30 52.180  2.9   1
