      516  26.936473  103.021021     1.471     1765.8    -4232.2      102.0  11999.1   4963.7  19873.7 2022  9 29  7 48 11.140  3.2   2
      832  26.945070  103.044718     1.407     4118.6    -3279.5       37.5  10812.5   4720.6  14313.0 2022 10 20 13 55 59.600  3.3   2
      963  26.992800  102.982715     2.536    -2037.6     2008.9     1166.5  24691.0   8915.1  16261.1 2022 11  1  8 33 14.600  2.2   2
     2025  26.991370  103.011255     2.025      795.6     1850.4      655.5   8377.5   9590.3  18396.7 2023  1 14 13  2  8.100  3.0   2
     2338  27.001314  102.999064     0.931     -414.5     2952.4     -438.5   5606.3   5719.1  14531.1 2023  1 18  5 19 25.630  2.9   2
     2624  27.018357  102.965015     1.125    -3794.3     4841.0     -243.9   6281.9  13258.0  22108.7 2023  1 23  9 43 59.910  2.4   2
     2676  26.999894  102.993595     1.692     -956.9     2795.1      322.3   5807.1   3858.8   8248.8 2023  1 24  6  5  2.570  2.6   2
     3349  26.940129  103.060197     1.011     5655.6    -3827.2     -357.9  11597.6   4983.2  13961.7 2023  2  4 14 38  6.790  2.5   2
     4000  26.957806  102.962272     1.155    -4067.0    -1868.3     -213.8  30218.1   9437.0  15317.2 2023  2 16 12 50 49.270  2.5   2
     4111  26.951204  102.991309     2.108    -1184.9    -2599.9      738.8  38765.5   9490.5  11746.4 2023  2 19  3  9 54.340  1.7   2
     4421  26.995782  102.973844     0.570    -2917.7     2339.5     -799.4   6379.8   5614.8  28157.0 2023  2 26  3 34 36.930  3.1   2
