      516  26.936098  103.021004     1.279     1763.8    -4273.7      -89.7   9680.6   5923.2  13133.4 2022  9 29  7 48 11.140  3.2   2
      832  26.945709  103.046045     1.368     4250.5    -3208.7       -1.0   8628.0   5921.3  13153.1 2022 10 20 13 55 59.600  3.3   2
      963  26.992702  102.988110     1.710    -1501.5     1998.2      340.9  18140.5   5388.7  13411.3 2022 11  1  8 33 14.600  2.2   2
     2025  26.989286  103.009391     1.466      610.6     1619.8       97.1   6809.7   6700.8  11873.4 2023  1 14 13  2  8.100  3.0   2
     2338  27.002700  102.998991     1.330     -422.0     3105.9      -39.3   5706.1   5872.5   9890.3 2023  1 18  5 19 25.630  2.9   2
     2624  27.016903  102.965039     1.394    -3791.8     4679.8       25.3   3691.9   6489.8  11382.1 2023  1 23  9 43 59.910  2.4   2
     2676  26.999209  102.993986     1.508     -918.8     2719.0      139.2   5962.2   5098.3   8816.4 2023  1 24  6  5  2.570  2.6   2
     3349  26.940080  103.053564     1.644     4996.8    -3832.6      275.2  12995.5   5494.0  14756.1 2023  2  4 14 38  6.790  2.5   2
     4000  26.959021  102.974886     1.551    -2814.9    -1733.7      181.5  21778.4   5662.3  12133.3 2023  2 16 12 50 49.270  2.5   2
     4111  26.950446  103.000789     1.558     -242.9    -2684.0      188.8  11160.0   6308.6  13636.5 2023  2 19  3  9 54.340  1.7   2
     4280  26.967171  103.013159     0.969      985.1     -830.6     -399.9  15048.4   5477.9  10346.0 2023  2 23  6 21 21.630  2.4   2
     4421  26.996822  102.974756     0.891    -2827.1     2454.8     -478.4   5028.2   4531.0  16419.2 2023  2 26  3 34 36.930  3.1   2
