        3  26.919106  102.842163    12.061    -9694.3    -3297.3     6068.2     69.2     86.7     59.4 2022  8 23 16 29 48.550  1.9   1
       91  26.531982  103.169263    18.650    22829.2   -46191.6    12656.5     31.7     27.6     31.8 2022  8 31 10 53 13.050  2.7   1
      135  27.032947  103.117708    10.497    17661.6     9316.5     4503.6     11.4     11.8     16.1 2022  9  2 20 12 18.120  2.3   1
      141  26.538100  103.177401    19.686    23638.5   -45513.9    13692.9     31.3     28.2     31.3 2022  9  3  2 56 53.270  2.8   1
      144  26.593441  102.939535     4.334      -24.4   -39381.9    -1659.2     90.7     50.1    128.2 2022  9  3  9 16  5.250  3.6   1
      222  26.878402  102.777197    15.800   -16149.2    -7807.4     9806.5      0.0      0.0      0.0 2022  9  8 17 34 28.040  3.0   1
      257  27.037923  103.002677     2.437     6243.6     9868.0    -3556.2    193.3     58.5     89.3 2022  9 12  0 14 51.300  2.7   1
      269  27.237887  102.963428     1.520     2345.2    32024.5    -4473.3     11.8     45.0     44.3 2022  9 12 17 33 19.000 -0.5   1
      276  26.959932  103.004517     9.368     6427.8     1226.4     3375.4     13.3     12.7     27.7 2022  9 13  0 33 14.780  1.3   1
      371  27.215057  102.961263     1.725     2131.0    29494.7    -4268.5     10.9     15.3     21.7 2022  9 18  5 49 58.600  1.3   1
      392  26.921808  102.735124     5.443   -20324.6    -2997.9     -550.1      7.6     10.4     13.7 2022  9 19 21  5  7.620  2.8   1
      439  27.298484  103.015682     4.835     7526.0    38738.8    -1158.0      0.0      0.0      0.0 2022  9 24  1 45 33.660  2.9   1
      444  27.014874  102.765373     8.121   -17313.5     7314.0     2127.9    108.4    132.5    200.1 2022  9 24  7 41 55.320  2.6   1
      489  27.230241  102.962907     1.595     2293.5    31177.3    -4398.2     11.4     38.4     29.3 2022  9 27 19 23 18.840  0.0   1
      523  27.054006  102.848560     8.039    -9053.9    11650.0     2046.2     33.8     23.5     35.5 2022  9 29 17 23 38.880  2.1   1
      536  27.229309  102.962720     0.936     2275.6    31073.9    -5057.3     12.0     30.7     48.4 2022  9 30  9 49 58.940  1.2   1
      543  26.675712  103.097021     0.764    15632.8   -30266.1    -5228.7     87.1     47.4     49.1 2022  9 30 20 38 44.360  2.2   1
      563  27.304211  103.017236     5.396     7679.6    39373.3     -597.5      0.0      0.0      0.0 2022 10  2 12 44 16.360  2.3   1
      624  26.922323  102.997054     6.510     5688.2    -2940.9      516.8      3.6      4.5      4.0 2022 10  6 19 23 17.160  0.7   1
      663  26.543231  103.000871     3.772     6077.5   -44945.3    -2221.4     14.4     21.2     17.4 2022 10  9 11 37 14.950  2.2   1
      672  26.809469  102.900968    10.672    -3856.1   -15445.5     4678.8      0.7      0.4      0.3 2022 10 10  3 35  1.940  3.7   1
      811  26.538930  102.963428     5.495     2352.7   -45421.8     -498.0     74.0     10.3     88.8 2022 10 19 14 46 46.080  3.0   1
      839  26.745730  103.023234     9.177     8294.7   -22508.0     3183.9      6.2      4.9      7.1 2022 10 20 17 33 27.740  2.5   1
      903  27.208726  102.978288     1.685     3820.0    28793.3    -4307.7     56.9     69.0    117.6 2022 10 26  7 44 50.780  2.5   1
      959  26.930168  102.815186     4.624   -12373.2    -2071.7    -1369.2     82.4    244.7    137.0 2022 11  1  0 13 34.950  2.8   1
     1011  26.938908  102.881502     5.525    -5786.8    -1103.3     -468.4    183.5    256.9    171.1 2022 11  8 16 46  5.690  2.4   1
     1016  26.568746  103.072965     2.762    13247.7   -42118.1    -3230.7      4.1      2.6      3.1 2022 11  9  5 41  9.940  2.7   1
     1090  26.860785  103.104110     2.018    16324.8    -9759.4    -3975.0    112.3    133.8    142.9 2022 12 11  7  3 23.660  2.7   1
     1101  26.849921  103.094222     1.200    15342.7   -10963.3    -4793.5     99.2    195.2    186.8 2022 12 25 14 50 26.040  2.8   1
     1104  26.869704  102.902010     9.406    -3751.9    -8771.3     3412.6     37.9     22.9     45.3 2023  1  1  1  2 48.170  2.7   1
     1120  27.213792  102.960767     1.638     2081.6    29354.6    -4355.0     17.9     22.3     33.1 2023  1  1  8 59 58.740  1.1   1
     1150  26.924058  102.919141     7.390    -2049.2    -2748.6     1396.6     58.4     46.9     53.7 2023  1  1 17 54 31.060  2.5   1
     1172  26.904765  102.810693     4.186   -12820.8    -4886.5    -1806.7     55.2     57.3     91.3 2023  1  2  2 44 50.100  3.0   1
     1194  26.823869  102.941130    13.425      134.4   -13849.8     7431.5     61.8     76.1     44.7 2023  1  2 13 15 59.500  3.7   1
     1199  26.848216  102.920402    17.813    -1925.3   -11152.1    11820.4    105.8     84.4     69.6 2023  1  2 14 42 20.610  3.5   1
     1210  26.745213  102.902531    14.483    -3701.6   -22565.3     8490.0     17.2     19.2     13.6 2023  1  2 19 33 14.920  1.4   1
     1213  26.979020  102.899097     8.979    -4039.3     3341.4     2986.1     87.7    178.9     54.1 2023  1  2 20 38 12.040  2.4   1
     1214  26.984642  102.903996    19.781    -3552.6     3964.1    13787.9      9.8     14.6     23.8 2023  1  2 20 43 14.180  0.7   1
     1246  26.960077  103.004435     9.224     6419.7     1242.3     3230.6     13.3     12.7     28.8 2023  1  3  9 53 14.500  1.3   1
     1269  26.530062  102.969165     4.392     2923.7   -46404.4    -1600.6     67.0     12.0     89.6 2023  1  3 17  5 17.760  3.4   1
     1270  27.093730  102.771289     2.230   -16720.8    16051.5    -3763.1     68.4     58.0     97.8 2023  1  3 17  7 56.840  2.8   1
     1280  26.913481  103.008993     6.403     6874.2    -3920.8      410.0      3.5      5.1      4.3 2023  1  3 18 37 22.120  2.0   1
     1304  27.114425  102.833708    13.182   -10524.8    18344.5     7188.6    100.9    117.3    101.7 2023  1  4  2 22 33.690  2.9   1
     1338  26.984639  102.903727    21.051    -3579.0     3964.0    15058.0     33.5     19.5     31.0 2023  1  4 16 33 13.890  0.9   1
     1350  26.851495  102.959334    14.027     1942.9   -10788.9     8034.4     57.8     55.0     60.3 2023  1  4 19 27 11.020  3.5   1
     1360  26.970874  102.929085     5.740    -1061.7     2438.6     -252.7     46.8     51.1     60.1 2023  1  4 22 34  8.940  2.1   1
     1371  27.175041  102.809448     1.554   -12929.2    25060.8    -4438.7      4.5      3.1      5.2 2023  1  5  5  3  4.960  3.6   1
     1395  26.923562  102.916610     7.381    -2301.1    -2803.7     1387.7     66.5     47.6     53.7 2023  1  5 16 58 37.710  3.2   1
     1405  26.793941  102.977026    14.358     3701.3   -17165.9     8364.9     33.3     34.4     41.7 2023  1  5 18 48 23.160  3.0   1
     1406  26.980509  102.905534    19.646    -3400.1     3506.4    13653.1     16.2     26.9     12.7 2023  1  5 18 53 13.880  1.2   1
     1410  26.846252  102.946965     4.544      713.6   -11369.7    -1449.4     22.2     20.2     57.5 2023  1  5 19 19 20.860  2.6   1
     1411  26.921922  102.847721    10.775    -9142.3    -2985.4     4782.3     68.2     85.2     60.1 2023  1  5 19 20 31.660  2.4   1
     1412  26.850513  102.943612     4.200      381.1   -10897.6    -1793.1     14.8     29.3     40.5 2023  1  5 19 34 36.200  2.3   1
     1425  26.821151  102.953263    14.204     1340.1   -14151.1     8211.4    117.8     93.0     70.7 2023  1  5 21  4 48.560  3.5   1
     1428  26.830741  102.970182    16.829     3020.6   -13088.5    10836.3     70.0     37.8     43.5 2023  1  5 21 57 36.580  5.6   1
     1431  26.827332  102.948600    10.971      876.3   -13466.3     4978.3    101.7     91.9    103.9 2023  1  5 22  4  9.800  4.9   1
     1433  26.837384  102.947550    11.332      772.1   -12352.4     5339.2     35.6     41.7     42.5 2023  1  5 22 15 54.360  2.9   1
     1436  26.823265  102.955599    14.161     1572.2   -13916.9     8167.7     59.4     46.6     48.5 2023  1  5 22 21  5.480  5.6   1
     1439  26.849504  102.999650    14.508     5947.6   -11009.5     8515.4     72.0     69.6     52.0 2023  1  5 22 43 29.800  5.2   1
     1440  26.830208  102.961108    13.548     2119.1   -13147.4     7555.3     34.7     57.4     28.5 2023  1  5 22 45 17.520  4.8   1
     1441  26.836294  102.964705    12.102     2476.4   -12473.3     6108.5    100.1     54.0     56.0 2023  1  5 22 47 20.320  3.1   1
     1442  26.807747  102.944059    16.942      425.3   -15636.2    10948.7     85.6     50.7     45.6 2023  1  5 22 55 34.980  3.9   1
     1444  26.836353  102.966886    16.142     2693.0   -12466.5    10149.2     77.3     98.5     47.2 2023  1  5 23  2 29.760  3.2   1
     1445  26.832338  102.964657    11.612     2471.8   -12911.5     5618.5     56.7     28.7     64.2 2023  1  5 23  5 44.480  4.0   1
     1448  26.821798  102.964160    14.849     2422.6   -14079.3     8855.7     75.0     70.2     38.1 2023  1  5 23 27 57.080  5.4   1
     1450  26.813352  102.932821    15.641     -691.5   -15015.1     9647.5     83.5     49.6     45.3 2023  1  5 23 38 26.920  3.7   1
     1460  26.594230  103.019523     3.359     7931.2   -39294.4    -2634.4     42.3     40.9     43.1 2023  1  6  1 44  6.960  2.5   1
     1461  26.835775  102.921273    11.813    -1838.2   -12530.6     5819.5    113.8     70.4     96.0 2023  1  6  2  9 13.140  3.6   1
     1465  26.823035  102.972990    17.469     3299.8   -13942.2    11475.7    161.4    121.4    104.8 2023  1  6  2 50 22.410  5.9   1
     1467  26.833816  102.962980    11.904     2305.4   -12747.8     5910.5     83.2     54.8     38.1 2023  1  6  2 57  1.020  3.8   1
     1469  26.834916  102.951587    12.407     1173.2   -12625.9     6414.2     71.2     81.0     50.7 2023  1  6  3  0 59.270  3.6   1
     1470  26.829041  102.948063    13.461      823.3   -13276.7     7467.6     52.3     52.0     43.5 2023  1  6  3 25  4.030  3.7   1
     1474  26.820209  102.955111    15.701     1523.1   -14255.5     9707.8    106.6    131.3    107.3 2023  1  6  3 41 32.280  3.4   1
     1479  26.831850  102.961108    14.255     2118.8   -12965.4     8261.7     74.7     55.3     55.4 2023  1  6  4 27 46.330  3.9   1
     1480  26.831187  102.981258    13.069     4120.9   -13039.0     7075.7    111.2     89.3     92.6 2023  1  6  4 51 23.310  3.7   1
     1489  26.809473  102.965251    12.212     2531.2   -15445.1     6219.2     69.1     66.6     50.0 2023  1  6  6  5 52.330  3.0   1
     1490  26.836947  102.967090    12.989     2713.0   -12400.7     6996.1    108.1    107.5     86.0 2023  1  6  6  8 33.500  3.0   1
     1496  26.832314  102.962744    13.637     2281.3   -12914.1     7643.8     88.4     81.1     49.8 2023  1  6  7 51  6.930  4.0   1
     1509  26.832992  102.979053    17.537     3902.0   -12839.1    11543.5    123.5    100.6     64.8 2023  1  6 11  5  1.410  3.2   1
     1511  26.837976  102.957764    13.814     1786.5   -12286.7     7820.7     51.3     50.1     47.5 2023  1  6 11 24 59.760  3.7   1
     1520  26.836444  102.951538    13.814     1168.7   -12456.6     7820.5     90.8    100.2     71.1 2023  1  6 14 37 17.560  3.7   1
     1530  26.831675  102.943115    10.015      331.9   -12984.9     4021.8     92.5     69.6     78.7 2023  1  6 16 14 42.600  2.7   1
     1531  26.876495  102.932666     8.231     -706.6    -8018.8     2237.7     62.0     63.8     95.3 2023  1  6 16 35 36.810  2.5   1
     1546  26.874416  102.840771     3.758    -9834.6    -8249.1    -2234.6    111.7     51.3    113.6 2023  1  6 18 53 36.500  2.2   1
     1551  26.823861  102.950057    13.212     1021.5   -13850.8     7218.5     56.2     61.6     46.8 2023  1  6 20 36  5.420  3.7   1
     1558  26.827698  102.963118    13.248     2318.5   -13425.6     7254.8     70.1     74.3     38.8 2023  1  6 21 38 29.200  4.3   1
     1562  27.018628  102.831787     3.584   -10719.9     7729.8    -2409.4     49.5     56.9     59.5 2023  1  6 22 19 21.680  1.4   1
     1566  26.820618  103.023535    13.888     8321.9   -14210.2     7894.5     31.6     37.2     27.7 2023  1  6 23 10 13.040  3.2   1
     1584  26.927089  102.658757    13.594   -27908.6    -2412.7     7600.6    114.7    203.9    146.0 2023  1  7  5 10 35.680  2.9   1
     1597  26.896714  102.922770    11.773    -1689.1    -5778.5     5780.0      7.2      4.1      4.2 2023  1  7 11 13 16.360  1.4   1
     1598  26.840468  102.935848    15.529     -390.8   -12010.7     9535.8    103.6    104.5    109.3 2023  1  7 11 38 45.550  3.3   1
     1607  26.961873  102.896021     7.887    -4345.2     1441.4     1893.6    188.2    121.9    152.8 2023  1  7 15 39 14.060  2.9   1
     1610  26.809161  103.070565     4.887    12995.0   -15479.5    -1105.9     23.8     25.9     47.7 2023  1  7 16 25  3.150  1.9   1
     1611  26.834047  102.950285    14.354     1044.2   -12722.1     8360.9     76.9     64.0     48.0 2023  1  7 16 37 55.380  2.6   1
     1620  26.803977  102.958577    12.649     1868.1   -16053.9     6655.7     70.8     68.5     65.4 2023  1  7 20 13  6.540  3.4   1
     1641  26.749072  102.858065    11.089    -8121.6   -22137.4     5096.4      0.0      0.0      0.0 2023  1  8  4 26  9.320  3.1   1
     1644  26.833907  102.919963    12.807    -1968.9   -12737.5     6813.6    175.5    157.2    134.5 2023  1  8  5 28 16.570  3.7   1
     1653  26.833051  102.954102    14.148     1423.1   -12832.5     8155.4     61.6     52.4     45.2 2023  1  8  9 21  3.240  3.7   1
     1662  26.819637  102.914486    11.678    -2513.3   -14318.8     5684.9    173.7    321.2    213.4 2023  1  8 12 18 53.450  3.6   1
     1675  26.830585  102.957170    11.701     1727.9   -13105.8     5707.5     77.4     34.8     66.6 2023  1  8 17  5 43.960  3.1   1
     1678  26.678977  103.008032    14.946     6785.8   -29904.2     8953.4    114.7     39.9     59.0 2023  1  8 18  3 48.840  3.2   1
     1688  26.830463  102.962915    14.870     2298.3   -13119.3     8876.5     80.9     97.4     74.9 2023  1  8 20 59 20.120  3.0   1
     1690  27.000146  102.877865    16.259    -6147.1     5682.1    10266.2     18.1     19.5     16.1 2023  1  8 21 29 31.160  2.8   1
     1691  26.933720  102.857048    12.582    -8215.8    -1678.1     6588.6    109.2     79.5     74.5 2023  1  8 21 39 13.640  3.3   1
     1692  26.935647  102.873120    13.157    -6619.4    -1464.6     7163.6    119.8     80.5     73.3 2023  1  8 21 47 29.700  3.2   1
     1696  26.893337  102.924097    11.087    -1557.4    -6152.7     5094.0      7.1      4.2      4.3 2023  1  9  1  2 25.250  3.1   1
     1719  26.882776  102.930949     9.145     -877.3    -7322.8     3152.3    105.9     82.9     92.2 2023  1  9 16  6 17.470  3.2   1
     1720  26.874194  102.932463    10.925     -726.7    -8273.6     4932.4     64.3     86.8     45.9 2023  1  9 16 14 24.770  3.0   1
     1721  26.878292  102.939722     9.253       -5.5    -7819.6     3259.6    107.9     93.9     91.4 2023  1  9 16 39 28.720  3.0   1
     1722  26.873285  102.960718    14.989     2079.5    -8374.5     8995.5     51.9     71.3     45.0 2023  1  9 16 57 16.400  4.2   1
     1727  26.897333  102.965820    11.181     2586.6    -5710.0     5188.4    205.0    199.0    169.1 2023  1  9 19  8 37.980  2.9   1
     1730  26.866724  102.950618     7.735     1077.0    -9101.5     1742.1    117.8     95.3    139.7 2023  1  9 19 27 32.440  2.9   1
     1732  26.884871  102.967635     9.681     2766.9    -7090.6     3688.4    154.3    114.1     95.0 2023  1  9 20 35 17.380  4.9   1
     1733  26.880707  102.942188    11.128      239.3    -7552.1     5135.0     56.1     47.7     29.1 2023  1  9 20 39 20.860  3.4   1
     1734  26.874502  102.933805     8.308     -593.5    -8239.7     2314.6     57.5     56.7     69.8 2023  1  9 21 45  5.440  3.0   1
     1737  26.884340  102.937191    11.038     -256.9    -7149.6     5045.3     61.1     35.1     44.3 2023  1  9 22  7  4.500  3.6   1
     1748  26.885826  102.932918    10.134     -681.7    -6984.9     4140.8    131.8    100.4     80.9 2023  1 10  1 44 54.780  2.7   1
     1770  26.874178  102.929403     8.439    -1031.0    -8275.5     2445.7     95.4     75.0     60.6 2023  1 10  9 51  7.700  3.4   1
     1772  27.242828  102.963688     1.812     2371.5    32572.0    -4181.0     20.8     48.5     47.9 2023  1 10 10 46 38.980  1.5   1
     1778  26.863078  102.953914    19.377     1404.5    -9505.5    13384.4     39.3     24.9     16.8 2023  1 10 13 34 23.820  3.4   1
     1779  26.848696  102.929500    11.399    -1021.3   -11099.0     5406.4     52.2     48.7     52.1 2023  1 10 13 36 48.280  3.4   1
     1781  26.822518  102.945898    10.770      607.8   -13999.6     4776.8     34.4     43.6     42.0 2023  1 10 15  7 20.700  2.9   1
     1785  26.852627  102.937484    11.568     -227.9   -10663.4     5575.4     55.8     63.0     62.8 2023  1 10 16 19 19.210  2.9   1
     1790  26.968140  102.923234     6.626    -1642.5     2135.6      633.3     83.6     87.3     51.9 2023  1 10 18 32 50.840  2.7   1
     1795  27.015090  102.791447     8.627   -14724.8     7337.8     2634.0      0.0      0.0      0.0 2023  1 10 20 13 13.680  0.7   1
     1810  26.839296  102.924536    15.742    -1514.6   -12140.5     9748.9    120.9     97.0    103.2 2023  1 11  0  7 17.780  3.6   1
     1812  26.947852  102.912866     8.879    -2672.2     -112.3     2886.0     48.0     42.0     26.1 2023  1 11  0 36  5.800  2.7   1
     1820  26.877370  102.932414     7.369     -731.9    -7921.8     1376.0     47.8     52.7     99.2 2023  1 11  4 17  3.990  2.8   1
     1823  27.108765  102.843636    14.907    -9540.3    17717.3     8913.7    104.0     46.4     70.2 2023  1 11  4 48 26.140  4.3   1
     1825  26.949729  103.015161    10.616     7485.3       95.8     4623.0     32.3     30.1     48.1 2023  1 11  5 46 50.880  3.1   1
     1846  26.876866  102.932650    12.044     -707.9    -7977.6     6050.6     77.6     89.2     89.5 2023  1 11 12 40 18.140  3.3   1
     1847  27.098305  102.869743    13.307    -6950.4    16558.3     7313.8     71.5     50.3     49.2 2023  1 11 12 47 56.460  2.5   1
     1855  26.884900  102.943660    10.584      385.9    -7087.5     4591.0     57.0     39.5     36.1 2023  1 11 15 39  2.760  3.5   1
     1862  26.890045  102.953613     9.806     1374.5    -6517.4     3813.2    101.8     70.6     54.5 2023  1 11 18 31 49.400  3.0   1
     1898  27.114889  102.823608    13.350   -11527.3    18395.8     7357.2     72.1     59.5     67.5 2023  1 12 11  0 25.500  4.2   1
     1918  26.981451  102.788330    14.885   -15036.8     3610.6     8891.5    134.2    410.4    131.8 2023  1 12 19 47 23.600  2.7   1
     1923  27.112809  102.829842    14.422   -10908.5    18165.4     8429.2     52.6     42.0     56.1 2023  1 12 21 27 16.860  4.8   1
     1926  27.108484  102.841455    14.429    -9756.7    17686.1     8436.4     98.5     71.4     69.9 2023  1 12 22 45 29.160  3.7   1
     1928  27.101670  102.865902    12.872    -7330.7    16931.2     6878.5     83.1     58.2     45.9 2023  1 13  0  2  4.850  3.5   1
     1934  27.107635  102.862394    12.071    -7678.5    17592.1     6077.5     90.5     69.3     69.1 2023  1 13  1 42 41.480  3.2   1
     1941  26.824046  102.981681    10.577     4163.1   -13830.2     4584.1     94.9     63.4     69.4 2023  1 13  5 13  5.790  3.6   1
     1947  27.111918  102.832699    14.422   -10625.4    18066.7     8429.4     64.4     46.1     52.9 2023  1 13  9 37 46.380  2.8   1
     1948  27.121806  102.847534    14.359    -9152.6    19162.4     8365.7    142.7     93.9     95.6 2023  1 13  9 48 48.310  3.4   1
     1957  27.116809  102.823462    10.568   -11541.6    18608.7     4575.2     76.9     45.6     41.4 2023  1 13 11 23 47.790  3.1   1
     1965  27.098820  102.820980    13.205   -11789.2    16615.5     7211.7    121.9    129.7    103.3 2023  1 13 13 55 47.290  3.4   1
     1983  27.107823  102.871818    13.035    -6743.7    17613.0     7042.0     86.9     66.3     75.7 2023  1 13 18 44 10.720  3.2   1
     1999  26.793571  102.972249    14.303     3226.2   -17206.9     8310.4     31.5     35.1     42.4 2023  1 14  2  9 10.410  3.6   1
     2008  26.860966  102.839152     4.425    -9995.7    -9739.5    -1568.4    115.1     51.4    104.3 2023  1 14  5 22 43.770  2.9   1
     2014  26.879606  102.926196     8.830    -1348.8    -7674.0     2836.5     64.6     67.8     68.8 2023  1 14  8 57 20.990  2.8   1
     2040  26.927415  102.752669     5.607   -18581.5    -2376.6     -386.2      7.6     10.5     12.7 2023  1 14 16  0 25.770  2.5   1
     2044  26.940501  102.909969     6.674    -2960.3     -926.8      680.8     31.7     23.3     34.9 2023  1 14 16 43 43.950  2.8   1
     2056  27.066496  102.845337     5.835    -9373.5    13033.7     -158.3     10.6     25.5     35.3 2023  1 14 21 23 21.280  2.7   1
     2057  26.960801  102.915104     8.325    -2450.4     1322.6     2331.8    108.9    142.9    115.0 2023  1 14 21 31 33.240  2.7   1
     2063  27.108038  102.825163    10.452   -11373.5    17636.9     4459.3     39.4     34.7     50.5 2023  1 14 23 36 57.880  3.7   1
     2077  27.069421  103.136727    12.928    19546.3    13358.0     6935.1      6.4      5.8     15.4 2023  1 15  3  5 26.790  3.6   1
     2081  27.126335  102.800415     0.145   -13827.9    19664.1    -5848.5    115.8    103.7    249.4 2023  1 15  4 24 51.860  3.0   1
     2084  27.049471  102.990576     2.899     5041.7    11147.4    -3094.5    178.2     59.6     90.4 2023  1 15  5 40 13.010  2.7   1
     2093  26.683077  103.090812     1.814    15014.7   -29450.0    -4179.1     67.4     45.5    138.4 2023  1 15  8 44 35.800  2.4   1
     2119  27.107682  102.846484    14.328    -9257.4    17597.4     8335.3     99.6     46.4     71.4 2023  1 15 17 11  5.080  3.8   1
     2121  26.905776  102.818937     4.897   -12001.5    -4774.3    -1096.3     56.6     57.2     79.4 2023  1 15 17 27 46.360  2.8   1
     2131  26.803410  103.055876     3.891    11535.4   -16116.8    -2102.4     24.5     24.7     61.3 2023  1 15 20  8 42.660  2.1   1
     2153  26.835824  102.955998    13.016     1611.1   -12525.2     7022.9     63.3     57.9     51.5 2023  1 16  2 13 26.450  3.6   1
     2157  27.169163  102.816992     1.644   -12180.8    24409.6    -4348.7      4.7      3.0      5.2 2023  1 16  3 47 40.300  3.3   1
     2173  26.854134  102.961287    11.313     2136.8   -10496.4     5319.9    105.1    107.9     87.5 2023  1 16  8 53 26.520  3.6   1
     2175  26.846806  102.964795    14.240     2485.2   -11308.4     8247.1     98.1     81.9     93.6 2023  1 16  8 58 50.730  3.3   1
     2195  26.840566  102.976725    13.017     3670.9   -11999.7     7024.2     32.6     36.1     46.3 2023  1 16 16  3 18.920  3.4   1
     2198  26.975401  102.923340     8.286    -1632.3     2940.2     2293.4     43.4     48.9     39.2 2023  1 16 16 16 44.450  3.2   1
     2199  26.970215  102.951237     8.440     1137.6     2365.6     2447.1    107.6    109.2    115.5 2023  1 16 16 20  5.830  3.0   1
     2215  26.474390  102.981445     5.864     4146.3   -52573.2     -129.5     72.4     60.4     92.4 2023  1 16 19 35 29.480  2.0   1
     2230  26.934727  103.056559    10.612    11597.3    -1566.4     4619.4     43.8     38.2     39.3 2023  1 16 23  4  7.160  2.5   1
     2231  26.583667  102.944312     4.043      450.5   -40464.8    -1950.0     96.9     49.7    146.7 2023  1 16 23 51 20.800  2.3   1
     2255  27.161080  103.116943    14.520    17576.2    23513.9     8526.5    119.5    131.8    108.9 2023  1 17  9 14 52.110  3.4   1
     2259  26.920249  103.063298    10.309    12267.2    -3170.6     4315.9     43.7     39.6     38.0 2023  1 17 10  7  6.440  2.6   1
     2276  27.025323  102.768481     6.901   -17003.7     8471.9      908.0    108.6    124.8    199.3 2023  1 17 14 35 43.370  3.3   1
     2294  27.125608  102.805615     2.046   -13312.4    19583.6    -3946.8     80.4     61.4    127.5 2023  1 17 18 47 54.980  3.6   1
     2305  27.047420  102.842440     7.030    -9661.7    10920.3     1036.8     42.9     19.6     62.8 2023  1 17 20 43 35.940  3.1   1
     2306  26.929352  102.921680    12.599    -1797.4    -2162.0     6605.8     60.2     56.0     40.2 2023  1 17 20 57  4.440  2.7   1
     2327  26.817578  103.025757    29.785     8542.9   -14547.0    23791.7    155.6    118.7     87.1 2023  1 18  1 23 41.130  3.2   1
     2339  27.102991  102.794425     1.062   -14423.9    17077.5    -4930.8     19.6     13.4     13.8 2023  1 18  6 11 30.060  3.3   1
     2348  26.991001  102.882682     5.120    -5668.3     4669.0     -873.0      3.6      2.2      1.0 2023  1 18  7 22 51.730  3.2   1
     2438  27.099473  102.998901     3.732     5867.2    16687.9    -2261.0     35.6     26.8     34.5 2023  1 19 17 24 12.840  2.9   1
     2443  26.572270  103.045719    12.883    10537.4   -41727.7     6891.2     78.5     97.4     95.0 2023  1 19 18 37 36.240  3.7   1
     2447  26.858049  102.930070    11.581     -964.3   -10062.6     5588.0    104.8     77.6     85.2 2023  1 19 22  6 22.960  3.6   1
     2451  26.861200  102.929020    11.940    -1068.8    -9713.6     5946.6    124.2     72.7     77.7 2023  1 19 22 42 21.840  3.2   1
     2463  26.984420  102.821305    14.259   -11762.2     3939.6     8265.9    187.4    164.4    148.7 2023  1 20  8 24  0.370  3.4   1
     2468  27.043551  102.847664     7.742    -9143.2    10491.5     1749.1     40.8     18.5     44.0 2023  1 20 14 49 58.820  3.6   1
     2490  27.115212  102.825749    14.391   -11314.5    18431.6     8397.7     63.6     48.2     68.0 2023  1 20 19  7 17.640  3.4   1
     2499  26.745068  102.901961    14.455    -3758.6   -22581.1     8461.6      7.3     17.0     18.9 2023  1 20 20 43 15.000  1.3   1
     2543  26.985461  102.847933    14.662    -9118.6     4054.9     8669.0     87.7     55.7     62.2 2023  1 21 23 20 39.120  2.4   1
     2544  27.121810  102.821126     2.934   -11773.5    19162.8    -3059.2     65.5     74.0    154.5 2023  1 21 23 20 59.640  2.4   1
     2595  26.923936  102.936068    11.973     -368.3    -2762.1     5980.4     54.1     54.1     41.8 2023  1 22 20 25 59.880  2.7   1
     2608  27.125446  102.792936    10.493   -14570.5    19565.6     4499.9     53.4     30.1     51.2 2023  1 22 23 57 49.340  3.1   1
     2630  27.062514  103.127327    11.752    18614.5    12592.7     5758.9      6.7      5.4     15.5 2023  1 23 13 50 46.020  3.2   1
     2654  27.104266  102.854696    14.667    -8443.1    17219.0     8674.2    122.0     71.1     68.0 2023  1 23 21 54 10.300  4.3   1
     2662  27.117655  102.795003     3.437   -14365.3    18702.4    -2556.2     96.2     57.0    225.9 2023  1 24  0 35 17.620  2.5   1
     2672  27.047471  103.067057     5.971    12633.0    10925.9      -21.8    114.7     63.1    201.1 2023  1 24  3 57  8.160  2.7   1
     2674  27.115236  102.821891    10.953   -11697.5    18434.3     4959.5    157.8    114.5    154.9 2023  1 24  5 27  3.620  3.5   1
     2700  26.983954  102.930160     9.608     -955.0     3887.9     3614.7    106.8    101.8     70.6 2023  1 24 17  6 42.280  4.3   1
     2703  26.842450  102.929606    13.884    -1010.8   -11791.1     7890.5     84.4     59.6     49.1 2023  1 24 18 28 40.720  5.3   1
     2705  26.842212  102.934473     9.824     -527.3   -11817.4     3831.0     43.0     74.6     36.6 2023  1 24 18 39  8.100  3.5   1
     2706  26.842080  102.939445    13.639      -33.1   -11832.2     7646.1     84.2     72.0     63.3 2023  1 24 19  2 19.360  4.5   1
     2729  26.868953  102.908032    15.662    -3153.2    -8854.3     9668.4     72.1     65.6     59.2 2023  1 25  2 54 46.450  3.1   1
     2735  26.920245  102.931812     6.209     -791.4    -3171.0      215.6     86.4     81.2     96.4 2023  1 25  7  1 11.130  2.1   1
     2747  27.220026  102.961890     2.040     2192.8    30045.3    -3953.0     10.0     23.0     30.8 2023  1 25 12 43 18.710  0.7   1
     2748  26.970416  102.918075     8.706    -2155.1     2388.0     2712.6     51.0     46.0     47.8 2023  1 25 12 51 58.640  3.5   1
     2751  26.975952  102.924251     9.814    -1541.8     3001.3     3820.9     67.3     74.6     50.1 2023  1 25 14  8 38.810  3.4   1
     2756  26.954620  102.900480     7.711    -3902.1      637.7     1718.0    293.8    226.8    243.4 2023  1 25 15 29  8.450  3.3   1
     2764  26.980361  102.900472     1.589    -3902.5     3489.8    -4403.9     63.3    146.5     91.5 2023  1 25 17 53 40.760  0.9   1
     2790  26.714201  103.009546    11.701     6934.6   -26001.3     5708.0     69.5     69.2     65.9 2023  1 25 22 18 21.720  4.1   1
     2804  26.743726  102.901619    14.581    -3792.6   -22730.0     8588.0     15.1     24.5     20.7 2023  1 25 23 33 14.880  3.5   1
     2823  26.984558  102.904004    19.593    -3551.5     3954.9    13600.0      7.9     11.7     25.8 2023  1 26  8 13 13.850  1.8   1
     2826  26.996639  102.816569    14.335   -12231.9     5293.4     8341.8    186.0    168.6    150.6 2023  1 26  8 57 51.390  3.5   1
     2827  27.178839  102.813037     7.670   -12572.4    25481.7     1677.1     23.1     36.1     56.3 2023  1 26  9  1 50.390  4.0   1
     2868  26.856423  102.938957    10.912      -81.4   -10242.8     4918.6    100.1     68.5     73.4 2023  1 27  3  4  5.290  3.2   1
     2873  26.958779  103.005851    10.970     6560.9     1098.5     4976.8     29.9     25.4     45.3 2023  1 27  6  3 14.460  1.4   1
     2876  26.856089  102.979118    12.587     3908.3   -10279.8     6594.1    124.6     97.8    124.9 2023  1 27  6 13 52.750  3.3   1
     2877  26.683966  103.008350    14.623     6816.9   -29351.5     8630.2    115.4     40.3     61.4 2023  1 27  6 25 49.430  3.5   1
     2889  26.988165  102.837606    13.059   -10144.2     4354.7     7065.4     37.1     36.6     27.2 2023  1 27 10 58 34.340  3.6   1
     2893  27.196224  102.955819     7.007     1590.8    27408.0     1014.1     54.0     38.2     39.0 2023  1 27 11 32  3.620  2.5   1
     2895  26.984320  102.900977     9.812    -3852.1     3928.6     3819.3     89.0    351.3     53.9 2023  1 27 12  9 22.740  3.3   1
     2898  26.974660  102.933870     9.350     -586.9     2858.1     3357.1     86.5    111.0     63.2 2023  1 27 13 50 19.660  3.3   1
     2904  26.993821  102.832918    13.440   -10609.3     4981.3     7447.1     33.2     36.9     27.9 2023  1 27 15 33 31.920  3.2   1
     2922  27.115326  102.848267     8.155    -9080.7    18444.4     2162.0     70.7     31.9     50.0 2023  1 27 20 21  5.380  3.1   1
     2929  27.046436  102.763175    14.008   -17528.9    10811.0     8014.7    101.5    103.1    101.7 2023  1 27 23 50 57.520  3.2   1
     2936  26.826241  102.973893    15.041     3389.1   -13586.9     9048.4     94.7     81.8     53.3 2023  1 28  2  0 52.420  3.3   1
     2956  26.881649  102.872144    10.088    -6718.1    -7447.8     4095.2     45.6     51.3     33.6 2023  1 28 10 40 14.790  2.7   1
     2958  26.982430  102.788420    14.672   -15027.4     3719.1     8679.1    133.7    394.4    132.3 2023  1 28 11 46 10.310  3.4   1
     2964  26.923745  102.900846     6.712    -3866.3    -2783.5      718.5     72.7     60.3     49.6 2023  1 28 12 13 23.580  3.3   1
     2970  27.024554  102.823853    14.118   -11507.5     8386.7     8124.9     20.0     19.8     19.2 2023  1 28 16 10 17.490  3.4   1
     2982  26.930082  102.884920    10.695    -5447.5    -2081.2     4702.0     55.2     70.0     38.2 2023  1 28 19 57 32.200  3.4   1
     3022  26.712756  103.026318    11.032     8602.2   -26161.4     5039.4     63.3     68.4     69.3 2023  1 29 13 41  6.720  3.2   1
     3042  27.099811  102.770793     4.413   -16769.1    16725.1    -1580.4     74.1     59.4     79.8 2023  1 29 20 41  5.560  1.4   1
     3045  26.877230  102.966895    15.565     2693.6    -7937.4     9571.8     33.0     33.0     45.6 2023  1 29 22 13  6.640  3.5   1
     3047  26.861737  102.940926     8.656      114.2    -9653.9     2663.3     21.3     31.9     56.0 2023  1 29 22 51 44.600  3.2   1
     3073  26.834701  102.942716     9.417      291.9   -12649.8     3424.3     43.7     79.5     49.2 2023  1 30 12  1 48.770  3.0   1
     3077  26.859062  102.953296    14.952     1342.7    -9950.4     8958.5    126.0    128.7     87.4 2023  1 30 12 26 51.580  3.5   1
     3101  26.865584  102.969076     5.841     2909.9    -9227.8     -151.9    103.7    140.8    144.3 2023  1 30 23 34 55.420  2.2   1
     3113  27.160838  103.108105    14.540    16699.5    23487.1     8546.9    126.7    134.2    110.9 2023  1 31  7  0 35.670  3.4   1
     3136  26.618699  103.015226    12.144     7503.2   -36583.3     6150.8     86.7     80.7     71.2 2023  1 31 16 27 59.290  3.8   1
     3140  26.881616  102.922298     8.626    -1736.6    -7451.3     2632.9     77.3     45.5     59.3 2023  1 31 17  3 23.640  3.8   1
     3152  27.021250  102.942814     4.303      301.0     8020.5    -1690.1     28.4     29.6     34.7 2023  1 31 19 52 21.760  2.3   1
     3153  26.927997  102.915666     8.368    -2394.4    -2312.2     2374.7     82.3     58.2     53.7 2023  1 31 20 31 50.780  2.5   1
     3156  26.952991  102.907625    10.339    -3192.8      457.2     4345.5     98.8    110.4     61.1 2023  1 31 21 28 23.660  2.7   1
     3161  26.934007  102.915552     8.613    -2405.9    -1646.3     2619.9    128.6     87.6     92.2 2023  1 31 22 23 52.560  2.7   1
     3178  26.945158  102.896623     7.816    -4285.1     -410.7     1823.1     48.6     38.9     43.2 2023  2  1  8 53 40.230  3.3   1
     3199  27.017747  102.809733     6.169   -12909.7     7632.2      176.4     97.3     97.0    108.6 2023  2  1 19 32 33.220  2.8   1
     3205  26.991817  102.884318     3.752    -5506.3     4759.3    -2241.1      3.2      2.1      1.2 2023  2  1 21 43 10.840  1.7   1
     3256  27.091292  102.770728     3.976   -16776.5    15781.4    -2017.4     70.4     60.6     80.7 2023  2  2 18 28 39.720  2.2   1
     3257  27.032823  103.069466     4.934    12873.5     9302.7    -1058.8    112.5     63.1    114.6 2023  2  2 18 33 15.720  1.0   1
     3264  26.944769  102.891374    11.370    -4806.8     -453.9     5376.6     97.6     88.5     46.1 2023  2  2 20 27  4.280  2.9   1
     3291  27.110044  102.835156     8.126   -10381.6    17859.1     2133.0    109.5     52.3     88.9 2023  2  3  9 59 32.770  3.5   1
     3310  27.026292  102.832690    15.336   -10630.1     8579.2     9342.9     23.7     19.6     19.0 2023  2  3 20 44 11.440  1.8   1
     3335  27.236784  102.898674     1.731    -4076.2    31902.1    -4262.5     41.6     60.4     47.1 2023  2  4  9 55  4.260  2.1   1
     3336  27.168011  103.119621    13.410    17841.1    24282.1     7416.8     76.7     74.5     82.2 2023  2  4 10 29 17.550  4.6   1
     3356  26.978469  102.906250     1.100    -3329.3     3280.1    -4893.3     61.5    132.4    115.5 2023  2  4 16 28 44.010  2.2   1
     3366  26.981500  102.914079    20.173    -2552.0     3616.0    14179.5     63.0     38.8     18.6 2023  2  4 20  3 14.540  1.6   1
     3367  26.853569  102.950415    13.510     1056.4   -10559.1     7517.0     76.4     81.8     59.8 2023  2  4 20  7 36.480  2.5   1
     3395  26.986871  102.769897    12.007   -16866.3     4211.2     6014.0     93.4    102.3     65.8 2023  2  5 12 41 57.150  3.3   1
     3396  27.010449  102.881608     6.760    -5774.9     6823.8      767.2     25.3     59.2     44.8 2023  2  5 13 31  8.540  2.5   1
     3405  26.985933  102.884277    15.937    -5510.3     4107.3     9943.5     16.6     20.2     15.6 2023  2  5 20 21 55.300  2.4   1
     3419  26.967061  102.920671    10.023    -1897.4     2016.3     4030.3     49.6     44.7     27.3 2023  2  6  1 12 27.600  4.9   1
     3423  27.017462  102.935303     4.678     -444.0     7600.7    -1314.8     28.4     30.3     32.1 2023  2  6  2 11 43.840  2.9   1
     3434  26.966929  102.917863    10.233    -2175.7     2001.6     4240.3     42.7     52.0     32.9 2023  2  6  8 30 31.150  4.5   1
     3437  27.025450  103.116626    11.036    17555.4     8485.8     5042.5     11.3     11.9     15.5 2023  2  6 11 44 13.880  1.6   1
     3478  26.743154  102.858390    12.822    -8089.4   -22793.3     6829.2      0.0      0.0      0.0 2023  2  7  0 34 55.370  2.5   1
     3497  26.576992  103.060848    11.116    12042.0   -41204.6     5122.8     50.1     64.3     68.7 2023  2  7 12 22 33.570  3.9   1
     3499  26.565717  103.063753    10.943    12331.0   -42453.9     4950.2     88.6     85.6    102.5 2023  2  7 12 51 49.860  3.6   1
     3506  26.978668  102.932186     5.707     -753.9     3302.2     -286.5     69.8     67.6     67.5 2023  2  7 14 24 46.020  2.7   1
     3521  26.573887  103.053906    11.974    11351.3   -41548.4     5981.3     52.5     66.7     69.4 2023  2  7 18 46 48.700  4.0   1
     3533  27.100751  102.865755    14.130    -7345.3    16829.4     8137.0    103.0     56.5     39.4 2023  2  7 22 51 25.800  4.0   1
     3558  27.010805  102.870166     6.659    -6910.7     6863.2      665.5     25.4     57.7     43.2 2023  2  8 12  8 20.810  3.0   1
     3564  27.106462  102.800936     2.554   -13777.5    17462.2    -3438.8     20.3     13.6     26.2 2023  2  8 16 55 27.230  2.5   1
     3603  26.925993  102.924219     8.480    -1545.4    -2534.2     2487.4    112.5     82.0     74.2 2023  2  9 17 12 51.860  1.9   1
     3621  26.981091  102.897827     4.267    -4164.8     3570.8    -1725.7     64.3     38.3     69.1 2023  2  9 22 14 15.300  2.2   1
     3641  26.828597  102.956494    12.171     1660.7   -13325.9     6178.1    106.9     83.5     54.1 2023  2 10  3 51 17.800  3.1   1
     3643  26.867539  102.937760     5.852     -200.6    -9011.1     -140.6     92.7     80.4    142.9 2023  2 10  4 12 31.530  3.3   1
     3661  26.961202  102.925724     8.003    -1395.5     1367.0     2009.8    101.3    132.8    115.3 2023  2 10 13 44 34.240  3.2   1
     3676  26.865767  102.942074     4.358      227.8    -9207.5    -1634.7     20.5     40.8     83.0 2023  2 10 18  5 36.080  2.7   1
     3677  26.989571  102.764893    12.782   -17363.2     4510.3     6788.6     88.1    103.4     61.2 2023  2 10 18 13 48.420  2.2   1
     3679  26.824196  102.963745    11.700     2381.1   -13813.6     5707.4    115.6    101.6     80.3 2023  2 10 18 51 51.000  2.9   1
     3681  26.832104  102.953914    15.797     1404.5   -12937.3     9803.8    102.0    169.2     81.9 2023  2 10 18 59 17.160  3.7   1
     3682  26.850399  103.000667    14.776     6049.1   -10910.3     8783.0     71.2     70.6     51.8 2023  2 10 20  1 54.320  2.5   1
     3689  26.809619  102.981250    14.815     4120.6   -15428.7     8821.7     46.3     50.3     38.2 2023  2 10 21 25 36.460  3.2   1
     3694  26.833720  102.958228    16.867     1832.8   -12758.2    10873.6     78.4     65.9     50.9 2023  2 10 22 52 55.800  3.0   1
     3696  26.815401  102.958862    12.740     1896.5   -14788.2     6746.6     58.3     71.3     74.4 2023  2 10 23 21 27.120  3.0   1
     3697  27.002946  102.814299     5.957   -12457.1     5992.3      -36.2     90.0    118.7    109.8 2023  2 10 23 27 25.760  2.8   1
     3703  26.932945  102.901701    10.725    -3781.3    -1764.0     4732.3     76.5     76.6     37.1 2023  2 11  0 34 33.290  3.9   1
     3721  27.128817  102.852238    10.846    -8685.9    19939.2     4852.6     75.0     70.1     52.0 2023  2 11  8 41  3.690  2.8   1
     3737  27.015792  102.839209     3.512    -9983.3     7415.8    -2481.3     54.2     56.9     56.0 2023  2 11 12 38 24.070  3.2   1
     3744  26.869438  102.944010     6.606      420.3    -8800.7      612.9     93.8     80.6    125.1 2023  2 11 15  5 42.430  2.9   1
     3786  27.179525  102.837386     8.306   -10157.3    25557.7     2312.8    104.1     96.2    171.5 2023  2 12  3 32 54.620  4.6   1
     3787  27.006712  102.810465     4.762   -12837.5     6409.6    -1231.1     80.7     89.0     84.5 2023  2 12  3 34  5.200  4.2   1
     3788  26.849754  102.952425    12.451     1256.6   -10981.7     6458.0    141.9    172.0    139.0 2023  2 12  3 36 55.170  3.0   1
     3810  26.841176  102.765299     4.265   -17334.0   -11932.1    -1728.2      8.5      4.1      8.3 2023  2 12  9 16 52.860  2.7   1
     3830  26.873376  102.927189    15.903    -1250.6    -8364.4     9909.8    160.2     94.1     90.4 2023  2 12 15 24 31.290  3.6   1
     3890  26.478422  102.976733     5.394     3677.5   -52126.3     -598.8     69.1     61.1    101.0 2023  2 13 12 44 44.880  3.3   1
     3906  26.831063  102.758146     2.913   -18045.4   -13052.7    -3079.8      7.3      4.1     12.2 2023  2 13 19 30 15.820  1.4   1
     3943  26.879773  102.971842    14.389     3184.9    -7655.5     8395.7     94.7     92.2     81.2 2023  2 14 21 11 56.760  3.0   1
     3948  27.121132  102.811938    13.166   -12684.6    19087.6     7172.6     66.1     59.2     70.0 2023  2 14 23  2 21.120  3.0   1
     3954  26.972719  102.849715    13.500    -8942.1     2643.2     7506.9     83.5     58.2     62.5 2023  2 15  2 44 14.520  3.0   1
     3970  27.115188  102.817627     9.070   -12120.7    18429.0     3077.3     84.3     56.5     80.6 2023  2 15 11 38  6.520  3.0   1
     3973  26.976164  102.904110     8.419    -3541.5     3024.7     2426.0    185.2    256.9     99.2 2023  2 15 14 54  0.720  2.3   1
     3976  27.110944  102.842944     8.023    -9608.6    17958.7     2029.7     76.0     49.4     82.9 2023  2 15 15 17 29.780  2.8   1
     3977  26.838544  102.971647    12.241     3166.4   -12223.8     6247.9     35.3     31.1     59.7 2023  2 15 16  9 19.260  4.2   1
     3983  26.837421  102.970247    16.908     3026.9   -12348.2    10914.9     90.8     88.7     73.1 2023  2 15 20 50 46.760  2.9   1
     4024  27.120302  102.817977     2.136   -12085.8    18995.7    -3856.7     57.3     87.3    155.2 2023  2 17  0 14 51.630  3.4   1
     4041  26.951200  102.917513     7.440    -2210.8      258.9     1447.2     35.7     27.1     32.0 2023  2 17 13 22  2.790  2.8   1
     4048  26.837156  102.934513    18.341     -523.1   -12377.5    12348.0     99.5     89.3     68.8 2023  2 17 17 50 30.180  2.9   1
     4055  26.549548  103.011401     3.517     7124.9   -44245.3    -2476.1     11.2     12.3     12.8 2023  2 17 22 21 14.240  1.9   1
     4058  26.828029  102.969930    13.283     2996.0   -13388.8     7290.1    109.5     51.9     68.7 2023  2 17 23  0 31.120  3.8   1
     4070  27.079608  102.773763    29.141   -16475.9    14486.7    23148.3      0.0      0.0      0.0 2023  2 18  6 23 13.990  2.5   1
     4084  26.832430  103.013338    14.847     7307.9   -12901.3     8853.8     18.2     24.2     22.5 2023  2 18 11 25  4.350  3.4   1
     4116  27.098501  103.007511     2.092     6721.7    16580.1    -3900.8     37.0     28.4     48.3 2023  2 19  6 32 11.650  3.1   1
     4127  26.920166  102.642977    14.338   -29476.5    -3179.9     8344.7    114.6    199.8    147.2 2023  2 19 17 14  2.520  2.8   1
     4128  27.208274  102.961149     0.409     2119.5    28743.3    -5584.0     15.2     36.6    109.2 2023  2 19 19 13 18.680  0.8   1
     4135  26.950401  102.872054     4.363    -6725.3      170.2    -1630.4    169.2    208.0    193.4 2023  2 19 21 46 38.960  1.5   1
     4145  27.190206  102.961499     5.760     2154.5    26741.3     -232.8     49.1     35.9     42.8 2023  2 20  2 42 49.690  2.0   1
     4208  27.104958  102.865739    14.259    -7346.7    17295.6     8265.6    103.6     85.6     89.6 2023  2 21 17 57 10.720  4.4   1
     4224  26.916677  102.904810     6.748    -3472.8    -3566.6      754.5     75.1     54.8     52.7 2023  2 21 23 18 40.080  4.2   1
     4231  26.606152  103.016097     3.845     7589.7   -37973.5    -2147.7     44.6     38.5     44.6 2023  2 22  4 44 59.660  2.3   1
     4249  27.231073  102.895532     2.112    -4388.2    31269.3    -3880.6     43.1     58.0     46.9 2023  2 22 13 53 29.500  2.2   1
     4257  27.117348  102.853760     9.177    -8535.1    18668.3     3183.7    110.3     64.0     81.0 2023  2 22 16 22 50.940  3.6   1
     4273  27.211841  102.807894    10.860   -13080.7    29138.4     4867.0     59.2     85.4     58.3 2023  2 22 23 31 42.920  3.7   1
     4282  26.546033  103.018164     3.726     7797.1   -44634.8    -2267.3     10.6     11.4     11.1 2023  2 23  7  6 45.310  2.5   1
     4289  26.812797  102.906527    10.680    -3303.8   -15076.6     4687.4      0.8      0.4      0.3 2023  2 23 11 33 42.170  3.2   1
     4315  26.967124  102.894857     9.352    -4460.1     2023.2     3359.1    177.2    115.5     89.5 2023  2 24  5 13 31.620  3.6   1
     4322  26.562541  103.067204     2.771    12674.3   -42805.7    -3221.7      4.5      2.9      3.0 2023  2 24 12 38 47.950  3.1   1
     4349  27.211780  102.808634    10.738   -13007.6    29131.6     4745.1     67.4     62.8     72.6 2023  2 25  5 47 20.360  3.6   1
     4354  27.178650  102.814022     8.416   -12474.7    25460.7     2422.9     23.3     36.3     44.6 2023  2 25  8 59 17.600  2.5   1
     4359  26.918994  102.919238     7.194    -2039.9    -3309.7     1201.2    106.5     72.4     72.1 2023  2 25 10  3 21.110  2.7   1
     4367  27.222319  102.779875    12.411   -15859.7    30299.4     6417.5     88.6    142.8     47.7 2023  2 25 12  5 31.040  3.5   1
     4379  26.816846  103.041089    29.485    10066.2   -14628.0    23492.2    145.2    118.9     87.8 2023  2 25 14 34  6.980  3.2   1
     4386  26.854905  102.952474     9.864     1261.5   -10410.9     3870.8     66.7     57.0     85.9 2023  2 25 17 28  3.480  3.4   1
     4419  27.216744  102.796590    12.288   -14201.9    29681.8     6294.8     62.5     29.6     65.7 2023  2 26  2 50 36.150  4.6   1
     4422  27.216085  102.801506    12.005   -13714.3    29608.8     6012.3     58.2     21.3     63.9 2023  2 26  3 56 46.530  4.0   1
     4445  26.848966  102.970581     7.983     3059.7   -11069.1     1990.2     68.5     63.0     61.7 2023  2 26 16 17  1.720  2.8   1
     4464  26.919025  102.926440     7.848    -1324.5    -3306.4     1855.0     68.8     46.7     36.4 2023  2 27  1 33 45.570  4.1   1
     4471  26.862413  102.951066    13.599     1120.9    -9579.0     7605.8     67.1     62.0     55.4 2023  2 27  5 56 53.330  3.4   1
     4472  27.068831  102.853825     5.635    -8530.7    13292.7     -358.4     18.9     22.7     33.0 2023  2 27  6  6 59.560  2.5   1
     4476  27.018589  102.803158     9.767   -13562.0     7725.8     3773.6      0.0      0.0      0.0 2023  2 27 10 16 56.540  3.3   1
     4478  27.136084  102.847827    10.590    -9123.0    20744.4     4597.0     79.4     53.8     81.8 2023  2 27 11 59 33.760  4.3   1
     4491  26.829285  102.963680    10.490     2374.8   -13249.7     4497.4    102.0     68.3     77.6 2023  2 27 20 25 38.820  3.6   1
     4508  26.980890  102.915633     3.825    -2397.5     3548.5    -2167.9     59.9     38.7     69.1 2023  2 28  9 41 52.130  2.7   1
     4517  26.870620  102.918156    14.557    -2148.1    -8669.8     8563.7    139.3    102.0     74.2 2023  2 28 15 11  5.610  3.4   1
     4526  26.756801  103.010465     9.993     7025.4   -21281.2     4001.3      5.4      3.6      7.0 2023  2 28 18 42 34.080  2.2   1
     4530  26.622632  103.009416    12.440     6925.1   -36147.5     6446.5     86.7     81.6     70.3 2023  2 28 21 42 45.880  3.9   1
     4540  26.910160  102.792114    10.407   -14665.8    -4288.7     4414.2     84.1    102.5     90.5 2023  3  1  5 57 41.830  3.5   1
     4544  27.082937  102.764958    28.164   -17349.7    14855.5    22170.5      0.0      0.0      0.0 2023  3  1 10 14  7.510  3.8   1
     4549  26.845396  102.972542     7.333     3255.0   -11464.5     1339.9    109.1    114.6    101.0 2023  3  1 11 36  8.330  4.1   1
     4551  26.856346  102.942025    11.405      223.3   -10251.3     5412.3     69.6     57.2     73.8 2023  3  1 11 57 26.400  3.6   1
     4560  26.839130  102.970369     6.237     3038.9   -12159.0      244.0     73.5     80.2    110.3 2023  3  1 16 21 48.300  2.7   1
     4563  27.212451  102.783838     4.463   -15466.6    29206.0    -1530.1     72.7     87.2    146.5 2023  3  1 18 54 27.200  3.0   1
     4565  26.850602  102.966260    13.103     2630.8   -10887.7     7110.3     58.4     50.6     64.6 2023  3  1 21 29 18.360  3.0   1
     4568  26.958181  102.804753     8.352   -13407.3     1032.2     2359.3    193.9    142.6    218.6 2023  3  2  0 30 50.080  2.5   1
     4579  26.992175  102.765519    11.460   -17301.0     4799.0     5467.3     89.0    146.8     74.0 2023  3  2 11 35 43.970  2.1   1
     4588  26.929628  102.797811     5.059   -14098.2    -2131.4     -933.8     82.1    270.1    191.4 2023  3  2 15 53 24.000  2.5   1
     4591  27.005697  102.807544     6.292   -13127.5     6297.2      299.0     86.1    110.3    105.4 2023  3  2 16 50 48.560  4.2   1
     4596  26.858510  102.953166    13.967     1330.0   -10011.4     7974.2     74.4     82.2     64.9 2023  3  2 22 25 24.180  5.2   1
     4597  26.853640  103.019792     6.307     7948.4   -10551.1      313.6     30.8     19.4     34.8 2023  3  2 22 32 59.520  2.6   1
     4599  26.844224  102.973722     6.844     3372.3   -11594.5      852.0     62.6     61.3     80.8 2023  3  2 22 48 55.160  3.7   1
     4601  26.839425  102.929191    14.275    -1052.0   -12126.2     8282.1     98.5     66.9     63.3 2023  3  3  1 24  8.360  3.3   1
     4615  26.825397  102.958773    11.339     1887.1   -13680.6     5346.3     69.3     57.5     59.0 2023  3  3 18 35 13.960  2.7   1
     4618  27.120785  102.796590     1.474   -14208.2    19049.1    -4519.5     74.7     59.3    157.4 2023  3  4  3  1  2.620  3.2   1
     4629  26.871195  102.935124    10.763     -462.0    -8605.9     4769.5    109.0     85.0     79.6 2023  3  4 14 18 51.790  2.9   1
     4641  27.188281  102.846883     8.647    -9215.1    26528.1     2654.3    109.2     97.0    145.3 2023  3  4 20 26 14.320  3.4   1
     4645  27.213914  102.783976     4.691   -15452.9    29368.1    -1301.8     72.8     87.1    145.3 2023  3  4 22 23 24.320  2.7   1
     4646  27.112659  102.850342     8.666    -8874.3    18148.8     2673.3    116.2     59.0     69.1 2023  3  4 22 34 25.720  3.0   1
     4647  27.205509  102.813493    12.576   -12526.1    28436.9     6583.3    154.1    182.5    136.8 2023  3  4 22 58 19.380  3.1   1
     4648  27.132941  102.795589     9.741   -14306.1    20396.0     3747.6     53.0     30.9     70.2 2023  3  5  0  8  8.700  3.6   1
     4651  26.853607  102.968799     7.312     2883.1   -10554.9     1318.6     68.0     73.4     84.8 2023  3  5  8 40 14.220  2.9   1
     4659  26.856419  102.950260    11.662     1041.2   -10243.2     5668.5     56.4     45.5     54.9 2023  3  5 15 55  1.790  3.5   1
     4673  26.863603  102.956283    12.198     1639.7    -9447.4     6204.5     47.2     54.6     44.5 2023  3  6  3 24 59.860  3.1   1
     4682  27.129812  102.857454    10.165    -8168.4    20049.4     4171.6     89.0     66.6     55.4 2023  3  6  7 43  0.390  2.5   1
     4690  27.213487  102.961206     1.451     2125.0    29320.8    -4542.5      8.3     20.3     32.2 2023  3  6 17 43 18.820  1.0   1
     4693  27.061584  102.855387     5.942    -8376.1    12489.7      -50.8     16.3      6.0      7.8 2023  3  6 18 33 21.060  3.4   1
     4699  26.841382  102.949699    13.661      985.6   -11909.3     7667.6    122.3    117.8     67.6 2023  3  6 20 48 46.520  6.1   1
     4702  26.839315  102.989380     8.360     4927.7   -12138.5     2366.7     54.0     67.2     66.9 2023  3  6 21  4 33.560  2.8   1
     4709  26.838981  102.987394    10.861     4730.4   -12175.3     4868.1    103.8     65.2     75.3 2023  3  6 21 58  3.300  3.2   1
     4710  26.860712  102.940625    11.069       83.7    -9767.6     5076.0     69.6     56.4     56.9 2023  3  6 22 22 54.720  3.4   1
     4713  26.797127  102.989616    13.780     4951.9   -16812.9     7787.2     45.2     48.5     38.7 2023  3  6 23 10 34.880  3.3   1
     4716  26.863967  102.957430    11.952     1753.7    -9406.8     5958.5     44.7     42.7     39.4 2023  3  6 23 32 30.960  2.8   1
     4718  26.842151  102.994987     6.135     5484.8   -11824.1      142.4    105.5    141.3    154.4 2023  3  6 23 47  1.200  2.9   1
     4719  26.859766  102.968872    14.293     2889.9    -9872.3     8299.7     65.5     55.3     49.5 2023  3  6 23 51 24.000  3.8   1
     4727  26.855786  102.970036    11.741     3006.0   -10313.4     5748.4     71.4     71.0     54.1 2023  3  7  1 31 58.920  3.6   1
     4728  26.844904  102.958455    10.733     1855.1   -11519.2     4739.7     75.9     52.3     94.3 2023  3  7  2 24 32.150  4.1   1
     4730  26.847555  102.937671     7.622     -209.2   -11225.5     1628.6     67.8     64.8     79.6 2023  3  7  3 21 32.720  3.4   1
     4731  26.846869  102.986198    13.005     4611.7   -11301.4     7012.1    109.1    100.2     99.3 2023  3  7  3 41 30.630  4.1   1
     4734  26.866899  102.924268    10.695    -1540.8    -9082.1     4701.6     87.4     73.5     52.9 2023  3  7  4 37  7.440  3.5   1
     4738  27.042881  102.771867    13.731   -16666.4    10417.4     7737.5    102.3    103.1    101.2 2023  3  7  5 32 22.230  4.8   1
     4741  26.852881  102.967261    13.492     2730.2   -10635.3     7498.8     45.2     43.3     50.4 2023  3  7  7  3 58.910  4.4   1
     4744  26.850873  102.952214    12.731     1235.5   -10857.7     6738.0    137.1    104.8    111.4 2023  3  7  8 29 47.790  3.6   1
     4745  26.852995  102.961051     6.300     2113.5   -10622.5      307.1     77.4     80.3    122.4 2023  3  7  9  0 10.610  3.3   1
     4753  26.848643  102.939950    13.857       16.8   -11104.7     7864.0     82.9     68.6     67.8 2023  3  7 14  7 58.450  3.7   1
     4754  26.857127  102.918595    10.800    -2104.5   -10164.9     4806.7     83.6     58.3     68.1 2023  3  7 14 12 42.270  4.2   1
     4755  26.856032  102.942399    11.015      260.6   -10286.0     5022.2     57.4     48.4     38.4 2023  3  7 14 38 37.150  4.4   1
     4756  26.839880  102.972624    13.222     3263.1   -12075.8     7228.7     79.1     63.6     69.4 2023  3  7 14 40 28.990  5.1   1
     4759  26.841233  102.968864    11.354     2889.9   -11925.9     5360.9     76.9     45.8     61.4 2023  3  7 15 16 58.030  4.7   1
     4764  26.853503  102.979411    11.313     3937.3   -10566.2     5320.2     63.9     58.8     64.8 2023  3  7 19  1 47.760  3.4   1
     4765  26.853813  102.964339    10.827     2439.6   -10532.0     4833.8     68.3     53.3     51.7 2023  3  7 19 34 57.800  3.5   1
     4769  26.850671  102.969523    15.336     2955.2   -10880.1     9343.4     75.7     47.1     55.1 2023  3  7 21 13 56.800  4.2   1
     4770  26.845341  102.980729    10.597     4068.6   -11470.6     4603.5     67.0     49.6     69.7 2023  3  7 21 21 38.080  4.7   1
     4771  26.854673  102.967383     7.069     2742.5   -10436.7     1076.2     65.0     57.5    110.1 2023  3  7 21 31 15.840  3.3   1
     4773  26.853577  102.969230     7.205     2925.7   -10558.3     1211.8     61.2     51.5     67.7 2023  3  7 21 37  4.420  3.1   1
     4774  26.851961  102.961768    16.035     2184.2   -10737.3    10042.0     77.0     71.4     66.4 2023  3  7 21 44 29.740  4.6   1
     4775  26.857713  102.942171    11.092      237.6   -10099.8     5098.5     56.3     50.5     89.2 2023  3  7 21 58 11.320  3.5   1
     4776  26.843809  102.945190     6.423      537.5   -11640.5      430.0    102.4     92.9    109.5 2023  3  7 22 12 13.060  3.0   1
     4777  26.868831  102.937321    11.298     -244.2    -8868.0     5305.1     54.9     62.3     56.2 2023  3  7 22 18  8.440  2.5   1
     4778  26.848372  102.930249    10.461     -946.6   -11134.9     4468.3    116.4    100.3     73.9 2023  3  7 22 33 19.200  3.1   1
     4784  26.855066  102.983228    12.847     4315.9   -10393.2     6853.7     65.4     80.8     77.4 2023  3  7 23 35 24.520  3.5   1
     4789  26.855896  102.941545    14.762      175.5   -10301.3     8769.3    109.6     64.5     63.6 2023  3  8  0 57 17.160  4.1   1
     4790  26.838259  102.968294     8.912     2832.7   -12255.5     2919.4     48.0     39.7     53.0 2023  3  8  1  6 50.680  2.6   1
     4791  26.848733  102.979386    11.870     3934.5   -11094.9     5877.2    139.5    104.9    130.9 2023  3  8  3  2 53.700  3.9   1
     4792  26.840424  102.941943     7.543      214.7   -12015.7     1550.3     94.0     58.6     81.9 2023  3  8  3 38 24.440  3.5   1
     4796  26.850356  102.988013    10.468     4791.8   -10915.1     4475.3     59.4     48.1     53.6 2023  3  8  4 57 33.230  3.8   1
     4797  26.852889  102.956982    11.899     1709.3   -10634.4     5905.8    122.5    114.6    114.0 2023  3  8  5 35 57.320  3.5   1
     4800  26.862878  102.968018    12.365     2804.8    -9527.5     6371.6    119.3     80.3     99.0 2023  3  8  8 34 31.720  2.9   1
     4804  26.862362  102.973047    13.930     3304.8    -9584.8     7936.8     66.8     59.1     50.3 2023  3  8 10 57 26.430  3.6   1
     4807  26.852362  102.987215    11.984     4712.1   -10692.8     5991.0     60.5     71.8     90.1 2023  3  8 11 16  2.730  4.7   1
     4808  26.845392  102.996403    11.080     5625.4   -11465.1     5086.8    106.6    108.2     89.5 2023  3  8 11 32  1.250  4.6   1
     4811  26.848859  102.980094    13.725     4005.3   -11081.0     7732.4     82.9     72.9     64.8 2023  3  8 12 16  0.270  3.5   1
     4817  26.860602  102.978385     8.500     3834.8    -9779.8     2506.7     91.2     84.0    118.1 2023  3  8 14 11 31.600  3.5   1
     4826  26.860185  103.000252    12.502     6007.2    -9825.9     6508.5    119.2    140.4    132.9 2023  3  8 16 15 45.670  3.2   1
     4829  27.127295  102.838411    10.563   -10058.1    19770.5     4570.1     51.6     58.9     70.1 2023  3  8 16 47  0.080  4.2   1
     4831  26.850850  102.941618     7.560      182.6   -10860.2     1566.9     87.4     65.8    110.9 2023  3  8 17 18 39.800  3.2   1
     4842  26.837665  102.956087     8.016     1620.3   -12321.2     2023.0     90.4     62.3     78.5 2023  3  8 18 28  0.140  3.5   1
     4844  26.850960  102.939632    14.345      -14.9   -10848.0     8351.9     75.5     69.4     62.3 2023  3  8 18 45 27.760  2.8   1
     4847  26.844696  102.976082     7.314     3606.9   -11542.2     1320.9     45.7     39.0     60.0 2023  3  8 18 57 27.600  2.7   1
     4849  26.957855  102.807137     8.092   -13170.9      996.1     2098.9    194.2    141.3    252.3 2023  3  8 19  8 18.620  2.2   1
     4851  26.847770  102.926571     8.377    -1312.1   -11201.5     2384.3    121.8     90.7    134.1 2023  3  8 19 33  5.040  3.0   1
     4861  26.841583  102.953703     6.778     1383.0   -11887.2      785.3    120.4     96.1    154.3 2023  3  8 21  9 17.160  3.3   1
     4863  26.851567  102.950594     9.795     1074.1   -10780.9     3802.0     60.1     40.2     80.1 2023  3  8 22  6  3.880  2.9   1
     4867  26.849032  102.975911    14.213     3589.2   -11061.7     8219.9     71.0     58.8     67.1 2023  3  8 22 37 23.320  5.3   1
     4869  26.843693  102.974129     8.964     3412.4   -11653.3     2970.9     37.5     48.1     64.3 2023  3  8 22 47 56.720  3.4   1
     4870  26.848910  102.955379    11.103     1550.2   -11075.3     5109.6    114.1     83.7     92.5 2023  3  8 22 53 20.080  4.4   1
     4871  26.856590  102.956771    11.344     1687.9   -10224.3     5351.2     71.0     74.3     51.0 2023  3  8 23  1 14.240  4.4   1
     4874  26.852761  103.023722     7.346     8338.8   -10648.5     1352.9     31.3     20.3     49.5 2023  3  8 23 13 55.680  3.0   1
     4875  26.850909  102.946224     9.474      640.3   -10853.6     3481.3     82.5     89.2    109.5 2023  3  8 23 18 10.680  3.7   1
     4876  26.846749  102.927653    11.094    -1204.3   -11314.7     5101.0     57.4     48.0     46.2 2023  3  8 23 31 30.160  3.5   1
     4878  26.859058  102.993416    15.147     5328.1    -9951.0     9153.8     43.5     50.8     50.6 2023  3  8 23 45 23.320  3.4   1
     4879  26.839956  102.937752    10.953     -201.0   -12067.4     4959.6     72.7     61.2     65.1 2023  3  8 23 46 48.580  3.6   1
     4881  26.859733  102.938151     8.138     -162.1    -9875.9     2144.9     44.0     31.9     42.6 2023  3  9  0  8 16.170  3.0   1
     4882  26.842177  102.995052     9.970     5491.1   -11821.3     3977.3     54.0     51.1     56.2 2023  3  9  0 11 33.010  3.5   1
     4883  26.850517  102.933594    11.365     -614.1   -10897.3     5372.1     61.3     46.7     69.2 2023  3  9  0 20 14.340  4.0   1
     4884  26.865279  102.961092    17.618     2117.0    -9261.6    11624.6     36.9     24.5     16.1 2023  3  9  0 23 50.010  4.0   1
     4886  26.888391  102.784285    17.102   -15444.3    -6700.6    11109.0      0.0      0.0      0.0 2023  3  9  0 34 17.400  2.9   1
     4890  26.848281  102.920435    12.031    -1922.1   -11145.0     6037.6     59.5     51.8     70.4 2023  3  9  1 40 14.960  3.8   1
     4893  26.852319  102.960474     9.901     2055.5   -10697.5     3908.3     91.7     85.8     92.6 2023  3  9  5 13 22.700  5.9   1
     4894  26.858209  102.990015    14.026     4990.3   -10044.9     8033.2     40.0     44.6     32.3 2023  3  9  5 38 48.930  3.3   1
     4897  26.880408  102.889795    10.880    -4964.6    -7585.3     4886.4     56.1     50.8     32.4 2023  3  9  6 15  2.590  3.8   1
     4898  26.863157  102.970711     8.856     3072.7    -9496.6     2862.5     73.1     58.0     56.6 2023  3  9  6 15 57.280  3.5   1
     4900  26.860081  102.969938    10.700     2995.6    -9837.4     4706.8    108.9     84.2    103.4 2023  3  9  6 32  3.540  4.3   1
     4902  26.857627  102.969027    10.943     2905.5   -10109.4     4950.0     63.1     54.5     52.9 2023  3  9  6 45 48.880  4.0   1
     4903  26.861253  102.950260    11.806     1041.2    -9707.7     5812.8     72.1     41.3     47.4 2023  3  9  6 46 51.560  3.8   1
     4905  26.844731  102.956014     4.764     1613.0   -11538.4    -1228.7     45.2     39.8     43.3 2023  3  9  7  8 25.460  3.1   1
     4909  26.866058  102.954272    14.795     1439.4    -9175.2     8802.1    110.8     94.2     56.5 2023  3  9  7 34 40.850  4.3   1
     4910  26.864213  102.959985    11.733     2007.1    -9379.5     5739.7     44.7     53.2     47.2 2023  3  9  7 45 49.050  3.3   1
     4911  26.858596  102.981519    10.369     4146.0   -10002.1     4375.9     44.5     40.0     41.2 2023  3  9  7 50 26.180  3.9   1
     4912  26.843217  102.974813    11.718     3480.3   -11706.0     5724.8     72.8     56.3     73.7 2023  3  9  8  5  8.630  4.8   1
     4914  26.852273  102.944759     7.135      494.6   -10702.7     1141.8     73.1     67.0    102.3 2023  3  9  8 52 12.370  3.2   1
     4916  26.854718  102.980339    11.212     4029.0   -10431.7     5219.0     60.6     50.9     55.9 2023  3  9  9  0 32.420  4.1   1
     4917  26.849847  102.972648     7.838     3265.6   -10971.3     1845.3     88.6     51.0     91.0 2023  3  9  9  4 21.020  3.5   1
     4918  26.855664  102.927417    10.549    -1228.1   -10326.8     4556.1    107.5    116.6    101.7 2023  3  9  9 17 12.240  4.3   1
     4926  27.117554  102.842155    10.886    -9687.0    18691.2     4893.4    146.2    102.5     93.6 2023  3  9 10 41  7.130  4.5   1
     4929  26.868288  102.966097    13.198     2614.1    -8928.0     7204.7    131.9    117.2    125.4 2023  3  9 11 29 18.650  3.4   1
     4930  26.858573  102.990942     9.917     5082.6   -10004.5     3923.5     58.3     66.6     67.8 2023  3  9 11 30 47.930  3.3   1
     4948  26.842147  102.991146    11.401     5103.0   -11824.6     5407.5     53.0     48.8     68.0 2023  3  9 14 21 16.690  3.2   1
     4952  26.841298  102.987288     8.101     4720.3   -11918.7     2108.3     53.9     67.0     68.6 2023  3  9 16 32  5.440  4.1   1
     4959  26.850069  102.916610    11.235    -2302.0   -10946.8     5241.5     74.6     57.2     46.4 2023  3  9 19 16 19.620  2.8   1
     4963  26.850462  102.942725    11.216      292.3   -10903.3     5222.6     57.5     48.2     50.7 2023  3  9 20 12 33.500  2.8   1
     4966  26.855094  102.942725    13.978      292.8   -10390.0     7985.0     75.6     55.8     47.4 2023  3  9 20 28 34.180  3.9   1
     4969  26.850708  102.947445    11.019      761.6   -10876.0     5026.2     54.7     32.1     32.2 2023  3  9 20 49 10.180  3.5   1
     4972  26.856278  102.936662    13.970     -309.9   -10258.9     7977.2     91.0     68.6     61.5 2023  3  9 20 59 26.520  3.3   1
     4974  26.868420  102.961589    13.603     2166.5    -8913.4     7610.4     95.0     79.6     94.3 2023  3  9 21  6 49.720  5.2   1
     4975  26.866429  102.944051    15.845      424.6    -9134.1     9852.1    107.8     77.9     84.5 2023  3  9 21 12 28.800  3.3   1
     4977  26.889726  102.869149     7.243    -7015.6    -6552.8     1250.2     12.8     11.7     22.6 2023  3  9 21 21 14.400  2.6   1
     4981  26.855575  102.944816    11.663      500.3   -10336.7     5669.8     76.0     45.4     38.7 2023  3  9 21 36  5.360  3.9   1
     4984  26.844523  102.996908    10.117     5675.9   -11561.3     4124.1     91.2    127.5    110.8 2023  3  9 21 46 59.720  2.8   1
     4988  26.879004  102.896322    13.047    -4316.4    -7740.9     7053.5     45.7     43.4     25.1 2023  3  9 22 21 41.340  2.9   1
     4992  26.851786  102.972485    10.880     3249.3   -10756.5     4887.2     65.8     61.3     58.0 2023  3  9 22 48 34.400  3.8   1
     4997  26.863934  102.946785    13.356      696.1    -9410.6     7363.4     79.3     80.4     69.2 2023  3 10  0 20 44.950  5.5   1
     4999  26.848659  102.944181    11.831      437.7   -11103.0     5837.9     90.6     72.2     71.8 2023  3 10  0 50 10.610  4.2   1
     5000  26.854073  102.974113    16.328     3410.7   -10503.3    10335.0    116.8     93.0    117.7 2023  3 10  1 32 17.130  4.6   1
     5001  26.861357  102.962085    12.326     2215.6    -9696.1     6333.3     64.7     65.1     55.4 2023  3 10  1 58 31.600  2.6   1
     5004  26.866634  102.906307     9.283    -3324.9    -9111.5     3290.2     40.0     21.0     47.6 2023  3 10  2 51 15.710  3.4   1
     5005  26.940833  102.828174     8.881   -11082.5     -890.1     2888.2     30.0     35.3     26.2 2023  3 10  2 53 24.800  3.2   1
     5007  26.842778  102.971077     9.227     3109.4   -11754.8     3234.4     40.7     58.0     65.7 2023  3 10  3 17 29.440  3.0   1
     5009  26.847654  103.016895    14.422     7661.0   -11214.5     8429.1     64.8     40.6     41.9 2023  3 10  3 28 22.810  3.7   1
     5010  26.842124  102.941154     9.651      136.3   -11827.2     3658.4     86.5     54.4     59.9 2023  3 10  3 57 59.450  3.5   1
     5011  26.868001  102.937126    10.920     -263.7    -8960.0     4926.7     86.0     88.0     93.7 2023  3 10  5 39 33.770  2.9   1
     5014  26.867143  102.952108    11.846     1225.0    -9055.0     5853.0     46.6     52.9     32.1 2023  3 10  6 35 52.600  3.3   1
     5015  26.965727  102.790869     7.654   -14785.3     1868.4     1661.3    189.7    209.7    302.4 2023  3 10  6 36 58.260  2.9   1
     5021  26.862256  102.917098     8.887    -2252.8    -9596.6     2894.2     60.9     33.1     80.1 2023  3 10 10 18  2.270  2.9   1
     5022  26.843923  102.991756    10.174     5163.4   -11627.9     4180.5     45.3     42.9     45.1 2023  3 10 11 21 23.550  3.4   1
     5023  26.849137  102.963818    13.160     2388.5   -11050.1     7167.3     84.4     55.9     74.6 2023  3 10 12 19 19.430  3.5   1
     5024  26.831791  102.988127    12.792     4803.4   -12972.1     6799.3     34.1     30.7     61.2 2023  3 10 13 19 22.060  4.1   1
     5030  26.869385  102.923950    10.575    -1572.7    -8806.6     4582.3     78.1     63.6     57.4 2023  3 10 14 54 40.440  2.6   1
     5032  26.840977  102.937712    14.535     -205.6   -11954.1     8542.3     82.5     60.9     58.8 2023  3 10 16 13 27.840  3.8   1
     5036  27.037065  102.881909    11.187    -5744.0     9772.8     5194.0    251.0    138.9    122.4 2023  3 10 18  8  4.040  4.8   1
     5041  27.027509  102.902173    12.024    -3732.8     8714.0     6030.7     28.4     28.1     21.2 2023  3 10 18 52 49.780  3.7   1
     5043  27.038475  102.907764    10.056    -3177.5     9928.9     4062.6    187.7     97.0     77.2 2023  3 10 18 57 22.840  3.7   1
     5044  27.018099  102.891048    10.839    -4837.4     7671.4     4846.1    158.2    126.4     99.9 2023  3 10 19  2 23.560  3.3   1
     5045  27.029071  102.895744     9.830    -4371.4     8887.1     3836.5     83.5     41.6     36.3 2023  3 10 19  5 56.440  3.2   1
     5048  27.014107  102.896387    11.929    -4307.3     7229.1     5935.7     20.7     31.1     21.0 2023  3 10 19 23 42.860  2.3   1
     5049  26.867153  102.937630    10.668     -213.3    -9053.8     4674.8     77.2     70.5     57.4 2023  3 10 19 42 54.160  3.0   1
     5052  27.026272  102.902661     9.579    -3684.3     8576.9     3585.6    112.5     63.3     49.0 2023  3 10 19 55 36.560  3.2   1
     5054  26.851373  102.968481     6.891     2851.5   -10802.3      897.6     96.0     87.2    126.8 2023  3 10 20 14 21.840  3.4   1
     5055  27.026050  102.895003    10.084    -4444.8     8552.4     4091.4    132.8     73.8     38.7 2023  3 10 20 25 37.900  3.9   1
     5061  26.854498  102.959115     8.376     1920.6   -10456.1     2382.8    185.7    119.1    175.5 2023  3 10 21  1 11.540  3.5   1
     5064  26.845709  102.970223     5.476     3024.2   -11429.9     -517.2     81.0     85.2    124.4 2023  3 10 21 25  8.900  3.2   1
     5065  26.846934  102.938241     8.731     -153.0   -11294.1     2737.6    105.1     91.4    123.1 2023  3 10 21 37 59.520  3.1   1
     5070  26.855174  102.968335     8.818     2836.6   -10381.2     2824.5     64.9     67.8     80.9 2023  3 10 22 15  6.200  3.0   1
     5071  27.110598  102.863208    13.193    -7598.1    17920.5     7200.3    132.0     86.1     76.6 2023  3 10 22 20 47.880  3.5   1
     5072  26.865792  102.944865    12.602      504.9    -9204.7     6609.2     84.8     75.7     65.8 2023  3 10 22 47  7.080  2.2   1
     5079  26.859554  102.949495     6.841      965.1    -9895.9      848.4     51.7     71.4    100.2 2023  3 10 23 16  8.140  3.5   1
     5080  26.862305  102.971810     8.268     3182.1    -9591.0     2275.1     67.1     57.9     65.6 2023  3 10 23 23 55.640  3.3   1
     5083  27.108541  102.830143     9.718   -10879.4    17692.6     3725.2     45.2     24.1     36.8 2023  3 11  0  8 26.740  3.5   1
     5087  26.850517  102.960661    11.753     2074.3   -10897.2     5760.0     37.2     32.6     69.6 2023  3 11 13  1 44.270  3.3   1
     5091  26.918138  102.791805    10.585   -14695.8    -3404.6     4591.8     83.5    107.9     88.8 2023  3 11 14 29 21.430  2.3   1
     5092  27.099933  102.825618     9.639   -11328.7    16738.8     3646.0     86.5     55.0     93.0 2023  3 11 14 41 36.040  2.8   1
     5106  26.875590  102.873136     7.809    -6619.4    -8118.9     1816.1     16.9      9.9     23.6 2023  3 11 21  1 59.360  2.7   1
     5115  27.159753  103.120752    12.196    17953.7    23366.9     6202.6     61.3     47.7     90.1 2023  3 11 23 30 29.120  4.9   1
     5121  26.839714  102.944849    12.257      503.8   -12094.2     6264.4    172.2    129.6    101.0 2023  3 12  1 19  0.220  4.1   1
     5132  26.844690  102.962964     9.003     2303.6   -11542.9     3009.9    225.1    196.4    261.6 2023  3 12  8 12 14.250  3.6   1
     5136  27.117354  102.794556     2.487   -14410.3    18669.1    -3506.1     75.9     43.0    122.3 2023  3 12  9 45 22.730  4.0   1
     5148  26.875417  102.896094    14.563    -4339.7    -8138.1     8569.7     47.6     44.4     23.9 2023  3 12 15 10  5.380  3.3   1
     5152  26.862941  102.932357     8.657     -737.4    -9520.5     2664.1    152.8     83.5     94.9 2023  3 12 16  1 19.410  2.5   1
     5157  26.882096  102.911190    15.230    -2839.9    -7398.1     9237.4    130.4     82.2     68.2 2023  3 12 19  9 25.120  3.2   1
     5158  26.997074  102.799862     4.913   -13890.5     5341.8    -1080.4     82.1     88.4     90.5 2023  3 12 19 23 38.260  3.5   1
     5162  27.127865  102.848185    10.370    -9088.4    19833.6     4377.2    147.1    144.9    129.2 2023  3 12 20 30 52.180  2.9   1
     5165  26.946425  102.823665     8.063   -11529.8     -270.3     2070.2     28.8     34.0     29.8 2023  3 12 21 27  6.560  3.0   1
