      516  26.936517  103.021061     1.467     1769.9    -4227.1       97.9   6643.6   4014.9  11325.4 2022  9 29  7 48 11.140  3.2   2
      832  26.945048  103.044963     1.362     4142.7    -3281.9       -7.5   6365.7   2878.5   8505.5 2022 10 20 13 55 59.600  3.3   2
      963  26.992615  102.984717     2.469    -1838.3     1988.4     1099.3  17606.6   6301.5  11386.7 2022 11  1  8 33 14.600  2.2   2
     2025  26.991095  103.011068     1.921      776.8     1820.1      552.1   4616.7   5716.1  10063.1 2023  1 14 13  2  8.100  3.0   2
     2338  27.001422  102.999048     0.912     -416.2     2964.4     -457.5   4142.2   3714.8  13860.5 2023  1 18  5 19 25.630  2.9   2
     2624  27.017969  102.965055     1.259    -3790.2     4797.7     -110.1   6385.0   5730.4  18095.4 2023  1 23  9 43 59.910  2.4   2
     2676  26.999864  102.993660     1.690     -951.1     2791.8      320.5   4274.5   3828.7   6485.6 2023  1 24  6  5  2.570  2.6   2
     3349  26.940147  103.059644     1.072     5601.0    -3825.0     -296.9   6663.1   2956.4   8177.5 2023  2  4 14 38  6.790  2.5   2
     4000  26.958091  102.962703     1.233    -4024.8    -1836.8     -136.6  20720.5   9747.7  14237.6 2023  2 16 12 50 49.270  2.5   2
     4111  26.950918  102.989030     2.142    -1410.8    -2631.7      772.6  32271.6   5482.2   8788.9 2023  2 19  3  9 54.340  1.7   2
     4421  26.995884  102.973918     0.552    -2911.0     2350.9     -817.5   5402.4   3450.6  12795.3 2023  2 26  3 34 36.930  3.1   2
