        3  26.913672  102.834912    12.041   -10265.6    -4023.6     5904.6    233.0    288.6    208.7 2022  8 23 16 29 48.550  1.9   1
      444  27.025075  102.791121     8.814   -14607.2     8320.1     2677.9      7.8      9.9      5.8 2022  9 24  7 41 55.320  2.6   1
      672  26.822904  102.895199    10.756    -4279.8   -14080.9     4619.1      4.2      2.7      3.5 2022 10 10  3 35  1.940  3.7   1
      779  27.067706  102.753971     4.540   -18291.4    13043.8    -1596.4     17.7     27.1     23.5 2022 10 17 22 37 48.240  2.6   1
     1068  26.731826  103.090885     9.724    15168.7   -24172.7     3587.1     37.8     39.7    100.7 2022 12  4 21  3 17.040  1.6   1
     1104  26.870994  102.903223     9.668    -3482.1    -8752.5     3531.3     86.7     45.6    112.7 2023  1  1  1  2 48.170  2.7   1
     1113  26.617228  102.994173    12.291     5559.1   -36870.5     6154.4    355.1    252.9    301.0 2023  1  1  5 59 15.820  2.3   1
     1148  26.920803  102.897729     9.154    -4026.1    -3233.5     3017.2    400.9    342.6    297.2 2023  1  1 17  9 12.760  2.5   1
     1150  26.926056  102.917383     7.339    -2074.2    -2651.5     1202.7    167.2    140.3    142.4 2023  1  1 17 54 31.060  2.5   1
     1194  26.824390  102.942684    13.238      438.1   -13916.4     7101.7    150.1    171.6    129.7 2023  1  2 13 15 59.500  3.7   1
     1213  26.980107  102.897331     8.525    -4064.7     3337.5     2389.0    370.7    811.9    228.5 2023  1  2 20 38 12.040  2.4   1
     1214  26.981584  102.906576    20.237    -3147.5     3501.1    14100.8     39.1     56.7     71.7 2023  1  2 20 43 14.180  0.7   1
     1233  27.102020  102.981217     8.010     4261.4    16845.9     1873.4      6.1      3.3      6.8 2023  1  3  3 48 43.310  3.1   1
     1248  27.134890  102.834041    12.680   -10341.3    20487.8     6543.5    235.8    300.9    193.4 2023  1  3 10 35 16.200  2.6   1
     1350  26.851377  102.958187    14.352     1978.4   -10926.1     8215.1    187.5    218.9    158.5 2023  1  4 19 27 11.020  3.5   1
     1360  26.968614  102.929500     5.768     -871.4     2064.1     -368.6    134.3    134.5    150.5 2023  1  4 22 34  8.940  2.1   1
     1387  26.844279  102.958504     8.301     2010.1   -11712.5     2165.0    172.5    153.1    207.2 2023  1  5 13 36 43.040  3.8   1
     1395  26.924103  102.913875     7.107    -2422.8    -2867.9      970.9    232.1    151.5    139.3 2023  1  5 16 58 37.710  3.2   1
     1405  26.812083  102.971842    13.987     3335.4   -15279.9     7850.4    132.1    154.2    180.8 2023  1  5 18 48 23.160  3.0   1
     1406  26.975230  102.908822    19.764    -2924.3     2797.2    13627.8     26.1     40.8     82.7 2023  1  5 18 53 13.880  1.2   1
     1410  26.847485  102.948153     4.740      981.4   -11357.4    -1396.5     45.9     67.8    120.0 2023  1  5 19 19 20.860  2.6   1
     1411  26.922150  102.838167    10.787    -9941.4    -3084.2     4650.9    226.2    299.5    211.0 2023  1  5 19 20 31.660  2.4   1
     1412  26.851760  102.944816     4.430      649.7   -10883.7    -1706.1     35.6     62.5    106.8 2023  1  5 19 34 36.200  2.3   1
     1425  26.825081  102.956193    14.078     1780.2   -13839.8     7941.9    267.0    212.1    162.1 2023  1  5 21  4 48.560  3.5   1
     1428  26.831932  102.972648    16.807     3415.1   -13080.7    10670.4    118.1    115.4    109.8 2023  1  5 21 57 36.580  5.6   1
     1431  26.831559  102.947339    10.845      900.4   -13122.0     4708.9    163.8    143.0    159.6 2023  1  5 22  4  9.800  4.9   1
     1432  26.874652  102.857804    11.205    -7993.2    -8347.2     5068.4    376.2    438.5    296.4 2023  1  5 22  8 18.040  2.8   1
     1433  26.837374  102.945939    11.473      761.8   -12477.6     5336.9    177.8    202.6    212.2 2023  1  5 22 15 54.360  2.9   1
     1436  26.823828  102.951847    14.140     1348.9   -13978.5     8003.8    232.2    126.5    124.9 2023  1  5 22 21  5.480  5.6   1
     1440  26.830337  102.960718    13.669     2230.2   -13257.3     7532.8    110.1    114.3     94.3 2023  1  5 22 45 17.520  4.8   1
     1441  26.837860  102.962777    12.376     2434.6   -12423.8     6239.5    121.3    113.3     87.4 2023  1  5 22 47 20.320  3.1   1
     1444  26.836078  102.966488    16.014     2803.0   -12621.3     9877.7    215.9    230.4    164.7 2023  1  5 23  2 29.760  3.2   1
     1445  26.833663  102.963900    11.970     2546.3   -12888.9     5833.4    140.3     83.5    130.3 2023  1  5 23  5 44.480  4.0   1
     1446  26.840092  102.951750    16.625     1338.6   -12176.6    10488.2    426.4    282.3    339.3 2023  1  5 23 11 18.480  3.4   1
     1448  26.822913  102.962760    14.727     2432.8   -14080.0     8591.0    157.9    175.1    130.3 2023  1  5 23 27 57.080  5.4   1
     1449  26.828451  102.929346     8.745     -887.3   -13466.5     2608.5    109.2    134.2     95.1 2023  1  5 23 33 36.320  3.2   1
     1461  26.836538  102.922786    11.496    -1538.3   -12570.3     5359.9    285.9    159.0    187.1 2023  1  6  2  9 13.140  3.6   1
     1465  26.829150  102.967277    17.096     2881.8   -13388.9    10959.8    203.2    205.6    157.7 2023  1  6  2 50 22.410  5.9   1
     1467  26.835229  102.962980    12.008     2454.3   -12715.3     5872.0     98.1    103.1     77.0 2023  1  6  2 57  1.020  3.8   1
     1469  26.837494  102.950252    12.582     1190.4   -12464.4     6445.5    188.7    195.6    131.2 2023  1  6  3  0 59.270  3.6   1
     1470  26.829295  102.950203    13.266     1185.7   -13372.8     7130.0    124.4    114.8    120.4 2023  1  6  3 25  4.030  3.7   1
     1479  26.833785  102.960897    14.279     2247.7   -12875.4     8142.4    102.6    115.6     97.8 2023  1  6  4 27 46.330  3.9   1
     1480  26.830363  102.975146    13.515     3663.7   -13254.6     7378.1    159.3    197.3    153.2 2023  1  6  4 51 23.310  3.7   1
     1489  26.813338  102.964209    12.342     2577.3   -15141.0     6205.6    240.9    260.6    247.5 2023  1  6  6  5 52.330  3.0   1
     1490  26.835337  102.962793    13.533     2436.1   -12703.4     7396.6    200.8    182.3    169.9 2023  1  6  6  8 33.500  3.0   1
     1491  26.845392  102.933382     8.021     -485.8   -11589.2     1884.7    110.6    134.0    103.4 2023  1  6  6 12 13.430  3.1   1
     1496  26.835431  102.959928    13.921     2151.7   -12693.0     7785.1     87.4    106.6     96.6 2023  1  6  7 51  6.930  4.0   1
     1509  26.834977  102.980330    17.197     4178.7   -12743.3    11060.2    184.5    210.8    147.1 2023  1  6 11  5  1.410  3.2   1
     1510  26.970146  102.914087     8.288    -2401.8     2233.9     2151.9    200.4    206.3    142.1 2023  1  6 11 15 40.300  5.4   1
     1511  26.837687  102.957894    14.166     1949.1   -12443.0     8029.3    129.9    144.4    134.6 2023  1  6 11 24 59.760  3.7   1
     1520  26.836808  102.951619    14.078     1325.8   -12540.3     7941.4    214.7    194.4    174.8 2023  1  6 14 37 17.560  3.7   1
     1530  26.834859  102.937305    10.393      -95.8   -12756.4     4256.3    263.9    162.7    226.9 2023  1  6 16 14 42.600  2.7   1
     1551  26.824821  102.951750    13.295     1338.9   -13868.6     7158.8    144.0    122.3    129.6 2023  1  6 20 36  5.420  3.7   1
     1558  26.829488  102.962435    13.320     2400.1   -13351.4     7183.8    125.4    142.1     85.6 2023  1  6 21 38 29.200  4.3   1
     1573  27.093427  102.979997     8.048     4140.7    15893.6     1911.5      6.0      3.3      7.3 2023  1  7  0 47 17.390  3.2   1
     1584  26.939162  102.671338    12.433   -26507.3    -1199.3     6296.6     43.4     53.9     51.5 2023  1  7  5 10 35.680  2.9   1
     1598  26.838873  102.939453    15.577      117.1   -12311.6     9440.5    270.7    223.9    242.3 2023  1  7 11 38 45.550  3.3   1
     1607  26.959017  102.892375     7.461    -4557.3     1000.6     1325.1    134.0     71.1    196.1 2023  1  7 15 39 14.060  2.9   1
     1608  27.101585  102.878752    13.937    -5906.5    16797.5     7800.9    408.7    270.2    236.5 2023  1  7 15 40  8.830  4.2   1
     1611  26.835602  102.948779    14.456     1044.1   -12674.1     8319.5     75.7    111.7     99.2 2023  1  7 16 37 55.380  2.6   1
     1620  26.810211  102.955127    12.647     1674.6   -15487.5     6510.5    194.4    218.4    198.0 2023  1  7 20 13  6.540  3.4   1
     1644  26.837966  102.932829    13.178     -540.8   -12412.1     7041.3    416.6    328.1    246.9 2023  1  8  5 28 16.570  3.7   1
     1653  26.834436  102.952295    14.227     1392.8   -12803.3     8090.5     89.0     75.3     83.3 2023  1  8  9 21  3.240  3.7   1
     1662  26.827136  102.930737    12.369     -748.3   -13612.0     6232.2    320.1    287.6    295.9 2023  1  8 12 18 53.450  3.6   1
     1675  26.831374  102.956283    11.613     1789.2   -13142.5     5476.8    157.7    102.5    164.9 2023  1  8 17  5 43.960  3.1   1
     1678  26.682229  102.996810    13.938     5819.8   -29668.2     7801.3     81.4     31.7     52.7 2023  1  8 18  3 48.840  3.2   1
     1688  26.828560  102.961963    14.387     2353.8   -13454.3     8250.2    132.4    165.7    118.3 2023  1  8 20 59 20.120  3.0   1
     1691  26.934583  102.856828    12.110    -8087.8    -1706.6     5973.9     78.2     72.6     57.9 2023  1  8 21 39 13.640  3.3   1
     1692  26.935716  102.868620    12.557    -6916.8    -1581.1     6421.1     81.2     75.7     60.9 2023  1  8 21 47 29.700  3.2   1
     1719  26.884359  102.939705     9.560      142.0    -7271.6     3423.7    124.3     96.7    120.6 2023  1  9 16  6 17.470  3.2   1
     1720  26.875387  102.936157    10.623     -210.2    -8265.8     4487.0    227.2    224.7    196.5 2023  1  9 16 14 24.770  3.0   1
     1721  26.872835  102.936393     9.309     -186.9    -8548.5     3173.1    228.9    154.6    148.6 2023  1  9 16 39 28.720  3.0   1
     1722  26.875049  102.955623    14.836     1723.3    -8303.1     8699.4    161.1    106.5     53.8 2023  1  9 16 57 16.400  4.2   1
     1727  26.889954  102.962508    10.892     2407.1    -6651.7     4755.4    270.1    320.6    333.9 2023  1  9 19  8 37.980  2.9   1
     1729  26.970339  102.920378     4.106    -1776.5     2255.2    -2030.8    182.6    177.8    209.1 2023  1  9 19 18 43.680  2.5   1
     1730  26.868976  102.944987     8.360      666.9    -8976.2     2223.8    131.9    126.4    156.7 2023  1  9 19 27 32.440  2.9   1
     1732  26.882967  102.955754     9.969     1736.7    -7425.9     3832.3    281.6    199.3    188.4 2023  1  9 20 35 17.380  4.9   1
     1733  26.881608  102.944059    10.980      574.9    -7576.3     4844.0    167.4    135.7    113.4 2023  1  9 20 39 20.860  3.4   1
     1734  26.876154  102.941715     8.591      341.9    -8180.8     2454.8    123.4    124.1    136.0 2023  1  9 21 45  5.440  3.0   1
     1737  26.884049  102.941886    10.693      358.9    -7305.8     4556.5    186.8    160.3    116.4 2023  1  9 22  7  4.500  3.6   1
     1748  26.884831  102.943075    10.535      477.1    -7219.5     4398.6    150.3    110.8    129.0 2023  1 10  1 44 54.780  2.7   1
     1770  26.881472  102.921606     8.390    -1655.2    -7591.5     2253.5    222.2    180.8    161.4 2023  1 10  9 51  7.700  3.4   1
     1779  26.849581  102.927686    11.092    -1052.0   -11125.2     4955.9    177.1    109.7    128.0 2023  1 10 13 36 48.280  3.4   1
     1781  26.825179  102.946948    11.257      861.8   -13829.0     5121.0    169.4    204.4    194.6 2023  1 10 15  7 20.700  2.9   1
     1783  26.854671  102.913949    15.550    -2416.7   -10561.0     9413.2    218.3    236.8    281.6 2023  1 10 15 13 25.930  3.7   1
     1785  26.852118  102.936646    11.730     -161.5   -10844.0     5593.5    207.7    224.6    186.5 2023  1 10 16 19 19.210  2.9   1
     1790  26.966689  102.918115     6.228    -2001.7     1850.7       91.4    221.4    161.4    190.8 2023  1 10 18 32 50.840  2.7   1
     1810  26.839634  102.929671    15.962     -854.4   -12227.2     9825.4    517.1    341.9    387.4 2023  1 11  0  7 17.780  3.6   1
     1812  26.952498  102.907951     8.911    -3011.1      278.4     2774.6     88.2     67.2     76.8 2023  1 11  0 36  5.800  2.7   1
     1823  27.110266  102.835693    14.485   -10178.7    17759.4     8348.8    171.5    115.9    140.0 2023  1 11  4 48 26.140  4.3   1
     1846  26.876434  102.933553    11.509     -469.1    -8149.8     5372.2    226.0    248.3    132.4 2023  1 11 12 40 18.140  3.3   1
     1847  27.100702  102.855127    13.294    -8250.9    16699.8     7157.7    124.2    134.7    144.5 2023  1 11 12 47 56.460  2.5   1
     1855  26.884283  102.944735    10.476      641.6    -7280.0     4339.8    163.1    136.8     87.3 2023  1 11 15 39  2.760  3.5   1
     1862  26.890049  102.949007     9.666     1066.2    -6641.2     3529.8    244.1    191.0    155.8 2023  1 11 18 31 49.400  3.0   1
     1878  27.028884  102.799023    18.119   -13822.4     8742.1    11982.2    206.6    157.6    196.3 2023  1 12  1 42  2.140  3.9   1
     1898  27.113625  102.819792    13.668   -11756.6    18131.7     7531.2    216.8    154.5    164.3 2023  1 12 11  0 25.500  4.2   1
     1923  27.113995  102.816545    13.738   -12079.1    18172.8     7602.0    161.0     98.4    159.1 2023  1 12 21 27 16.860  4.8   1
     1926  27.104563  102.826782    14.714   -11063.6    17127.7     8577.2    305.5    272.8    281.6 2023  1 12 22 45 29.160  3.7   1
     1928  27.095644  102.873063    13.707    -6471.5    16139.2     7570.8    468.3    281.9    222.1 2023  1 13  0  2  4.850  3.5   1
     1934  27.108702  102.853426    12.037    -8419.3    17586.0     5900.7    275.4    249.8    246.4 2023  1 13  1 42 41.480  3.2   1
     1941  26.826581  102.978906    10.632     4037.1   -13673.7     4495.7    144.1    112.5    159.1 2023  1 13  5 13  5.790  3.6   1
     1947  27.112480  102.820817    13.914   -11655.1    18004.7     7778.1    175.4    131.1    149.2 2023  1 13  9 37 46.380  2.8   1
     1948  27.117924  102.848169    14.086    -8941.0    18607.9     7949.1    555.1    399.8    469.7 2023  1 13  9 48 48.310  3.4   1
     1957  27.114813  102.822510    10.478   -11487.0    18263.3     4341.5    155.9     73.2    101.0 2023  1 13 11 23 47.790  3.1   1
     1965  27.103772  102.810352    12.646   -12693.7    17039.9     6509.5    158.6     83.2    129.1 2023  1 13 13 55 47.290  3.4   1
     1983  27.105876  102.863802    13.043    -7389.8    17273.0     6906.9    241.4    207.8    179.3 2023  1 13 18 44 10.720  3.2   1
     1986  27.095101  102.954346     6.727     1595.2    16079.1      590.2    132.0     97.8    170.5 2023  1 13 20 24 47.360  2.4   1
     1999  26.782113  102.976546    13.844     3803.0   -18600.9     7707.1    167.7    212.8    185.2 2023  1 14  2  9 10.410  3.6   1
     2002  26.788230  102.978271    14.876     3974.2   -17922.9     8740.1    169.9    218.8    185.3 2023  1 14  2 13 49.160  3.6   1
     2014  26.881858  102.924479     8.864    -1369.9    -7548.8     2727.3    175.2    142.9    142.2 2023  1 14  8 57 20.990  2.8   1
     2057  26.957143  102.909676     7.798    -2840.0      793.2     1661.5    250.3    195.0    178.7 2023  1 14 21 31 33.240  2.7   1
     2063  27.105312  102.824398    10.856   -11300.2    17210.6     4719.4     50.5     36.4     76.2 2023  1 14 23 36 57.880  3.7   1
     2077  27.067832  103.140519    11.354    20072.0    13057.6     5217.2     14.3      7.3     23.8 2023  1 15  3  5 26.790  3.6   1
     2105  26.749738  102.753141     2.257   -18399.6   -22188.0    -3879.4    233.6    275.7    341.3 2023  1 15 13 25 48.110  1.9   1
     2119  27.108653  102.830990    13.609   -10646.1    17580.6     7472.5    162.7    115.9    141.7 2023  1 15 17 11  5.080  3.8   1
     2149  26.896948  103.122437     7.659    18291.9    -5876.7     1522.3    193.9    296.7    289.7 2023  1 15 23 45 28.480  3.5   1
     2153  26.840877  102.954183    13.120     1580.4   -12089.6     6983.5    157.2    179.6    129.0 2023  1 16  2 13 26.450  3.6   1
     2173  26.859184  102.957373    11.017     1897.3   -10061.0     4880.4    204.9    105.8    190.9 2023  1 16  8 53 26.520  3.6   1
     2175  26.845785  102.969108    14.132     3063.6   -11545.9     7995.9    225.6    196.3    209.8 2023  1 16  8 58 50.730  3.3   1
     2195  26.839258  102.978475    13.282     3993.9   -12268.8     7145.1     86.1    118.7    117.3 2023  1 16 16  3 18.920  3.4   1
     2198  26.974231  102.920402     7.863    -1774.6     2686.4     1726.5    141.4    118.1    116.6 2023  1 16 16 16 44.450  3.2   1
     2199  26.970626  102.943644     8.604      533.1     2287.0     2467.7    306.1    196.1    263.7 2023  1 16 16 20  5.830  3.0   1
     2281  27.064976  103.041366    11.271    10232.0    12741.2     5134.6    239.0    157.3    240.3 2023  1 17 15 29  9.270  3.3   1
     2293  26.826090  102.969507     8.262     3103.3   -13727.9     2125.5     31.0     18.7     16.2 2023  1 17 18 26 33.720  2.6   1
     2348  26.998745  102.876221     6.136    -6160.1     5402.7       -0.0      9.1      4.9      3.5 2023  1 18  7 22 51.730  3.2   1
     2402  26.879602  103.127311     6.886    18777.3    -7798.7      749.9    194.3    301.6    280.8 2023  1 19  3 45  0.380  2.3   1
     2409  26.951864  102.990780     6.669     5213.5      208.1      532.1     35.7     56.4     32.2 2023  1 19  5 13 45.370  2.7   1
     2443  26.575114  103.042570    13.070    10373.4   -41536.7     6935.0    235.7    258.0    258.2 2023  1 19 18 37 36.240  3.7   1
     2447  26.857648  102.948275    11.776      993.7   -10231.3     5639.2    216.5    194.2    167.0 2023  1 19 22  6 22.960  3.6   1
     2453  26.932068  102.678019    12.216   -25845.0    -1985.4     6079.9     43.3     52.7     52.1 2023  1 19 23 53 15.560  1.7   1
     2463  26.978682  102.827702    13.907   -10978.2     3179.6     7770.8    372.3    210.3    189.9 2023  1 20  8 24  0.370  3.4   1
     2480  26.915690  102.923332    12.467    -1484.0    -3800.0     6330.7    256.2    229.8    210.7 2023  1 20 16 55 36.370  2.9   1
     2487  26.978619  102.900293    20.763    -3770.8     3172.7    14626.5     63.9     39.3     33.0 2023  1 20 18 16 42.820  3.0   1
     2490  27.114968  102.813761    14.375   -12354.5    18280.4     8238.8    191.7    122.2    168.3 2023  1 20 19  7 17.640  3.4   1
     2499  26.733940  102.897957    13.792    -4007.5   -23938.5     7655.7     15.9     31.4     30.3 2023  1 20 20 43 15.000  1.3   1
     2537  26.978054  102.800130    14.983   -13715.7     3109.9     8846.6    170.1     81.4    252.4 2023  1 21 19 43 34.100  3.3   1
     2595  26.921688  102.924064    11.352    -1411.0    -3135.5     5215.3    248.2    228.7    215.4 2023  1 22 20 25 59.880  2.7   1
     2608  27.124424  102.787069    10.463   -15002.7    19328.2     4326.4     88.9     70.6    119.3 2023  1 22 23 57 49.340  3.1   1
     2630  27.060909  103.130697     9.960    19098.4    12290.5     3823.8     14.9      7.3     41.2 2023  1 23 13 50 46.020  3.2   1
     2654  27.103265  102.848405    14.898    -8918.2    16983.8     8761.3    186.8    186.5    163.9 2023  1 23 21 54 10.300  4.3   1
     2674  27.112166  102.811466    11.643   -12583.2    17970.0     5506.2    145.3     92.7    142.0 2023  1 24  5 27  3.620  3.5   1
     2700  26.975645  102.925350     9.148    -1283.3     2843.0     3011.7    191.7    228.4    156.7 2023  1 24 17  6 42.280  4.3   1
     2703  26.844389  102.928149    13.961    -1005.7   -11700.4     7824.7    171.3     98.3     92.1 2023  1 24 18 28 40.720  5.3   1
     2705  26.844474  102.935034    10.256     -322.2   -11690.9     4119.4     81.5     88.4    111.4 2023  1 24 18 39  8.100  3.5   1
     2706  26.843327  102.937280    13.617      -98.8   -11818.1     7480.1    146.7    128.4    167.7 2023  1 24 19  2 19.360  4.5   1
     2720  26.492887  102.979451    10.798     4097.3   -50647.8     4661.1     68.2     85.1    109.0 2023  1 24 23 44 49.420  3.2   1
     2729  26.866189  102.916292    14.754    -2183.4    -9285.0     8617.5    156.8    206.7    174.2 2023  1 25  2 54 46.450  3.1   1
     2748  26.969149  102.915853     8.327    -2226.5     2123.4     2190.9    138.1    118.8    138.0 2023  1 25 12 51 58.640  3.5   1
     2751  26.975785  102.924105     9.010    -1407.0     2858.7     2873.4    148.9    186.1    157.2 2023  1 25 14  8 38.810  3.4   1
     2754  26.503770  102.995076    11.185     5651.7   -49441.9     5048.8     75.7     89.3    105.5 2023  1 25 14 54 48.050  3.8   1
     2756  26.947575  102.911572     6.557    -2651.2     -267.1      420.2    583.5    334.5    382.9 2023  1 25 15 29  8.450  3.3   1
     2790  26.721592  103.007959    11.565     6927.0   -25306.5     5428.9     91.5     81.1     74.7 2023  1 25 22 18 21.720  4.1   1
     2804  26.734448  102.898096    13.739    -3993.7   -23882.1     7602.9     16.1     31.4     30.5 2023  1 25 23 33 14.880  3.5   1
     2823  26.978857  102.907487    19.830    -3057.0     3199.0    13693.7     33.8     62.8     75.5 2023  1 26  8 13 13.850  1.8   1
     2826  26.987252  102.831730    14.695   -10577.6     4129.3     8559.0    239.0    103.8    148.0 2023  1 26  8 57 51.390  3.5   1
     2851  26.954576  102.935409     9.858     -284.7      508.6     3721.6    222.7    253.9    163.8 2023  1 26 20 34 54.440  2.6   1
     2868  26.858144  102.938289    11.390        1.3   -10176.2     5253.7    272.2    181.3    191.2 2023  1 27  3  4  5.290  3.2   1
     2876  26.862376  102.978792    12.838     4025.4    -9707.4     6702.0    246.5    327.6    165.4 2023  1 27  6 13 52.750  3.3   1
     2877  26.686690  102.999674    13.765     6103.8   -29173.9     7628.7     84.3     33.2     57.5 2023  1 27  6 25 49.430  3.5   1
     2889  26.988381  102.833586    13.355   -10393.8     4254.2     7218.6    216.0     81.6     77.7 2023  1 27 10 58 34.340  3.6   1
     2895  26.981016  102.902108     9.303    -3590.3     3438.2     3166.2    361.6    883.8    229.3 2023  1 27 12  9 22.740  3.3   1
     2898  26.974526  102.930916     9.087     -730.6     2719.1     2950.2    145.1    177.7    137.9 2023  1 27 13 50 19.660  3.3   1
     2904  26.993980  102.827612    13.745   -10986.6     4874.7     7608.8    157.1     58.4     86.8 2023  1 27 15 33 31.920  3.2   1
     2917  27.052167  102.754053     4.399   -18284.9    11322.0    -1737.4     16.4     32.3     21.9 2023  1 27 18 35 17.800  1.3   1
     2922  27.113900  102.849040     8.125    -8854.7    18162.2     1988.8    233.7    126.1    237.1 2023  1 27 20 21  5.380  3.1   1
     2929  27.034235  102.760994    13.853   -17597.0     9335.0     7716.3    190.7    176.7    194.3 2023  1 27 23 50 57.520  3.2   1
     2936  26.826784  102.970256    14.553     3177.4   -13651.0     8416.2    141.5    184.8    106.7 2023  1 28  2  0 52.420  3.3   1
     2956  26.878727  102.869889    10.467    -6792.9    -7895.7     4330.9    394.9    437.3    291.8 2023  1 28 10 40 14.790  2.7   1
     2958  26.976090  102.793612    15.821   -14363.0     2892.5     9684.4    160.8     68.6    241.3 2023  1 28 11 46 10.310  3.4   1
     2964  26.924259  102.899821     6.424    -3819.1    -2850.6      287.5    222.1    150.4    131.8 2023  1 28 12 13 23.580  3.3   1
     2982  26.929423  102.887703     9.975    -5021.9    -2278.5     3838.5    224.9    282.7    132.2 2023  1 28 19 57 32.200  3.4   1
     2983  26.828113  102.975789     8.248     3727.7   -13503.8     2111.5     33.6     19.2     16.5 2023  1 28 20  3 15.040  1.2   1
     3022  26.717989  103.023966    11.354     8517.6   -25705.8     5217.3     84.7     80.6     76.7 2023  1 29 13 41  6.720  3.2   1
     3026  27.014518  102.787191    18.445   -14997.7     7150.3    12308.2    416.9    341.2    358.9 2023  1 29 16 21 19.480  3.0   1
     3042  27.115879  102.752620     7.391   -18421.6    18381.4     1254.6    270.8    150.6    180.8 2023  1 29 20 41  5.560  1.4   1
     3047  26.858462  102.952148     7.992     1378.0   -10141.2     1855.9    144.5    177.7    234.9 2023  1 29 22 51 44.600  3.2   1
     3073  26.835899  102.942367     9.822      406.6   -12641.1     3686.0     86.8    104.9    137.9 2023  1 30 12  1 48.770  3.0   1
     3077  26.859157  102.952173    14.972     1381.1   -10063.9     8835.3    406.5    366.5    255.5 2023  1 30 12 26 51.580  3.5   1
     3101  26.867916  102.952889     8.300     1452.0    -9093.5     2163.5     65.7     95.8     79.3 2023  1 30 23 34 55.420  2.2   1
     3136  26.624009  103.011808    12.131     7312.3   -36119.1     5994.6    260.0    121.8    193.0 2023  1 31 16 27 59.290  3.8   1
     3140  26.882931  102.922681     8.533    -1548.8    -7429.9     2396.8    180.5    152.7    166.1 2023  1 31 17  3 23.640  3.8   1
     3153  26.928660  102.911369     8.288    -2671.8    -2362.9     2152.1    211.0    144.2    145.1 2023  1 31 20 31 50.780  2.5   1
     3156  26.952993  102.908219    10.022    -2984.1      333.3     3885.4    238.9    269.7    149.7 2023  1 31 21 28 23.660  2.7   1
     3161  26.931598  102.913615     8.003    -2449.0    -2037.5     1866.1    209.8    161.5    204.8 2023  1 31 22 23 52.560  2.7   1
     3178  26.948199  102.892790     7.678    -4516.5     -197.9     1542.1     74.1     56.7     68.0 2023  2  1  8 53 40.230  3.3   1
     3205  26.995038  102.860409     5.929    -7730.7     4991.8     -207.2      6.8      5.0      3.6 2023  2  1 21 43 10.840  1.7   1
     3256  27.105210  102.763151     6.745   -17377.7    17199.2      609.1    220.2    154.7    175.5 2023  2  2 18 28 39.720  2.2   1
     3269  26.831250  102.953507     6.412     1513.5   -13156.3      275.9    202.1    137.3    252.5 2023  2  2 21 52 48.160  2.3   1
     3291  27.106639  102.841260     8.565    -9626.8    17357.5     2428.8    138.3     98.5    144.9 2023  2  3  9 59 32.770  3.5   1
     3336  27.165228  103.130949    11.946    19114.3    23849.5     5809.5    104.8     80.7    171.2 2023  2  4 10 29 17.550  4.6   1
     3366  26.984408  102.897420    19.982    -4055.8     3814.1    13845.5     80.7     28.5     63.7 2023  2  4 20  3 14.540  1.6   1
     3367  26.852248  102.947949    13.689      961.0   -10829.5     7552.9    186.9    242.4    128.7 2023  2  4 20  7 36.480  2.5   1
     3368  26.733822  103.088590    10.998    14940.7   -23951.5     4861.4     45.5     42.5     93.0 2023  2  4 20 33 16.400 -0.2   1
     3373  26.982788  102.918237     6.375    -1989.5     3634.7      238.5    271.1    277.0    296.9 2023  2  4 21 12 48.680  2.8   1
     3392  26.494277  102.992383     9.412     5383.6   -50493.8     3275.6     49.8     74.2     63.7 2023  2  5 11 56 54.050  3.3   1
     3395  26.977268  102.758862    12.104   -17813.0     3023.1     5967.3     61.7     72.1     42.1 2023  2  5 12 41 57.150  3.3   1
     3419  26.967698  102.919352     9.575    -1878.6     1962.6     3438.2    120.5    108.5    112.7 2023  2  6  1 12 27.600  4.9   1
     3434  26.968355  102.916097     9.959    -2201.7     2035.3     3822.2    146.9    141.4    120.4 2023  2  6  8 30 31.150  4.5   1
     3470  27.127600  102.878475     6.453    -5933.4    19680.1      316.4     63.8     42.2     84.8 2023  2  6 22 10  4.780  2.6   1
     3497  26.578611  103.056812    11.551    11789.7   -41149.4     5414.3    179.1    177.9    189.1 2023  2  7 12 22 33.570  3.9   1
     3499  26.569607  103.058073    11.466    11916.2   -42147.0     5329.6    202.2    219.0    234.0 2023  2  7 12 51 49.860  3.6   1
     3505  27.024618  102.794564    16.981   -14265.8     8269.4    10844.8    171.4    115.1    160.8 2023  2  7 14  0  9.910  3.1   1
     3506  26.976888  102.932511     5.401     -571.7     2980.9     -734.9    132.3    181.1    131.8 2023  2  7 14 24 46.020  2.7   1
     3517  26.736908  102.744458     2.814   -19263.3   -23609.7    -3322.5    227.4    319.9    333.4 2023  2  7 18  6 57.520  1.4   1
     3521  26.574109  103.051652    12.124    11276.8   -41648.1     5987.3    147.7    138.0    140.1 2023  2  7 18 46 48.700  4.0   1
     3533  27.102203  102.853532    13.997    -8408.8    16866.2     7860.3    160.5    143.2    102.6 2023  2  7 22 51 25.800  4.0   1
     3597  26.942957  102.927091    10.488    -1110.2     -778.9     4351.7    236.7    245.5    160.6 2023  2  9 13 58 42.220  2.9   1
     3603  26.927368  102.920882     8.601    -1727.4    -2506.1     2464.8    213.3    161.5    161.6 2023  2  9 17 12 51.860  1.9   1
     3641  26.811357  102.966219    14.140     2776.4   -15360.5     8003.3    461.1    429.3    319.4 2023  2 10  3 51 17.800  3.1   1
     3643  26.868280  102.937980     6.012      -29.2    -9053.2     -124.5    227.9    174.6    350.8 2023  2 10  4 12 31.530  3.3   1
     3658  27.026510  102.763989    12.033   -17300.6     8479.0     5896.2    176.5    141.8    206.1 2023  2 10 11 42 25.830  3.6   1
     3661  26.962956  102.920988     7.396    -1716.7     1437.1     1259.9    170.1    163.8    134.1 2023  2 10 13 44 34.240  3.2   1
     3668  26.920730  102.859798     8.964    -7793.5    -3241.6     2827.6      3.0      2.6      2.9 2023  2 10 15 49  8.740  1.8   1
     3677  26.976188  102.759977    13.521   -17702.9     2903.4     7384.3     63.7     72.9     39.5 2023  2 10 18 13 48.420  2.2   1
     3679  26.828324  102.960514    11.394     2209.8   -13480.5     5257.8    400.8    475.6    462.9 2023  2 10 18 51 51.000  2.9   1
     3681  26.826259  102.956559    15.922     1816.8   -13709.2     9785.2    217.6    275.9    232.2 2023  2 10 18 59 17.160  3.7   1
     3682  26.853880  103.009961    14.807     7121.3   -10648.9     8671.1     22.2     51.3     31.6 2023  2 10 20  1 54.320  2.5   1
     3689  26.799274  102.981689    15.071     4314.1   -16699.3     8935.1    134.6    167.7    173.2 2023  2 10 21 25 36.460  3.2   1
     3694  26.838182  102.958667    16.436     2026.1   -12388.2    10299.3    228.5    252.9    183.6 2023  2 10 22 52 55.800  3.0   1
     3696  26.819820  102.953190    12.307     1481.8   -14422.8     6171.1    167.3    175.1    182.1 2023  2 10 23 21 27.120  3.0   1
     3697  27.003664  102.805526     5.353   -13178.7     5947.7     -783.6    116.6    159.2    171.6 2023  2 10 23 27 25.760  2.8   1
     3703  26.927030  102.898885     9.522    -3911.7    -2543.6     3385.8    255.1    256.3    141.6 2023  2 11  0 34 33.290  3.9   1
     3721  27.126807  102.853011    11.316    -8459.8    19592.3     5180.1    199.7    100.9    157.4 2023  2 11  8 41  3.690  2.8   1
     3744  26.870469  102.941178     6.055      288.5    -8810.7      -81.1    229.0    175.8    303.3 2023  2 11 15  5 42.430  2.9   1
     3786  27.172160  102.835742     6.574   -10171.2    24617.5      437.9    102.7     62.9    123.4 2023  2 12  3 32 54.620  4.6   1
     3787  27.006474  102.801563     4.308   -13572.2     6259.0    -1828.8    136.5    190.4    159.6 2023  2 12  3 34  5.200  4.2   1
     3830  26.875529  102.939160    15.649       88.3    -8250.0     9512.7    303.5    247.8    235.9 2023  2 12 15 24 31.290  3.6   1
     3868  26.867155  102.920158    11.883    -1799.2    -9178.0     5746.8    327.4    225.0    233.6 2023  2 13  3 57 56.990  3.5   1
     3886  26.493677  102.979956     9.307     4147.3   -50560.3     3170.6     40.1     74.9     66.3 2023  2 13 11 20 53.140  3.7   1
     3943  26.881476  102.965544    14.097     2708.5    -7591.1     7960.8    134.5     54.4    184.6 2023  2 14 21 11 56.760  3.0   1
     3948  27.118547  102.813721    13.471   -12358.6    18677.1     7334.9    274.1    209.6    188.3 2023  2 14 23  2 21.120  3.0   1
     3970  27.113452  102.815365     9.143   -12196.0    18112.5     3006.2    199.0    105.9    142.9 2023  2 15 11 38  6.520  3.0   1
     3973  26.969629  102.904134     8.265    -3389.5     2176.6     2128.7    226.8    294.0    172.3 2023  2 15 14 54  0.720  2.3   1
     3976  27.108297  102.839673     8.228    -9784.3    17541.3     2091.9    135.7     90.9    124.4 2023  2 15 15 17 29.780  2.8   1
     3977  26.847632  102.963924    12.592     2548.6   -11341.2     6455.8    354.2    286.0    340.7 2023  2 15 16  9 19.260  4.2   1
     3978  27.108134  102.845036     8.618    -9252.2    17523.2     2481.8    178.5    109.2    164.7 2023  2 15 16 28  5.090  2.4   1
     3983  26.837720  102.969995    16.493     3151.4   -12439.4    10356.2    161.0    162.4    145.3 2023  2 15 20 50 46.760  2.9   1
     4005  27.138196  102.852718     6.797    -8488.6    20854.2      660.9    312.0    175.7    488.4 2023  2 16 15 51 51.340  2.9   1
     4058  26.830054  102.965405    13.529     2695.5   -13288.8     7392.8    132.0    163.9    124.0 2023  2 17 23  0 31.120  3.8   1
     4084  26.853491  103.003687    12.406     6498.5   -10691.9     6269.9     86.2    107.2    148.2 2023  2 18 11 25  4.350  3.4   1
     4191  27.118911  102.828353    12.914   -10906.6    18717.4     6777.6    229.1    303.1    198.5 2023  2 21 10 20 53.620  4.4   1
     4208  27.103829  102.859001    14.570    -7866.0    17046.1     8433.5    340.8    284.6    232.7 2023  2 21 17 57 10.720  4.4   1
     4224  26.916608  102.905501     6.528    -3254.8    -3698.5      391.7    176.1    137.3    114.8 2023  2 21 23 18 40.080  4.2   1
     4226  27.120728  102.858553     7.811    -7910.0    18918.6     1674.8    216.3    141.8    290.5 2023  2 21 23 53 52.720  4.6   1
     4237  26.659017  103.007300    13.870     6863.1   -32240.1     7733.5    359.8    445.9    285.6 2023  2 22  7 42  7.120  3.2   1
     4255  27.118707  102.876367    14.245    -6142.5    18694.8     8108.8    375.6    249.3    207.7 2023  2 22 15 42 47.490  5.8   1
     4257  27.116237  102.847803     8.668    -8977.3    18421.2     2531.3    207.2    119.0    218.8 2023  2 22 16 22 50.940  3.6   1
     4268  26.883982  102.919661    12.493    -1848.6    -7313.5     6356.7     37.3     46.4     51.9 2023  2 22 19 47 48.020  2.6   1
     4289  26.821346  102.889087    10.364    -4887.0   -14253.5     4227.7      4.1      2.7      3.6 2023  2 23 11 33 42.170  3.2   1
     4315  26.965749  102.887240     8.349    -5067.4     1746.5     2212.9    128.3     81.3    172.9 2023  2 24  5 13 31.620  3.6   1
     4349  27.206130  102.799227    10.143   -13791.6    28381.4     4006.5     83.3     97.6    113.0 2023  2 25  5 47 20.360  3.6   1
     4359  26.924068  102.923560     7.405    -1461.3    -2871.8     1268.6    298.3    155.2    267.7 2023  2 25 10  3 21.110  2.7   1
     4383  27.127600  102.891260     7.275    -4665.1    19680.1     1138.5     64.8     41.3     82.6 2023  2 25 16 42 41.760  3.2   1
     4386  26.854169  102.954289     9.884     1591.4   -10616.7     3747.2     79.8    135.9    146.9 2023  2 25 17 28  3.480  3.4   1
     4419  27.212744  102.790902    11.190   -14616.8    29114.4     5053.3     83.0     97.1    107.9 2023  2 26  2 50 36.150  4.6   1
     4445  26.850120  102.974715     8.588     3620.5   -11065.4     2451.3    138.5    112.4    151.6 2023  2 26 16 17  1.720  2.8   1
     4464  26.920286  102.922502     7.749    -1566.6    -3290.8     1612.6    164.6    123.1    154.2 2023  2 27  1 33 45.570  4.1   1
     4471  26.864008  102.949227    13.458     1088.2    -9526.6     7321.3    188.5    176.2    151.9 2023  2 27  5 56 53.330  3.4   1
     4478  27.135215  102.849683     9.879    -8790.1    20524.0     3742.7    188.5    147.1    251.0 2023  2 27 11 59 33.760  4.3   1
     4491  26.828359  102.966569    10.336     2811.1   -13476.5     4200.1    156.0    109.2    161.0 2023  2 27 20 25 38.820  3.6   1
     4517  26.872886  102.924577    14.732    -1360.8    -8542.8     8596.0    293.4    185.2    178.4 2023  2 28 15 11  5.610  3.4   1
     4530  26.626546  103.010848    12.245     7216.5   -35838.0     6108.7    255.5    122.1    193.7 2023  2 28 21 42 45.880  3.9   1
     4540  26.938025  102.765845     7.040   -17123.2    -1325.2      903.7    370.9    634.9    632.9 2023  3  1  5 57 41.830  3.5   1
     4551  26.859261  102.941829    11.517      353.2   -10052.5     5380.5    190.2    188.0    130.9 2023  3  1 11 57 26.400  3.6   1
     4560  26.842047  102.972160     6.945     3366.5   -11959.8      808.6    124.8     99.2    131.3 2023  3  1 16 21 48.300  2.7   1
     4565  26.852035  102.962996    12.920     2456.4   -10853.2     6783.8    198.0    166.0    137.6 2023  3  1 21 29 18.360  3.0   1
     4591  27.002706  102.795190     6.039   -14204.6     5841.6      -97.3    164.3    211.8    192.3 2023  3  2 16 50 48.560  4.2   1
     4596  26.860870  102.955900    13.944     1751.3    -9874.2     7807.8    175.6    117.4    120.1 2023  3  2 22 25 24.180  5.2   1
     4597  26.854797  103.025260     7.043     8641.5   -10547.2      907.5     64.2     30.1     98.4 2023  3  2 22 32 59.520  2.6   1
     4599  26.850437  102.972803     7.994     3430.1   -11030.2     1858.4    123.8    125.8    135.1 2023  3  2 22 48 55.160  3.7   1
     4601  26.841270  102.926156    14.378    -1204.1   -12046.0     8241.5    197.8    130.1    143.0 2023  3  3  1 24  8.360  3.3   1
     4615  26.826440  102.958757    11.513     2035.4   -13689.1     5376.1    172.0    129.4    120.1 2023  3  3 18 35 13.960  2.7   1
     4620  26.948165  103.001766     5.783     6304.8     -201.8     -353.3     33.9     55.1     42.1 2023  3  4  4  7 31.650  3.8   1
     4629  26.857579  102.946273     8.478      794.5   -10239.1     2341.8    574.0    519.4    329.9 2023  3  4 14 18 51.790  2.9   1
     4641  27.179177  102.847681     7.765    -8986.8    25395.1     1628.6    101.6     68.6    122.2 2023  3  4 20 26 14.320  3.4   1
     4646  27.112107  102.855143     8.371    -8249.2    17963.6     2234.3    181.2    105.1    137.5 2023  3  4 22 34 25.720  3.0   1
     4648  27.130851  102.791341     9.938   -14578.2    20040.3     3801.8     88.8     74.5    130.0 2023  3  5  0  8  8.700  3.6   1
     4651  26.858205  102.941561     8.562      327.0   -10169.5     2425.4     78.7     94.0     75.5 2023  3  5  8 40 14.220  2.9   1
     4659  26.856165  102.952002    11.579     1363.5   -10395.6     5442.8    127.4    112.3    102.9 2023  3  5 15 55  1.790  3.5   1
     4673  26.863094  102.958341    12.438     1993.2    -9627.9     6301.2    100.6     99.4     94.8 2023  3  6  3 24 59.860  3.1   1
     4680  27.130111  102.812850    14.786   -12444.3    19958.2     8649.8    280.9    302.7    248.4 2023  3  6  7 11 16.110  4.4   1
     4682  27.129598  102.853483    10.102    -8413.1    19901.4     3965.5    214.1    114.8    200.2 2023  3  6  7 43  0.390  2.5   1
     4685  27.122327  102.870239    10.031    -6750.3    19095.8     3894.6    310.5    167.4    182.0 2023  3  6 11 41 37.020  4.0   1
     4686  27.124394  102.861882     7.633    -7580.0    19324.8     1496.4    250.1    147.4    313.4 2023  3  6 14 35 50.270  3.5   1
     4699  26.846462  102.948958    14.108     1061.1   -11470.8     7971.7    308.2    236.5    185.2 2023  3  6 20 48 46.520  6.1   1
     4702  26.841541  102.990934     8.519     5231.8   -12016.0     2382.8    218.5    178.5    333.8 2023  3  6 21  4 33.560  2.8   1
     4706  26.856437  102.911027     7.796    -2706.7   -10365.4     1659.3      7.5      4.1      8.3 2023  3  6 21 45 18.720  2.7   1
     4709  26.837710  102.991813    11.179     5318.9   -12440.4     5042.4    333.0    218.6    322.3 2023  3  6 21 58  3.300  3.2   1
     4710  26.861001  102.946061    11.142      773.5    -9859.7     5005.6    190.8    202.7    213.2 2023  3  6 22 22 54.720  3.4   1
     4714  26.839054  102.977189     5.825     3866.1   -12291.4     -311.5    357.4    291.9    492.5 2023  3  6 23 14 54.440  2.9   1
     4716  26.863005  102.959115    11.952     2070.0    -9637.8     5815.7     84.2     76.1     83.2 2023  3  6 23 32 30.960  2.8   1
     4718  26.842356  102.993612     6.576     5497.6   -11925.5      439.7    212.5    175.7    350.3 2023  3  6 23 47  1.200  2.9   1
     4719  26.861550  102.966105    14.263     2764.5    -9798.9     8126.5    160.7    118.7    112.0 2023  3  6 23 51 24.000  3.8   1
     4727  26.855357  102.964697    12.351     2625.4   -10485.2     6214.3    157.9    160.9    124.5 2023  3  7  1 31 58.920  3.6   1
     4728  26.845339  102.958683    11.392     2027.5   -11595.1     5255.4    183.1    154.7    196.3 2023  3  7  2 24 32.150  4.1   1
     4730  26.848558  102.944637     7.813      631.8   -11238.5     1676.3    173.2    143.9    164.1 2023  3  7  3 21 32.720  3.4   1
     4731  26.855853  102.995142    13.812     5649.7   -10430.2     7675.5     83.0    105.1     98.9 2023  3  7  3 41 30.630  4.1   1
     4732  26.845154  102.980526     7.700     4197.3   -11615.7     1563.5    231.0    179.2    292.8 2023  3  7  4  7 50.350  3.1   1
     4733  27.146678  103.121859    11.235    18214.0    21794.0     5099.0     87.4    130.6    130.4 2023  3  7  4 18 49.650  3.6   1
     4738  27.033136  102.769360    13.767   -16766.8     9213.2     7630.1    192.9    176.3    196.0 2023  3  7  5 32 22.230  4.8   1
     4739  26.859792  102.980265     9.740     4171.5    -9993.8     3603.3    195.6    225.8    261.6 2023  3  7  5 48 34.360  3.6   1
     4741  26.856799  102.964860    13.648     2641.2   -10325.3     7512.0    190.9    177.5    121.3 2023  3  7  7  3 58.910  4.4   1
     4744  26.853369  102.943921    12.884      560.9   -10705.4     6747.7    248.1    246.9    159.6 2023  3  7  8 29 47.790  3.6   1
     4745  26.850031  102.961589     7.122     2316.5   -11075.3      985.2    130.4    129.4    138.1 2023  3  7  9  0 10.610  3.3   1
     4746  27.104260  102.946322     6.608      799.1    17094.0      471.3    120.9     94.0    175.5 2023  3  7  9 21 49.230  3.0   1
     4753  26.848525  102.939412    13.897      113.2   -11242.2     7761.0    154.4    127.9    113.4 2023  3  7 14  7 58.450  3.7   1
     4754  26.857214  102.923983    10.835    -1419.3   -10279.3     4698.4    226.8    172.3    206.0 2023  3  7 14 12 42.270  4.2   1
     4755  26.854704  102.948169    11.254      983.3   -10557.4     5117.4    176.6    161.1    109.7 2023  3  7 14 38 37.150  4.4   1
     4756  26.841888  102.972697    13.502     3419.5   -11977.5     7365.2    234.4    289.4    205.5 2023  3  7 14 40 28.990  5.1   1
     4759  26.841860  102.969336    11.371     3085.9   -11980.7     5234.7    149.9    100.5    128.8 2023  3  7 15 16 58.030  4.7   1
     4764  26.850521  102.984505    11.482     4592.8   -11021.0     5346.1    217.3    240.0    228.4 2023  3  7 19  1 47.760  3.4   1
     4765  26.855929  102.971672    10.811     3318.2   -10421.9     4674.2    139.0    151.2     83.1 2023  3  7 19 34 57.800  3.5   1
     4769  26.851349  102.961361    14.849     2293.6   -10929.2     8712.4    179.8    146.0    141.1 2023  3  7 21 13 56.800  4.2   1
     4770  26.847642  102.980526    10.732     4197.8   -11340.0     4595.3    132.7    130.2     85.2 2023  3  7 21 21 38.080  4.7   1
     4771  26.858087  102.971216     7.694     3272.8   -10182.6     1557.8    175.3    142.9    151.0 2023  3  7 21 31 15.840  3.3   1
     4773  26.855324  102.972786     7.261     3428.9   -10488.7     1125.0    197.5    208.0    266.2 2023  3  7 21 37  4.420  3.1   1
     4774  26.852690  102.964746    15.533     2630.2   -10780.6     9396.2    184.2    147.7    163.3 2023  3  7 21 44 29.740  4.6   1
     4775  26.858667  102.940470    11.273      218.3   -10118.5     5136.4    173.4    151.1    170.0 2023  3  7 21 58 11.320  3.5   1
     4776  26.845221  102.949137     7.833     1079.7   -11608.3     1697.0    248.7    221.8    287.7 2023  3  7 22 12 13.060  3.0   1
     4777  26.870005  102.940690    11.372      240.4    -8862.0     5235.3    123.8    115.3     82.0 2023  3  7 22 18  8.440  2.5   1
     4778  26.853689  102.939364     9.881      108.2   -10670.0     3744.9    317.1    262.3    239.4 2023  3  7 22 33 19.200  3.1   1
     4780  26.849019  102.979826     7.277     4128.2   -11187.4     1141.2    223.5    182.1    301.8 2023  3  7 22 43 48.740  3.1   1
     4784  26.844775  102.989966    12.149     5135.6   -11657.5     6012.5    150.7    182.0    236.2 2023  3  7 23 35 24.520  3.5   1
     4788  26.862710  102.971842    15.016     3334.7    -9670.3     8879.4    388.1    322.9    286.7 2023  3  8  0 27 48.520  3.5   1
     4789  26.855530  102.936882    14.875     -138.4   -10466.0     8738.7    250.1    184.9    166.8 2023  3  8  0 57 17.160  4.1   1
     4791  26.851823  102.979159    11.928     4061.5   -10876.6     5791.4    263.9    270.2    223.0 2023  3  8  3  2 53.700  3.9   1
     4796  26.853033  102.989087    11.108     5047.5   -10742.6     4971.3    128.5    136.7    131.8 2023  3  8  4 57 33.230  3.8   1
     4797  26.849561  102.953931    11.743     1555.3   -11127.4     5606.6    216.5    181.6    172.6 2023  3  8  5 35 57.320  3.5   1
     4800  26.865212  102.961483    12.851     2305.5    -9393.3     6714.6    188.5    144.2    157.4 2023  3  8  8 34 31.720  2.9   1
     4804  26.863708  102.969092    13.943     3061.0    -9559.8     7806.9    197.8    188.2     77.5 2023  3  8 10 57 26.430  3.6   1
     4807  26.854704  102.986597    11.593     4800.5   -10557.5     5456.8    142.4    169.0    199.0 2023  3  8 11 16  2.730  4.7   1
     4808  26.846804  103.006657    11.091     6793.5   -11432.8     4955.0    195.8    127.0    145.7 2023  3  8 11 32  1.250  4.6   1
     4811  26.849373  102.976245    14.251     3772.5   -11148.0     8115.1    342.5    345.3    230.3 2023  3  8 12 16  0.270  3.5   1
     4812  27.119763  102.868327    12.444    -6940.4    18811.8     6307.4    371.7    225.2    304.5 2023  3  8 12 28 57.760  4.6   1
     4815  26.851390  102.927531     9.370    -1066.8   -10924.7     3233.8    286.4    211.9    234.5 2023  3  8 13 18 43.040  4.4   1
     4817  26.857872  102.978540     8.483     4000.4   -10206.6     2346.8    127.3    147.7    181.8 2023  3  8 14 11 31.600  3.5   1
     4819  26.866779  102.931169    13.871     -705.9    -9219.5     7734.6    329.5    280.7    224.8 2023  3  8 14 20 24.160  3.3   1
     4826  26.852871  102.999837    12.894     6116.1   -10760.7     6757.5    172.1    224.8    306.7 2023  3  8 16 15 45.670  3.2   1
     4829  27.127826  102.838127    10.529    -9937.0    19705.2     4392.4    173.7    137.3    181.2 2023  3  8 16 47  0.080  4.2   1
     4831  26.850399  102.933765     8.179     -447.7   -11034.4     2042.6    265.0    185.0    254.0 2023  3  8 17 18 39.800  3.2   1
     4837  26.857810  102.959261    14.157     2085.1   -10213.2     8020.9    242.3    193.9    237.2 2023  3  8 17 50 50.880  4.7   1
     4844  26.854279  102.936190    14.456     -206.6   -10604.7     8319.2    174.4    131.6    123.8 2023  3  8 18 45 27.760  2.8   1
     4845  26.832107  102.952799     6.343     1443.1   -13061.4      206.6    209.1    135.6    259.3 2023  3  8 18 49 30.880  3.0   1
     4847  26.850861  102.982617     9.329     4405.5   -10983.3     3193.0    380.3    305.8    447.5 2023  3  8 18 57 27.600  2.7   1
     4851  26.848698  102.937679     8.609      -58.9   -11223.0     2472.9    251.4    229.4    276.9 2023  3  8 19 33  5.040  3.0   1
     4861  26.841443  102.958447     7.025     2004.3   -12026.7      888.8    153.2    126.6    184.2 2023  3  8 21  9 17.160  3.3   1
     4863  26.851164  102.952840     9.973     1447.4   -10949.8     3837.0    111.8    106.3    122.8 2023  3  8 22  6  3.880  2.9   1
     4867  26.854240  102.978418    14.403     3988.3   -10608.9     8266.7    225.7    300.3    122.0 2023  3  8 22 37 23.320  5.3   1
     4869  26.842747  102.973901     8.696     3539.5   -11882.5     2559.2    111.3    119.6    219.2 2023  3  8 22 47 56.720  3.4   1
     4870  26.849215  102.963851    10.783     2541.2   -11165.8     4646.5    165.9    138.5    139.8 2023  3  8 22 53 20.080  4.4   1
     4871  26.858262  102.966064    11.198     2760.8   -10163.3     5061.4    300.7    226.6    280.7 2023  3  8 23  1 14.240  4.4   1
     4874  26.853634  103.029972     7.972     9109.7   -10676.1     1835.2     64.7     30.8     63.4 2023  3  8 23 13 55.680  3.0   1
     4875  26.850932  102.947209     9.859      887.4   -10975.5     3722.3    129.3    121.7    191.4 2023  3  8 23 18 10.680  3.7   1
     4876  26.846069  102.933154    11.016     -508.1   -11514.2     4879.5    135.6     97.5    105.6 2023  3  8 23 31 30.160  3.5   1
     4879  26.838914  102.939624    10.678      134.2   -12307.2     4541.7    141.5    113.2    130.4 2023  3  8 23 46 48.580  3.6   1
     4881  26.864040  102.933797     8.750     -444.6    -9523.0     2613.6    217.9    171.6    177.0 2023  3  9  0  8 16.170  3.0   1
     4882  26.843778  102.997949    10.146     5928.2   -11767.9     4009.8     96.3    100.5     98.3 2023  3  9  0 11 33.010  3.5   1
     4883  26.848966  102.937899    11.303      -37.2   -11193.3     5167.0    149.5     93.4    133.9 2023  3  9  0 20 14.340  4.0   1
     4890  26.849642  102.928589    12.287     -962.0   -11118.4     6150.8    274.3    183.1    166.2 2023  3  9  1 40 14.960  3.8   1
     4893  26.853660  102.970679    10.208     3219.4   -10673.2     4071.5    131.3    126.5    154.4 2023  3  9  5 13 22.700  5.9   1
     4894  26.857768  102.969507    13.722     3102.4   -10217.9     7585.1    182.9    158.1    125.4 2023  3  9  5 38 48.930  3.3   1
     4897  26.876227  102.914396    12.249    -2371.9    -8172.7     6112.6     45.8     39.7     53.5 2023  3  9  6 15  2.590  3.8   1
     4898  26.863652  102.972949     9.013     3444.2    -9566.2     2876.5    185.4    175.0    189.1 2023  3  9  6 15 57.280  3.5   1
     4900  26.858344  102.974455    10.873     3593.9   -10154.2     4736.8    175.3    176.0    180.7 2023  3  9  6 32  3.540  4.3   1
     4902  26.857487  102.971525    10.797     3302.9   -10249.1     4660.5    159.9    152.9    134.1 2023  3  9  6 45 48.880  4.0   1
     4903  26.865218  102.958211    11.159     1980.5    -9392.6     5023.1    175.5    169.7    182.3 2023  3  9  6 46 51.560  3.8   1
     4905  26.845935  102.954793     5.784     1640.9   -11529.2     -352.0    130.6     77.5    227.6 2023  3  9  7  8 25.460  3.1   1
     4910  26.863055  102.961906    11.641     2347.5    -9632.1     5504.5    101.0     96.7    107.9 2023  3  9  7 45 49.050  3.3   1
     4911  26.858453  102.986117    10.363     4752.8   -10142.0     4226.7     94.0    111.7     89.2 2023  3  9  7 50 26.180  3.9   1
     4912  26.847459  102.979012    12.377     4047.1   -11360.3     6240.7    235.9    157.1    255.3 2023  3  9  8  5  8.630  4.8   1
     4914  26.852942  102.947705     7.303      937.2   -10752.8     1167.0    259.5    181.9    247.9 2023  3  9  8 52 12.370  3.2   1
     4916  26.854480  102.984090    11.206     4551.5   -10582.2     5070.1    104.1    111.9     76.9 2023  3  9  9  0 32.420  4.1   1
     4917  26.852161  102.978361     8.131     3982.3   -10839.2     1994.9    131.7    100.0    176.3 2023  3  9  9  4 21.020  3.5   1
     4918  26.856132  102.929834    10.529     -838.4   -10399.2     4392.9    409.7    419.3    340.1 2023  3  9  9 17 12.240  4.3   1
     4922  26.840356  102.962646     6.855     2421.1   -12147.2      719.1    197.2    156.3    252.9 2023  3  9  9 50 21.030  3.1   1
     4926  27.116962  102.843107    11.157    -9442.8    18501.4     5020.7    286.0    139.4    241.3 2023  3  9 10 41  7.130  4.5   1
     4928  26.844946  102.959587     4.901     2117.7   -11638.7    -1235.5    281.6    302.3    528.3 2023  3  9 10 55  9.960  2.9   1
     4929  26.868451  102.961873    13.033     2344.0    -9034.3     6896.7    166.6    154.2    111.2 2023  3  9 11 29 18.650  3.4   1
     4930  26.858962  102.992863     9.960     5422.7   -10085.7     3823.7    136.7    100.9    113.2 2023  3  9 11 30 47.930  3.3   1
     4941  26.849298  102.973258     6.929     3475.7   -11156.4      793.0    219.2    174.0    281.1 2023  3  9 12 37 23.010  3.2   1
     4948  26.843414  102.991626    11.453     5300.5   -11808.3     5316.9    102.4    108.1    127.8 2023  3  9 14 21 16.690  3.2   1
     4952  26.842141  102.991048     8.136     5243.1   -11949.6     1999.5    197.9    166.6    319.1 2023  3  9 16 32  5.440  4.1   1
     4959  26.852604  102.916455    11.404    -2167.1   -10790.1     5267.3    279.7    307.4    309.0 2023  3  9 19 16 19.620  2.8   1
     4962  26.843205  102.961694    16.222     2327.1   -11831.6    10085.5    411.6    314.7    309.0 2023  3  9 20  3 57.880  2.9   1
     4963  26.850848  102.947314    11.358      897.9   -10984.7     5221.4    143.6    125.5     92.8 2023  3  9 20 12 33.500  2.8   1
     4966  26.857916  102.939331    13.981      104.8   -10201.6     7844.9    164.3    140.5    106.7 2023  3  9 20 28 34.180  3.9   1
     4969  26.850612  102.949919    11.021     1156.7   -11010.8     4884.8    128.1    107.1    132.4 2023  3  9 20 49 10.180  3.5   1
     4972  26.857001  102.934416    13.514     -383.1   -10303.0     7377.2    277.4    287.4    237.4 2023  3  9 20 59 26.520  3.3   1
     4974  26.866441  102.966227    13.419     2777.1    -9256.9     7282.2    160.3    196.5    130.5 2023  3  9 21  6 49.720  5.2   1
     4975  26.866998  102.939095    14.465       81.9    -9195.3     8328.8    230.0    183.0    142.2 2023  3  9 21 12 28.800  3.3   1
     4977  26.887976  102.878141     8.454    -5972.4    -6870.9     2317.9     44.3     43.1     85.7 2023  3  9 21 21 14.400  2.6   1
     4981  26.857184  102.959977    11.124     2156.5   -10282.7     4987.9    198.5    160.3    159.3 2023  3  9 21 36  5.360  3.9   1
     4982  26.854315  102.947257    15.751      892.5   -10600.6     9614.7    329.4    289.5    321.4 2023  3  9 21 40 47.760  3.0   1
     4990  26.848903  102.927588    10.765    -1061.8   -11200.1     4628.2    379.6    326.6    254.7 2023  3  9 22 27 35.960  3.4   1
     4992  26.860986  102.944775    11.013      646.1    -9861.4     4876.3    232.8    220.7    165.7 2023  3  9 22 48 34.400  3.8   1
     4997  26.863257  102.958716    13.066     2031.0    -9609.8     6930.0    156.2    155.9    115.9 2023  3 10  0 20 44.950  5.5   1
     4999  26.855457  102.951595    11.877     1323.4   -10474.2     5740.7    225.7    205.8    207.2 2023  3 10  0 50 10.610  4.2   1
     5000  26.854846  102.972616    15.636     3412.0   -10541.7     9500.1    215.5    169.8    194.1 2023  3 10  1 32 17.130  4.6   1
     5001  26.859662  102.965983    12.363     2752.4   -10008.1     6227.0    111.9    107.3    102.3 2023  3 10  1 58 31.600  2.6   1
     5004  26.871047  102.900586     9.448    -3743.9    -8746.5     3311.2     78.7     45.0    113.6 2023  3 10  2 51 15.710  3.4   1
     5007  26.842240  102.974170     9.506     3565.9   -11938.4     3369.5    134.1    146.6    195.4 2023  3 10  3 17 29.440  3.0   1
     5009  26.850336  103.018481    14.509     7968.5   -11041.4     8372.2     21.9     52.5     32.4 2023  3 10  3 28 22.810  3.7   1
     5010  26.841189  102.946370     9.759      804.4   -12055.0     3622.7    153.4    122.0    208.6 2023  3 10  3 57 59.450  3.5   1
     5011  26.867629  102.938078    11.247      -19.6    -9125.3     5110.6    197.4    191.4    163.8 2023  3 10  5 39 33.770  2.9   1
     5014  26.866921  102.953768    11.851     1539.2    -9203.7     5714.2     84.9     89.2     84.4 2023  3 10  6 35 52.600  3.3   1
     5022  26.845797  102.993481    10.373     5484.4   -11544.5     4236.5    100.9     74.9     96.0 2023  3 10 11 21 23.550  3.4   1
     5023  26.851420  102.963281    13.763     2484.1   -10921.4     7626.7    225.0    218.6    172.4 2023  3 10 12 19 19.430  3.5   1
     5024  26.832041  102.989990    13.553     5137.9   -13068.4     7416.4     95.3    107.8    160.0 2023  3 10 13 19 22.060  4.1   1
     5032  26.842303  102.934578    14.431     -367.3   -11931.5     8294.1    363.8    216.4    228.1 2023  3 10 16 13 27.840  3.8   1
     5036  27.030103  102.890723    11.106    -4720.4     8877.2     4969.6    451.9    250.6    213.1 2023  3 10 18  8  4.040  4.8   1
     5041  27.020355  102.897404    11.874    -4056.9     7797.1     5737.6    163.9    148.8     90.0 2023  3 10 18 52 49.780  3.7   1
     5043  27.039071  102.909725     9.200    -2833.7     9870.8     3063.6    351.3    218.6    255.7 2023  3 10 18 57 22.840  3.7   1
     5044  27.020557  102.889998    10.586    -4792.0     7819.5     4449.5    515.0    362.1    293.5 2023  3 10 19  2 23.560  3.3   1
     5045  27.028731  102.900195     9.458    -3779.9     8725.2     3321.5    163.3    112.3     83.6 2023  3 10 19  5 56.440  3.2   1
     5048  27.017959  102.895972    11.319    -4199.1     7531.6     5183.1    149.2    135.3    100.4 2023  3 10 19 23 42.860  2.3   1
     5049  26.868742  102.941829    10.874      353.4    -9002.1     4737.2    186.5    189.5    141.7 2023  3 10 19 42 54.160  3.0   1
     5052  27.026477  102.904875     9.110    -3315.2     8475.5     2974.0    220.5    120.9    168.9 2023  3 10 19 55 36.560  3.2   1
     5054  26.854315  102.971769     7.641     3327.3   -10600.5     1504.5    127.5    105.9    179.6 2023  3 10 20 14 21.840  3.4   1
     5055  27.026438  102.897420     9.919    -4055.6     8471.1     3782.4    186.0    128.1    176.7 2023  3 10 20 25 37.900  3.9   1
     5064  26.851143  102.970898     6.375     3241.3   -10951.9      238.4    102.8    113.7    175.4 2023  3 10 21 25  8.900  3.2   1
     5065  26.846047  102.943636     9.198      532.6   -11516.8     3061.4    151.2    149.2    167.8 2023  3 10 21 37 59.520  3.1   1
     5066  27.036395  102.801628     8.942   -13564.0     9574.5     2805.1      7.7      9.2      5.9 2023  3 10 21 42 31.720  2.3   1
     5070  26.854256  102.968424     8.813     2995.0   -10607.1     2676.1    121.3    132.0    133.7 2023  3 10 22 15  6.200  3.0   1
     5071  27.114447  102.853353    13.574    -8426.1    18222.7     7437.7    203.8    205.1    165.5 2023  3 10 22 20 47.880  3.5   1
     5072  26.865963  102.940080    12.841      179.7    -9310.1     6704.4    230.8    233.4    170.6 2023  3 10 22 47  7.080  2.2   1
     5074  26.912933  102.855827     8.095    -8188.2    -4105.6     1958.4      3.0      2.5      3.1 2023  3 10 22 54 53.120  2.8   1
     5079  26.861220  102.955046     5.982     1665.7    -9835.5     -154.8    213.8    381.7    495.3 2023  3 10 23 16  8.140  3.5   1
     5080  26.861230  102.970898     8.466     3240.8    -9834.2     2330.0    176.8    154.7    197.3 2023  3 10 23 23 55.640  3.3   1
     5083  27.106136  102.829142    10.013   -10829.0    17302.0     3876.4     60.0     34.3     59.7 2023  3 11  0  8 26.740  3.5   1
     5087  26.856299  102.953052    12.533     1467.8   -10380.8     6397.1    352.9    271.1    300.2 2023  3 11 13  1 44.270  3.3   1
     5088  26.864561  102.921997     8.954    -1616.5    -9465.4     2817.3      7.2      4.2      7.2 2023  3 11 13 41 47.870  2.5   1
     5091  26.948816  102.771265     7.102   -16583.6     -129.6      965.4    370.2    706.9    593.7 2023  3 11 14 29 21.430  2.3   1
     5092  27.097852  102.824227     9.901   -11317.4    16383.9     3764.5    138.9     77.0    116.3 2023  3 11 14 41 36.040  2.8   1
     5106  26.872087  102.881429     8.473    -5646.9    -8631.3     2337.0     60.8     26.4     89.9 2023  3 11 21  1 59.360  2.7   1
     5108  26.854529  103.016097    16.666     7731.2   -10576.9    10529.5    293.2    281.8    336.3 2023  3 11 21 12 16.400  3.5   1
     5115  27.157810  103.128499    11.147    18871.7    23027.4     5010.9     98.7     68.4    157.1 2023  3 11 23 30 29.120  4.9   1
     5121  26.840753  102.940055    12.920      177.0   -12103.2     6783.7    278.5    194.5    223.9 2023  3 12  1 19  0.220  4.1   1
     5132  26.845900  102.961589     9.468     2316.2   -11533.0     3331.8    221.9    156.2    196.7 2023  3 12  8 12 14.250  3.6   1
     5142  27.054081  103.045199    10.054    10612.4    11534.1     3917.4    238.5    156.6    256.6 2023  3 12 12 20  9.100  3.2   1
     5143  26.674015  103.003646    13.358     6499.1   -30578.3     7222.1    355.4    430.9    291.0 2023  3 12 13  0 24.520  2.7   1
     5150  27.015165  102.802694    16.561   -13459.0     7222.0    10424.2    340.2    279.6    260.6 2023  3 12 15 38 22.330  3.2   1
     5157  26.879519  102.918693    14.510    -1945.0    -7807.9     8374.0    289.3    192.7    182.4 2023  3 12 19  9 25.120  3.2   1
     5158  26.998110  102.793180     4.491   -14404.4     5332.2    -1645.4    155.8    218.0    187.6 2023  3 12 19 23 38.260  3.5   1
     5162  27.127110  102.838387     9.187    -9910.7    19625.7     3050.3    260.6    198.2    383.6 2023  3 12 20 30 52.180  2.9   1
