        3  26.919161  102.842204    12.058    -9690.5    -3291.3     6065.4    116.9    146.6    100.3 2022  8 23 16 29 48.550  1.9   1
        4  27.233938  102.885099     0.603    -5423.1    31586.7    -5390.2    335.8    152.9    231.2 2022  8 24  0  4  1.570  2.7   1
       91  26.531984  103.169263    18.650    22829.2   -46191.5    12656.5     58.0     50.5     58.3 2022  8 31 10 53 13.050  2.7   1
      135  27.032947  103.117708    10.497    17661.6     9316.5     4503.6     30.9     32.0     43.7 2022  9  2 20 12 18.120  2.3   1
      141  26.538098  103.177401    19.686    23638.5   -45514.0    13693.0     57.4     51.6     57.3 2022  9  3  2 56 53.270  2.8   1
      144  26.593441  102.939535     4.334      -24.2   -39381.9    -1659.5    371.3    204.9    524.6 2022  9  3  9 16  5.250  3.6   1
      222  26.878402  102.777197    15.800   -16149.2    -7807.4     9806.5      0.0      0.0      0.0 2022  9  8 17 34 28.040  3.0   1
      257  27.037923  103.002677     2.437     6243.6     9868.0    -3556.2    437.9    132.6    202.2 2022  9 12  0 14 51.300  2.7   1
      269  27.238251  102.963403     1.484     2342.6    32064.6    -4509.1     38.7     97.0     97.8 2022  9 12 17 33 19.000 -0.5   1
      276  26.959924  103.004508     9.367     6427.2     1225.4     3373.7     17.4     16.8     36.5 2022  9 13  0 33 14.780  1.3   1
      371  27.215039  102.961255     1.729     2130.0    29492.8    -4264.4     23.5     30.5     43.8 2022  9 18  5 49 58.600  1.3   1
      392  26.921836  102.735099     5.443   -20326.9    -2994.9     -549.6     13.3     16.0     19.6 2022  9 19 21  5  7.620  2.8   1
      439  27.298484  103.015682     4.835     7526.0    38738.8    -1158.0     26.8     35.9     39.1 2022  9 24  1 45 33.660  2.9   1
      444  27.014874  102.765373     8.121   -17313.6     7314.1     2128.1    283.4    346.5    523.3 2022  9 24  7 41 55.320  2.6   1
      489  27.230302  102.962882     1.601     2291.0    31184.0    -4391.6     35.8     79.0     74.5 2022  9 27 19 23 18.840  0.0   1
      523  27.053684  102.848136     8.077    -9095.9    11614.3     2083.6     85.8     70.8     95.5 2022  9 29 17 23 38.880  2.1   1
      536  27.229437  102.962703     0.902     2273.3    31088.1    -5090.9     41.9     72.0    116.7 2022  9 30  9 49 58.940  1.2   1
      543  26.675142  103.098975     0.858    15827.3   -30329.1    -5134.8    192.2    102.1    176.4 2022  9 30 20 38 44.360  2.2   1
      563  27.304211  103.017236     5.396     7679.6    39373.3     -597.5     27.4     35.0     42.8 2022 10  2 12 44 16.360  2.3   1
      624  26.922323  102.997054     6.510     5688.2    -2940.9      516.8      5.7      7.0      6.3 2022 10  6 19 23 17.160  0.7   1
      663  26.543498  103.001009     3.752     6091.1   -44915.7    -2241.2     64.5     95.6     78.1 2022 10  9 11 37 14.950  2.2   1
      672  26.809469  102.900968    10.672    -3856.1   -15445.5     4678.8      0.9      0.6      0.5 2022 10 10  3 35  1.940  3.7   1
      811  26.538652  102.962288     5.291     2239.5   -45452.8     -701.8     79.2     69.5    256.9 2022 10 19 14 46 46.080  3.0   1
      830  27.219332  102.825789    11.639   -11305.7    29968.5     5646.3    147.9    239.1    138.3 2022 10 20 13 25 39.390  3.0   1
      839  26.745744  103.023210     9.174     8292.1   -22506.4     3180.5     16.6     15.1     16.6 2022 10 20 17 33 27.740  2.5   1
      903  27.209281  102.976042     1.244     3596.5    28854.9    -4748.9    217.1     90.5    260.0 2022 10 26  7 44 50.780  2.5   1
      959  26.930381  102.815161     4.631   -12375.9    -2048.0    -1361.8    105.9    311.3    176.0 2022 11  1  0 13 34.950  2.8   1
     1011  26.938904  102.881510     5.525    -5786.7    -1103.6     -468.5    317.7    444.7    296.2 2022 11  8 16 46  5.690  2.4   1
     1016  26.568746  103.072965     2.762    13247.7   -42118.1    -3230.7      4.9      3.2      3.6 2022 11  9  5 41  9.940  2.7   1
     1090  26.860785  103.104118     2.018    16324.8    -9759.5    -3975.1    262.2    312.4    333.7 2022 12 11  7  3 23.660  2.7   1
     1101  26.849923  103.094222     1.200    15342.6   -10963.1    -4793.4    231.8    456.0    436.4 2022 12 25 14 50 26.040  2.8   1
     1104  26.869932  102.902905     9.537    -3662.9    -8745.8     3543.5    117.2     83.4    115.6 2023  1  1  1  2 48.170  2.7   1
     1120  27.213641  102.960742     1.674     2079.3    29337.9    -4319.5     35.3     45.5     68.0 2023  1  1  8 59 58.740  1.1   1
     1148  26.920245  102.899341     9.474    -4015.9    -3171.0     3481.3    293.3    257.4    203.9 2023  1  1 17  9 12.760  2.5   1
     1150  26.926125  102.920142     7.626    -1950.3    -2519.7     1633.3    131.1    113.0    122.4 2023  1  1 17 54 31.060  2.5   1
     1172  26.904771  102.810685     4.185   -12821.6    -4885.6    -1808.1     37.6     39.2     62.4 2023  1  2  2 44 50.100  3.0   1
     1194  26.823228  102.942529    13.417      273.1   -13920.9     7423.8    113.1     77.3    112.0 2023  1  2 13 15 59.500  3.7   1
     1199  26.846635  102.920654    17.860    -1900.3   -11327.2    11867.3    130.9    117.4     98.5 2023  1  2 14 42 20.610  3.5   1
     1210  26.745372  102.902718    14.477    -3683.7   -22547.6     8483.7     38.1     39.6     33.1 2023  1  2 19 33 14.920  1.4   1
     1213  26.979612  102.898942     8.973    -4054.5     3406.9     2980.4    224.8    483.4    138.4 2023  1  2 20 38 12.040  2.4   1
     1214  26.984652  102.904004    19.812    -3551.8     3965.2    13818.5     20.2     23.8     45.3 2023  1  2 20 43 14.180  0.7   1
     1246  26.960075  103.004419     9.218     6418.7     1242.2     3225.4     17.8     16.8     40.2 2023  1  3  9 53 14.500  1.3   1
     1269  26.530231  102.969922     4.468     2998.4   -46385.7    -1525.4     87.9     61.6    199.1 2023  1  3 17  5 17.760  3.4   1
     1270  27.094137  102.771916     2.355   -16658.3    16096.5    -3637.7    139.6    118.8    195.5 2023  1  3 17  7 56.840  2.8   1
     1280  26.913481  103.008993     6.403     6874.2    -3920.8      410.0      5.5      8.0      6.7 2023  1  3 18 37 22.120  2.0   1
     1304  27.115487  102.832975    12.915   -10597.6    18462.2     6921.5    260.2    149.5    243.7 2023  1  4  2 22 33.690  2.9   1
     1338  26.984735  102.903141    21.099    -3637.5     3974.5    15105.7     58.0     34.9     74.4 2023  1  4 16 33 13.890  0.9   1
     1350  26.849949  102.959212    13.926     1931.0   -10960.2     7933.1    151.9    209.0    137.1 2023  1  4 19 27 11.020  3.5   1
     1360  26.967924  102.929077     5.974    -1062.6     2111.9      -18.6    189.5    198.0    182.6 2023  1  4 22 34  8.940  2.1   1
     1371  27.175041  102.809448     1.554   -12929.2    25060.8    -4438.7      4.9      3.7      6.0 2023  1  5  5  3  4.960  3.6   1
     1387  26.844330  102.948104     8.770      827.1   -11582.8     2776.8    193.5    201.2    130.0 2023  1  5 13 36 43.040  3.8   1
     1395  26.923419  102.914608     7.207    -2499.5    -2819.5     1214.4    170.7    124.0     87.1 2023  1  5 16 58 37.710  3.2   1
     1404  27.011847  102.816040     2.684   -12283.9     6978.6    -3308.8    175.5    224.5    320.8 2023  1  5 18 26 49.340  2.6   1
     1405  26.793577  102.975830    14.507     3582.6   -17206.2     8513.9    145.0    177.0     97.9 2023  1  5 18 48 23.160  3.0   1
     1406  26.980351  102.905623    19.643    -3391.2     3488.8    13649.7     33.3     54.0     32.6 2023  1  5 18 53 13.880  1.2   1
     1410  26.846442  102.946965     4.508      714.0   -11348.7    -1485.1     35.3     57.9     93.9 2023  1  5 19 19 20.860  2.6   1
     1411  26.921869  102.847689    10.778    -9146.0    -2991.1     4785.2    115.2    143.9    101.6 2023  1  5 19 20 31.660  2.4   1
     1412  26.850529  102.943685     4.263      388.0   -10895.9    -1730.4     35.9     43.1    102.6 2023  1  5 19 34 36.200  2.3   1
     1413  26.852285  102.923535    12.503    -1613.5   -10701.3     6510.4    172.5    139.7    121.5 2023  1  5 19 38 54.920  3.3   1
     1417  26.853251  102.913208    14.197    -2639.8   -10594.2     8203.7    179.9    132.0     89.7 2023  1  5 19 57 22.800  2.6   1
     1425  26.824192  102.957869    14.506     1797.5   -13814.0     8512.6    238.5    175.8    117.5 2023  1  5 21  4 48.560  3.5   1
     1428  26.830599  102.972306    16.918     3231.7   -13104.2    10924.5     99.0     96.5     98.2 2023  1  5 21 57 36.580  5.6   1
     1431  26.829915  102.950073    10.861     1022.8   -13179.8     4867.7    116.3    124.7    136.0 2023  1  5 22  4  9.800  4.9   1
     1432  26.866673  102.871883    11.265    -6744.9    -9107.2     5271.9    120.1    117.9    165.0 2023  1  5 22  8 18.040  2.8   1
     1433  26.836314  102.946720    11.205      689.8   -12471.0     5211.8    291.9    333.4    336.5 2023  1  5 22 15 54.360  2.9   1
     1436  26.823482  102.959676    14.122     1976.6   -13892.8     8128.7    153.6    106.6    109.1 2023  1  5 22 21  5.480  5.6   1
     1439  26.849656  102.999919    14.509     5974.3   -10992.5     8515.6    110.7     83.9     44.5 2023  1  5 22 43 29.800  5.2   1
     1440  26.828839  102.961174    13.533     2125.7   -13299.2     7540.4     74.8    107.6     80.0 2023  1  5 22 45 17.520  4.8   1
     1441  26.836800  102.961768    12.231     2184.3   -12417.0     6237.5    122.4     60.3     84.6 2023  1  5 22 47 20.320  3.1   1
     1442  26.808875  102.940503    17.028       72.2   -15511.2    11035.0    239.7    179.2    141.6 2023  1  5 22 55 34.980  3.9   1
     1444  26.833911  102.963892    16.074     2395.8   -12737.1    10081.2    175.9    184.7    134.1 2023  1  5 23  2 29.760  3.2   1
     1445  26.832505  102.964315    11.786     2437.5   -12893.0     5793.2    114.6     71.5    100.4 2023  1  5 23  5 44.480  4.0   1
     1446  26.836823  102.955526    16.901     1564.4   -12414.6    10907.6    208.2    243.2    191.2 2023  1  5 23 11 18.480  3.4   1
     1448  26.820404  102.965186    14.829     2523.9   -14233.8     8835.8    142.5    134.5     98.0 2023  1  5 23 27 57.080  5.4   1
     1449  26.842265  102.970386     9.942     3040.6   -11811.5     3949.3    141.9    155.8     77.6 2023  1  5 23 33 36.320  3.2   1
     1450  26.812821  102.935832    15.586     -391.9   -15074.0     9593.1    237.1    170.6    117.3 2023  1  5 23 38 26.920  3.7   1
     1460  26.594031  103.019767     3.334     7954.8   -39316.4    -2658.9    317.6    307.2    323.7 2023  1  6  1 44  6.960  2.5   1
     1461  26.838037  102.923405    11.980    -1626.7   -12280.0     5986.9    244.8    158.2    124.2 2023  1  6  2  9 13.140  3.6   1
     1465  26.828237  102.966951    17.367     2699.7   -13365.9    11374.4    158.0    184.0    121.7 2023  1  6  2 50 22.410  5.9   1
     1467  26.832928  102.961035    11.901     2111.9   -12846.1     5907.7    112.1     97.0     68.0 2023  1  6  2 57  1.020  3.8   1
     1469  26.835252  102.953369    12.447     1350.1   -12588.6     6454.2     89.2     73.5     90.4 2023  1  6  3  0 59.270  3.6   1
     1470  26.827899  102.950024    13.400     1018.3   -13403.3     7406.6    103.1     71.9    102.3 2023  1  6  3 25  4.030  3.7   1
     1474  26.817314  102.953703    15.635     1383.8   -14576.1     9641.5    222.2    278.9    220.2 2023  1  6  3 41 32.280  3.4   1
     1479  26.832062  102.961174    14.252     2125.3   -12942.0     8259.1     70.8    106.1     75.1 2023  1  6  4 27 46.330  3.9   1
     1480  26.828465  102.976611    13.344     3659.8   -13340.7     7350.5    144.9    100.2    122.3 2023  1  6  4 51 23.310  3.7   1
     1489  26.809336  102.965845    12.351     2589.8   -15460.1     6358.0     90.0    108.8    113.1 2023  1  6  6  5 52.330  3.0   1
     1490  26.832503  102.962671    13.213     2274.2   -12893.1     7219.5    184.9    126.1    120.5 2023  1  6  6  8 33.500  3.0   1
     1491  26.858095  102.972868     8.827     3286.8   -10057.5     2833.7    141.2    152.2     93.5 2023  1  6  6 12 13.430  3.1   1
     1494  26.939250  102.846297    14.660    -9283.0    -1065.5     8666.9    220.4    180.6     98.0 2023  1  6  7  0 26.850  3.4   1
     1496  26.832733  102.961719    13.733     2179.7   -12867.6     7739.5    106.4     93.6     78.5 2023  1  6  7 51  6.930  4.0   1
     1509  26.832206  102.979989    17.657     3995.3   -12926.1    11664.4    168.7    149.3    151.2 2023  1  6 11  5  1.410  3.2   1
     1510  26.970333  102.915674     8.841    -2393.6     2378.6     2848.2    193.4    190.2    125.7 2023  1  6 11 15 40.300  5.4   1
     1511  26.838055  102.957935    13.911     1803.4   -12278.0     7917.9    103.0    118.4     99.3 2023  1  6 11 24 59.760  3.7   1
     1520  26.835075  102.951912    13.984     1205.1   -12608.3     7991.4    148.3    147.6    145.6 2023  1  6 14 37 17.560  3.7   1
     1530  26.830735  102.943766    10.153      396.5   -13089.0     4159.5    240.3    224.6    214.1 2023  1  6 16 14 42.600  2.7   1
     1531  26.875968  102.931209     8.264     -851.4    -8077.1     2270.5    104.8    101.2    140.0 2023  1  6 16 35 36.810  2.5   1
     1546  26.874390  102.840633     3.773    -9848.3    -8252.0    -2220.4    215.1     99.0    218.2 2023  1  6 18 53 36.500  2.2   1
     1551  26.822776  102.951799    13.287     1194.6   -13970.8     7294.3    107.5     62.6    116.3 2023  1  6 20 36  5.420  3.7   1
     1558  26.829018  102.962044    13.198     2212.1   -13279.3     7204.8     79.9    122.1     67.2 2023  1  6 21 38 29.200  4.3   1
     1562  27.017631  102.833569     3.302   -10543.1     7619.4    -2691.2    184.3    115.1    193.0 2023  1  6 22 19 21.680  1.4   1
     1566  26.820689  103.023576    13.892     8326.0   -14202.3     7899.3     99.7    123.2     92.8 2023  1  6 23 10 13.040  3.2   1
     1584  26.927091  102.658757    13.594   -27908.5    -2412.5     7600.5    278.7    495.3    354.8 2023  1  7  5 10 35.680  2.9   1
     1597  26.896714  102.922770    11.773    -1689.3    -5778.5     5780.0      5.8      3.6      3.8 2023  1  7 11 13 16.360  1.4   1
     1598  26.838300  102.939697    15.521       -8.5   -12251.0     9527.9    195.3    177.7    177.7 2023  1  7 11 38 45.550  3.3   1
     1607  26.961705  102.896639     8.605    -4283.3     1422.7     2612.3    214.4    115.4    222.8 2023  1  7 15 39 14.060  2.9   1
     1608  27.101894  102.884977    13.830    -5438.1    16956.0     7837.2    333.3    170.7    164.1 2023  1  7 15 40  8.830  4.2   1
     1610  26.809196  103.070532     4.889    12991.8   -15475.7    -1103.8     26.0     28.3     52.1 2023  1  7 16 25  3.150  1.9   1
     1611  26.835101  102.949609    14.258      976.7   -12605.2     8264.9    105.9     85.6     82.0 2023  1  7 16 37 55.380  2.6   1
     1620  26.804211  102.960335    12.620     2042.9   -16027.9     6627.2     89.2    102.0    120.3 2023  1  7 20 13  6.540  3.4   1
     1641  26.749072  102.858065    11.089    -8121.6   -22137.4     5096.4     24.2     14.4     19.6 2023  1  8  4 26  9.320  3.1   1
     1644  26.837604  102.936930    13.355     -283.3   -12328.1     7362.2    245.7    198.6    113.4 2023  1  8  5 28 16.570  3.7   1
     1653  26.833527  102.952759    14.147     1289.2   -12779.8     8154.0     95.9     60.6     62.8 2023  1  8  9 21  3.240  3.7   1
     1662  26.825964  102.932576    12.429     -715.7   -13617.8     6435.6    191.3    163.0    244.0 2023  1  8 12 18 53.450  3.6   1
     1675  26.830367  102.958081    11.391     1818.1   -13129.8     5398.0    104.9     72.0    123.3 2023  1  8 17  5 43.960  3.1   1
     1678  26.679333  103.006364    14.854     6619.9   -29864.8     8860.5    134.8     53.9     77.2 2023  1  8 18  3 48.840  3.2   1
     1688  26.827645  102.962695    14.656     2276.8   -13431.5     8663.1    106.5    123.9     96.0 2023  1  8 20 59 20.120  3.0   1
     1690  26.999904  102.878076    16.241    -6125.6     5655.4    10248.4    126.1     87.6     85.2 2023  1  8 21 29 31.160  2.8   1
     1691  26.934113  102.858773    12.613    -8044.6    -1634.6     6619.8     82.1     63.7     59.9 2023  1  8 21 39 13.640  3.3   1
     1692  26.935427  102.870850    13.119    -6845.3    -1488.8     7126.3     79.5     62.0     59.3 2023  1  8 21 47 29.700  3.2   1
     1696  26.893337  102.924097    11.087    -1557.3    -6152.6     5094.0      5.7      3.6      3.9 2023  1  9  1  2 25.250  3.1   1
     1719  26.883868  102.933276     9.137     -646.2    -7201.8     3144.3    133.8    118.6    119.8 2023  1  9 16  6 17.470  3.2   1
     1720  26.876994  102.935278    10.862     -447.3    -7963.4     4868.8    157.5    174.4    175.1 2023  1  9 16 14 24.770  3.0   1
     1721  26.875002  102.937207     9.544     -255.5    -8184.3     3551.3    144.9    119.7    142.1 2023  1  9 16 39 28.720  3.0   1
     1722  26.872188  102.961255    14.975     2133.7    -8496.0     8981.5    103.8    115.8     90.1 2023  1  9 16 57 16.400  4.2   1
     1727  26.889449  102.963029    11.113     2309.5    -6583.3     5119.6    243.3    291.6    293.4 2023  1  9 19  8 37.980  2.9   1
     1730  26.862258  102.954948     7.369     1506.6    -9596.3     1375.5    209.6    162.2    204.5 2023  1  9 19 27 32.440  2.9   1
     1732  26.883128  102.954924    10.204     1504.3    -7283.8     4210.5    263.5    184.8    156.1 2023  1  9 20 35 17.380  4.9   1
     1733  26.880182  102.940373    11.142       58.8    -7610.2     5149.2    148.8    124.2     95.4 2023  1  9 20 39 20.860  3.4   1
     1734  26.875435  102.934676     8.355     -506.6    -8136.3     2362.2     94.1    111.3    143.4 2023  1  9 21 45  5.440  3.0   1
     1737  26.884007  102.940479    10.869       69.3    -7186.3     4875.7    159.0    130.4     82.5 2023  1  9 22  7  4.500  3.6   1
     1738  26.890804  102.949585    12.140      973.8    -6433.4     6147.1    410.7    280.2    309.2 2023  1  9 22 12 25.440  3.7   1
     1742  27.040499  102.832935    11.391   -10605.1    10153.3     5397.8    294.9    199.9    247.9 2023  1  9 23 27  6.800  3.3   1
     1748  26.883586  102.937638     9.977     -212.5    -7233.2     3983.6    170.6    119.5    139.8 2023  1 10  1 44 54.780  2.7   1
     1770  26.871633  102.927767     8.310    -1192.8    -8557.4     2316.7    129.4    112.6    137.4 2023  1 10  9 51  7.700  3.4   1
     1772  27.243024  102.963615     1.802     2363.8    32593.7    -4191.5     59.3    104.8    100.4 2023  1 10 10 46 38.980  1.5   1
     1778  26.863861  102.954093    19.326     1422.0    -9418.7    13332.6    192.9    198.2    123.3 2023  1 10 13 34 23.820  3.4   1
     1779  26.849227  102.928247    11.299    -1145.8   -11040.2     5305.9    115.8    126.6     98.1 2023  1 10 13 36 48.280  3.4   1
     1781  26.823688  102.946672    10.892      684.7   -13869.9     4898.8    286.5    348.4    333.0 2023  1 10 15  7 20.700  2.9   1
     1783  26.851522  102.908643    15.624    -3093.3   -10785.8     9630.8    216.5    252.3    336.4 2023  1 10 15 13 25.930  3.7   1
     1785  26.850490  102.937728    11.565     -203.6   -10900.2     5572.1    137.3    162.2    162.0 2023  1 10 16 19 19.210  2.9   1
     1790  26.969338  102.920679     6.589    -1896.7     2268.5      595.8    223.9    190.2    180.3 2023  1 10 18 32 50.840  2.7   1
     1795  27.015090  102.791447     8.627   -14724.8     7337.8     2634.0      0.0      0.0      0.0 2023  1 10 20 13 13.680  0.7   1
     1810  26.837903  102.930013    15.549     -970.4   -12294.8     9556.3    290.3    203.6    156.4 2023  1 11  0  7 17.780  3.6   1
     1812  26.948336  102.912305     8.876    -2728.0      -58.6     2883.0    183.2    126.6    110.6 2023  1 11  0 36  5.800  2.7   1
     1820  26.875989  102.931462     7.458     -826.5    -8074.8     1464.8     81.5    110.0    194.6 2023  1 11  4 17  3.990  2.8   1
     1823  27.108842  102.847054    14.963    -9201.4    17725.8     8969.7    118.8     95.7     98.4 2023  1 11  4 48 26.140  4.3   1
     1825  26.949782  103.015226    10.631     7492.1      101.7     4637.9     67.3     62.7    100.0 2023  1 11  5 46 50.880  3.1   1
     1846  26.876530  102.928646    11.952    -1105.7    -8015.0     5959.4    157.1    201.9    165.3 2023  1 11 12 40 18.140  3.3   1
     1847  27.099713  102.867790    13.231    -7143.6    16714.4     7237.5    201.8    118.4    150.7 2023  1 11 12 47 56.460  2.5   1
     1855  26.884544  102.942497    10.622      270.2    -7126.9     4629.2    159.3    129.5     73.9 2023  1 11 15 39  2.760  3.5   1
     1862  26.890320  102.948283     9.990      844.5    -6486.8     3996.7    200.5    159.0    134.7 2023  1 11 18 31 49.400  3.0   1
     1868  26.880324  102.960726    20.003     2080.9    -7594.4    14011.3    191.1    296.3     92.5 2023  1 11 20 35 25.940  2.9   1
     1898  27.114142  102.825789    13.498   -11311.2    18313.2     7505.4    105.1     91.7     79.8 2023  1 12 11  0 25.500  4.2   1
     1918  26.978326  102.788647    14.854   -15005.4     3264.3     8861.2    136.0    517.4    133.6 2023  1 12 19 47 23.600  2.7   1
     1923  27.113556  102.828931    14.243   -10998.9    18248.3     8250.3    106.5     71.0     85.7 2023  1 12 21 27 16.860  4.8   1
     1924  27.119519  102.824471    12.491   -11441.5    18909.0     6497.7    148.6    124.1    133.1 2023  1 12 22 30 23.240  3.9   1
     1926  27.105695  102.840389    14.809    -9863.0    17377.2     8815.5    228.2    169.6    234.4 2023  1 12 22 45 29.160  3.7   1
     1928  27.100224  102.870711    12.975    -6854.2    16771.0     6982.2    224.5    148.9    132.3 2023  1 13  0  2  4.850  3.5   1
     1934  27.107332  102.864469    12.144    -7473.0    17558.6     6151.2    190.6    160.3    158.8 2023  1 13  1 42 41.480  3.2   1
     1941  26.826742  102.977482    10.863     3745.8   -13531.5     4870.0    116.4     99.0    138.9 2023  1 13  5 13  5.790  3.6   1
     1947  27.112396  102.832829    14.383   -10612.3    18119.7     8390.3    117.6     83.9    101.6 2023  1 13  9 37 46.380  2.8   1
     1948  27.118986  102.849959    14.271    -8912.2    18849.9     8278.1    222.0    138.4    173.0 2023  1 13  9 48 48.310  3.4   1
     1957  27.116720  102.825928    10.534   -11297.2    18598.7     4541.0    125.2     86.6     94.0 2023  1 13 11 23 47.790  3.1   1
     1965  27.103019  102.817578    12.984   -12126.4    17080.7     6991.1    178.8    143.4    129.8 2023  1 13 13 55 47.290  3.4   1
     1983  27.104447  102.873543    12.782    -6572.9    17239.0     6789.0    229.5    163.8    142.6 2023  1 13 18 44 10.720  3.2   1
     1999  26.793854  102.973397    14.156     3340.7   -17175.6     8162.6    144.2    174.4     99.2 2023  1 14  2  9 10.410  3.6   1
     2008  26.860990  102.839307     4.413    -9981.0    -9736.6    -1580.5    223.0     99.3    201.9 2023  1 14  5 22 43.770  2.9   1
     2014  26.882111  102.925155     9.143    -1452.8    -7396.5     3149.9    163.7    124.1    145.5 2023  1 14  8 57 20.990  2.8   1
     2031  26.857953  102.899943    11.494    -3957.6   -10073.2     5500.8    128.3    116.6    130.3 2023  1 14 14 35  3.700  3.0   1
     2040  26.927386  102.752694     5.603   -18579.1    -2379.9     -389.6     13.4     16.5     20.2 2023  1 14 16  0 25.770  2.5   1
     2044  26.940424  102.908862     6.599    -3070.1     -935.4      605.9    163.5    139.8    125.2 2023  1 14 16 43 43.950  2.8   1
     2045  26.934875  102.871582     8.504    -6772.2    -1550.1     2511.4    394.0    270.2    260.1 2023  1 14 17  1 56.200  2.9   1
     2056  27.066661  102.844784     5.857    -9427.7    13052.1     -136.2     87.5    127.5    168.7 2023  1 14 21 23 21.280  2.7   1
     2057  26.956669  102.918807     8.268    -2082.6      864.7     2274.9    233.8    157.9    174.5 2023  1 14 21 31 33.240  2.7   1
     2063  27.107707  102.824951    10.480   -11394.7    17600.1     4487.4     76.9     69.1     54.4 2023  1 14 23 36 57.880  3.7   1
     2077  27.069411  103.136743    12.946    19548.1    13356.8     6952.6     21.4     21.3     47.3 2023  1 15  3  5 26.790  3.6   1
     2081  27.126453  102.802515     0.885   -13619.3    19677.3    -5107.6    107.0     94.5    253.8 2023  1 15  4 24 51.860  3.0   1
     2084  27.049471  102.990576     2.899     5041.7    11147.4    -3094.5    403.8    135.1    204.9 2023  1 15  5 40 13.010  2.7   1
     2093  26.683592  103.089819     1.362    14916.4   -29393.0    -4631.3    136.6     95.9    259.2 2023  1 15  8 44 35.800  2.4   1
     2119  27.107910  102.843376    14.281    -9566.2    17622.6     8288.3    119.6     91.4     95.7 2023  1 15 17 11  5.080  3.8   1
     2121  26.905770  102.818953     4.898   -12000.5    -4775.1    -1095.4     38.5     39.1     54.2 2023  1 15 17 27 46.360  2.8   1
     2131  26.803379  103.055908     3.912    11538.8   -16120.2    -2081.4     26.8     27.0     66.2 2023  1 15 20  8 42.660  2.1   1
     2149  26.915302  103.120093     2.294    17908.1    -3718.8    -3698.8    156.0    157.3    281.0 2023  1 15 23 45 28.480  3.5   1
     2153  26.837455  102.955957    12.993     1607.1   -12344.5     6999.7     94.9     89.9     84.7 2023  1 16  2 13 26.450  3.6   1
     2157  27.169163  102.816992     1.644   -12180.8    24409.6    -4348.7      5.1      3.7      5.9 2023  1 16  3 47 40.300  3.3   1
     2173  26.853642  102.956429    11.453     1654.0   -10551.0     5459.9    147.5    112.8     94.5 2023  1 16  8 53 26.520  3.6   1
     2175  26.846930  102.964168    14.583     2422.9   -11294.6     8589.7    151.9    101.5    162.8 2023  1 16  8 58 50.730  3.3   1
     2195  26.840011  102.976994    12.923     3696.9   -12061.3     6929.7     58.7     75.3    116.3 2023  1 16 16  3 18.920  3.4   1
     2198  26.975348  102.923527     8.330    -1613.5     2934.5     2336.9    113.1     73.3     86.7 2023  1 16 16 16 44.450  3.2   1
     2199  26.972852  102.944914     8.930      509.6     2657.8     2936.7    232.1    160.9    206.9 2023  1 16 16 20  5.830  3.0   1
     2215  26.474744  102.982015     5.770     4202.9   -52533.8     -223.0    275.1    229.2    356.8 2023  1 16 19 35 29.480  2.0   1
     2219  26.980532  102.825675     7.706   -11329.2     3508.8     1713.0    215.5    372.3    241.7 2023  1 16 21  1 28.460  2.8   1
     2230  26.934589  103.056763    10.596    11617.6    -1581.9     4603.1    246.8    215.3    221.3 2023  1 16 23  4  7.160  2.5   1
     2231  26.583667  102.944303     4.043      450.3   -40464.8    -1949.6    396.7    203.3    600.3 2023  1 16 23 51 20.800  2.3   1
     2255  27.161157  103.116870    14.514    17569.2    23522.5     8520.6    182.9    201.7    166.7 2023  1 17  9 14 52.110  3.4   1
     2259  26.920400  103.063094    10.324    12247.1    -3154.0     4331.2    245.9    223.3    214.0 2023  1 17 10  7  6.440  2.6   1
     2276  27.025323  102.768490     6.901   -17003.7     8471.8      907.8    284.1    326.5    521.2 2023  1 17 14 35 43.370  3.3   1
     2294  27.125187  102.804077     2.304   -13465.1    19537.0    -3689.5    170.2    126.0    230.8 2023  1 17 18 47 54.980  3.6   1
     2305  27.047127  102.843685     7.277    -9538.1    10887.7     1284.1    129.1     97.5    188.4 2023  1 17 20 43 35.940  3.1   1
     2306  26.929226  102.921842    12.606    -1781.0    -2176.2     6613.1    220.0    204.7    147.2 2023  1 17 20 57  4.440  2.7   1
     2327  26.817576  103.025765    29.785     8543.0   -14547.0    23791.7    350.9    267.8    196.6 2023  1 18  1 23 41.130  3.2   1
     2339  27.102885  102.794686     1.053   -14397.6    17065.8    -4939.8     43.7     30.5     52.7 2023  1 18  6 11 30.060  3.3   1
     2348  26.991003  102.882682     5.120    -5668.5     4669.0     -873.1      5.2      3.8      3.7 2023  1 18  7 22 51.730  3.2   1
     2385  27.038554  102.819279    12.594   -11960.7     9937.8     6601.2    285.7    198.5    244.2 2023  1 18 21 12 59.400  3.2   1
     2402  26.903396  103.126473     2.472    18542.3    -5038.1    -3520.7    156.4    163.2    318.1 2023  1 19  3 45  0.380  2.3   1
     2438  27.099196  102.999463     3.681     5923.1    16657.2    -2312.0     78.7     59.1     81.4 2023  1 19 17 24 12.840  2.9   1
     2443  26.571999  103.046379    12.891    10603.2   -41757.7     6898.8    252.5    201.9    206.3 2023  1 19 18 37 36.240  3.7   1
     2447  26.859314  102.932072    11.589     -765.7    -9922.4     5595.8    137.4    140.3    134.3 2023  1 19 22  6 22.960  3.6   1
     2451  26.860400  102.934359    11.790     -538.6    -9802.1     5796.5    272.0    187.5    176.7 2023  1 19 22 42 21.840  3.2   1
     2463  26.984664  102.821338    14.109   -11759.0     3966.7     8115.9    180.6    152.1    147.5 2023  1 20  8 24  0.370  3.4   1
     2468  27.043896  102.846541     7.628    -9254.5    10529.9     1634.8    128.6     97.5    141.8 2023  1 20 14 49 58.820  3.6   1
     2473  27.002142  102.826709     7.376   -11225.4     5903.3     1383.4    219.6    300.8    247.9 2023  1 20 16 10 14.250  2.5   1
     2476  26.953306  102.893929     8.206    -4552.9      492.1     2212.7    177.8    119.7    119.6 2023  1 20 16 16 38.180  3.5   1
     2490  27.114213  102.827417    14.624   -11149.2    18321.0     8631.0    130.8     83.0    103.2 2023  1 20 19  7 17.640  3.4   1
     2499  26.745168  102.901896    14.443    -3765.2   -22570.1     8449.8     29.6     37.3     39.9 2023  1 20 20 43 15.000  1.3   1
     2510  27.038084  102.814315    14.523   -12453.5     9885.8     8529.6    315.7    201.0    251.0 2023  1 20 22 18 27.080  4.1   1
     2537  26.982705  102.799642    14.444   -13913.8     3749.6     8450.7    146.3     73.3     99.9 2023  1 21 19 43 34.100  3.3   1
     2543  26.984092  102.846720    14.497    -9239.2     3903.4     8504.4    177.8    108.7    133.5 2023  1 21 23 20 39.120  2.4   1
     2544  27.121370  102.820736     2.721   -11811.7    19114.0    -3271.7    152.7    172.4    360.0 2023  1 21 23 20 59.640  2.4   1
     2576  26.839500  102.913241    13.052    -2636.9   -12117.9     7058.9    173.4    116.5    101.4 2023  1 22 14 38 34.180  3.1   1
     2595  26.924056  102.935937    11.966     -381.6    -2748.9     5972.5    198.2    197.9    152.9 2023  1 22 20 25 59.880  2.7   1
     2608  27.126076  102.791585    10.378   -14704.0    19635.6     4384.8     95.0     42.6    122.3 2023  1 22 23 57 49.340  3.1   1
     2630  27.062528  103.127327    11.734    18614.2    12594.2     5740.5     21.1     21.1     47.9 2023  1 23 13 50 46.020  3.2   1
     2654  27.102720  102.857365    14.957    -8177.8    17047.5     8963.9    189.5    134.1    127.3 2023  1 23 21 54 10.300  4.3   1
     2662  27.117889  102.796077     3.951   -14258.9    18728.4    -2041.9    227.8    175.6    538.5 2023  1 24  0 35 17.620  2.5   1
     2672  27.047471  103.067057     5.971    12633.0    10925.9      -21.8    261.9    144.0    459.2 2023  1 24  3 57  8.160  2.7   1
     2674  27.115769  102.818286    10.998   -12055.6    18493.4     5005.3    164.7    185.0    157.3 2023  1 24  5 27  3.620  3.5   1
     2700  26.977197  102.928402     9.295    -1129.5     3139.4     3302.1    174.0    175.0    116.8 2023  1 24 17  6 42.280  4.3   1
     2703  26.842568  102.930379    13.809     -933.5   -11778.0     7816.2    143.5    131.8    104.9 2023  1 24 18 28 40.720  5.3   1
     2705  26.842601  102.935116     9.750     -463.6   -11774.3     3756.8     90.8     90.6     93.6 2023  1 24 18 39  8.100  3.5   1
     2706  26.840885  102.939616    13.447      -16.2   -11964.3     7454.2    127.3    112.2    148.3 2023  1 24 19  2 19.360  4.5   1
     2720  26.492008  102.981543     9.670     4155.4   -50620.8     3677.4     93.3     74.6    125.4 2023  1 24 23 44 49.420  3.2   1
     2729  26.869330  102.908765    15.707    -3080.4    -8812.7     9714.3    214.5    163.9    173.9 2023  1 25  2 54 46.450  3.1   1
     2735  26.919578  102.932650     6.312     -707.7    -3245.1      319.3    216.8    203.8    241.1 2023  1 25  7  1 11.130  2.1   1
     2747  27.220331  102.961938     1.986     2197.5    30079.2    -4007.1     28.7     49.8     65.2 2023  1 25 12 43 18.710  0.7   1
     2748  26.970280  102.918123     8.852    -2149.9     2372.8     2859.4    105.9     83.1    104.3 2023  1 25 12 51 58.640  3.5   1
     2751  26.975779  102.924365     9.650    -1530.6     2982.1     3657.3    125.5    133.4    121.1 2023  1 25 14  8 38.810  3.4   1
     2754  26.502295  102.996411    10.115     5634.7   -49481.0     4122.0     98.7     79.0     96.7 2023  1 25 14 54 48.050  3.8   1
     2756  26.951154  102.910946     7.486    -2863.0      253.5     1492.9    281.3    190.1    170.7 2023  1 25 15 29  8.450  3.3   1
     2764  26.980809  102.900382     1.570    -3911.4     3539.4    -4422.6    155.2    377.6    225.8 2023  1 25 17 53 40.760  0.9   1
     2790  26.715631  103.010417    11.489     7021.6   -25842.8     5495.7    103.2    119.5     82.8 2023  1 25 22 18 21.720  4.1   1
     2804  26.743486  102.901546    14.595    -3800.1   -22756.6     8602.3     34.5     50.8     44.0 2023  1 25 23 33 14.880  3.5   1
     2823  26.984554  102.904036    19.557    -3549.0     3954.4    13564.1     20.5     25.1     54.4 2023  1 26  8 13 13.850  1.8   1
     2826  26.996663  102.816504    14.485   -12238.2     5296.3     8492.4    181.6    156.9    148.1 2023  1 26  8 57 51.390  3.5   1
     2827  27.178839  102.813037     7.670   -12572.4    25481.7     1677.0     95.2    148.9    232.4 2023  1 26  9  1 50.390  4.0   1
     2868  26.858667  102.939819    11.382        4.4    -9994.2     5389.0    246.6    195.8    174.7 2023  1 27  3  4  5.290  3.2   1
     2873  26.958883  103.006087    10.984     6584.3     1110.0     4991.4     66.4     58.4     90.9 2023  1 27  6  3 14.460  1.4   1
     2876  26.860522  102.977409    12.988     3737.8    -9788.5     6995.0    174.2    237.8    144.7 2023  1 27  6 13 52.750  3.3   1
     2877  26.683700  103.010482    14.713     7028.9   -29381.0     8719.5    146.1     51.9     77.2 2023  1 27  6 25 49.430  3.5   1
     2889  26.988346  102.837638    13.089   -10140.9     4374.6     7096.2     74.7     74.4     56.7 2023  1 27 10 58 34.340  3.6   1
     2893  27.196228  102.955802     7.007     1589.7    27408.5     1013.5     90.3     63.9     65.3 2023  1 27 11 32  3.620  2.5   1
     2895  26.982707  102.901139     9.818    -3836.5     3749.7     3825.0    227.4    655.6    138.0 2023  1 27 12  9 22.740  3.3   1
     2898  26.977598  102.933301     9.398     -642.8     3183.7     3404.6    125.4    133.1    110.0 2023  1 27 13 50 19.660  3.3   1
     2904  26.993581  102.832853    13.413   -10615.5     4954.7     7420.4     69.0     73.6     57.6 2023  1 27 15 33 31.920  3.2   1
     2922  27.115118  102.848096     8.567    -9097.6    18421.3     2573.8    207.2     99.0    200.8 2023  1 27 20 21  5.380  3.1   1
     2929  27.044371  102.764714    14.119   -17376.5    10582.4     8126.0    157.3    141.0    154.7 2023  1 27 23 50 57.520  3.2   1
     2936  26.822512  102.971842    14.926     3185.8   -14000.3     8933.1    152.3    155.9    117.3 2023  1 28  2  0 52.420  3.3   1
     2956  26.881649  102.872144    10.088    -6718.1    -7447.8     4095.2    134.3    151.3     99.0 2023  1 28 10 40 14.790  2.7   1
     2958  26.981789  102.790194    14.627   -14851.7     3648.2     8633.9    127.7     60.9     97.8 2023  1 28 11 46 10.310  3.4   1
     2964  26.923765  102.902637     6.688    -3688.3    -2781.0      695.4    165.4    130.5     95.7 2023  1 28 12 13 23.580  3.3   1
     2970  27.024819  102.824129    14.144   -11479.8     8415.8     8151.4    258.1    235.5    205.7 2023  1 28 16 10 17.490  3.4   1
     2982  26.934735  102.886084    10.861    -5332.0    -1565.7     4867.6    164.3    180.6     91.4 2023  1 28 19 57 32.200  3.4   1
     3022  26.711324  103.025814    11.258     8551.8   -26320.1     5265.3     95.8    118.6     84.9 2023  1 29 13 41  6.720  3.2   1
     3042  27.099835  102.770841     4.418   -16764.7    16728.0    -1575.2    150.1    120.3    161.6 2023  1 29 20 41  5.560  1.4   1
     3045  26.877262  102.966935    15.572     2697.3    -7933.6     9578.9     42.0     41.9     58.0 2023  1 29 22 13  6.640  3.5   1
     3047  26.862537  102.940959     8.654      117.2    -9565.3     2660.9     97.8     99.5    118.7 2023  1 29 22 51 44.600  3.2   1
     3073  26.834550  102.942171     9.441      237.7   -12666.3     3447.7     85.7    100.0    112.1 2023  1 30 12  1 48.770  3.0   1
     3077  26.854350  102.951579    14.952     1172.1   -10472.5     8958.7    328.5    299.5    233.9 2023  1 30 12 26 51.580  3.5   1
     3095  26.948615  102.829679    14.249   -10933.0      -27.6     8256.0    179.2    179.5    104.8 2023  1 30 21 27  4.160  3.8   1
     3101  26.860382  102.968766     6.680     2879.7    -9804.2      686.5    187.3    171.8    199.6 2023  1 30 23 34 55.420  2.2   1
     3113  27.160655  103.108293    14.554    16717.5    23466.9     8560.7    191.6    202.8    167.8 2023  1 31  7  0 35.670  3.4   1
     3136  26.619362  103.010669    12.114     7049.2   -36509.7     6121.4    205.6    114.9    154.2 2023  1 31 16 27 59.290  3.8   1
     3140  26.882511  102.923389     8.380    -1628.3    -7352.2     2387.4    171.6    121.0    149.2 2023  1 31 17  3 23.640  3.8   1
     3152  27.021265  102.942773     4.304      297.4     8022.2    -1689.4     56.7     59.5     68.3 2023  1 31 19 52 21.760  2.3   1
     3153  26.927999  102.912337     8.541    -2725.1    -2311.9     2547.9    255.0    137.3    148.8 2023  1 31 20 31 50.780  2.5   1
     3156  26.951121  102.911589    10.263    -2798.9      250.0     4270.2    158.8    198.0    133.3 2023  1 31 21 28 23.660  2.7   1
     3161  26.930644  102.917261     8.208    -2236.4    -2019.0     2214.6    155.6    130.3    158.2 2023  1 31 22 23 52.560  2.7   1
     3178  26.944659  102.896875     7.794    -4260.1     -466.1     1800.8    170.8    130.6     79.8 2023  2  1  8 53 40.230  3.3   1
     3199  27.014429  102.811613     6.342   -12723.0     7264.7      348.5    117.5    170.3    139.8 2023  2  1 19 32 33.220  2.8   1
     3200  27.056753  102.865747     5.406    -7347.9    11954.2     -586.7    253.2    159.3    317.8 2023  2  1 20  5  3.440  3.0   1
     3205  26.991817  102.884318     3.752    -5506.1     4759.3    -2241.1      4.7      3.7      3.7 2023  2  1 21 43 10.840  1.7   1
     3219  26.978290  102.952531     6.514     1266.5     3260.4      521.2    363.2    399.4    312.3 2023  2  2  4 41  3.020  2.7   1
     3256  27.091260  102.770679     3.969   -16781.4    15777.8    -2023.8    142.7    122.8    163.6 2023  2  2 18 28 39.720  2.2   1
     3257  27.032823  103.069466     4.934    12873.5     9302.7    -1058.8    256.8    144.0    261.6 2023  2  2 18 33 15.720  1.0   1
     3264  26.949406  102.892537    11.500    -4691.4       59.9     5507.2    251.7    200.1    148.4 2023  2  2 20 27  4.280  2.9   1
     3291  27.108742  102.842830     8.414    -9620.1    17715.0     2420.6    148.1    118.5    124.8 2023  2  3  9 59 32.770  3.5   1
     3310  27.026036  102.832292    15.311   -10670.2     8550.8     9317.5    272.3    238.4    211.2 2023  2  3 20 44 11.440  1.8   1
     3335  27.235075  102.900724     1.693    -3873.1    31712.8    -4300.3    232.7    178.0    260.3 2023  2  4  9 55  4.260  2.1   1
     3336  27.167598  103.120687    13.286    17947.2    24236.3     7293.2     84.5     75.3    118.7 2023  2  4 10 29 17.550  4.6   1
     3356  26.978123  102.906331     1.129    -3320.9     3241.8    -4863.9    151.5    318.4    280.8 2023  2  4 16 28 44.010  2.2   1
     3366  26.982043  102.912329    20.149    -2725.6     3676.3    14155.7    116.4     70.9     32.2 2023  2  4 20  3 14.540  1.6   1
     3367  26.847988  102.948405    13.481      857.0   -11177.5     7487.9    144.4    132.9     97.0 2023  2  4 20  7 36.480  2.5   1
     3395  26.988452  102.770540    12.011   -16802.6     4386.4     6017.7    112.4    107.7     88.6 2023  2  5 12 41 57.150  3.3   1
     3396  27.010451  102.881608     6.760    -5774.9     6823.8      767.2     42.8    100.0     75.6 2023  2  5 13 31  8.540  2.5   1
     3405  26.986194  102.884098    15.953    -5528.0     4136.1     9960.3    125.0     89.4     83.0 2023  2  5 20 21 55.300  2.4   1
     3419  26.967952  102.921183    10.041    -1846.1     2114.9     4047.6     87.8     94.9     89.6 2023  2  6  1 12 27.600  4.9   1
     3421  26.991026  102.951880     5.743     1201.2     4671.6     -250.0    369.2    364.3    323.6 2023  2  6  1 43 57.790  3.2   1
     3423  27.017446  102.935352     4.678     -439.7     7599.0    -1315.2     57.7     61.0     63.2 2023  2  6  2 11 43.840  2.9   1
     3434  26.967448  102.917782    10.323    -2184.4     2059.0     4329.5    133.9     99.2     88.8 2023  2  6  8 30 31.150  4.5   1
     3437  27.025450  103.116626    11.036    17555.4     8485.8     5042.5     30.7     32.4     42.1 2023  2  6 11 44 13.880  1.6   1
     3478  26.743154  102.858390    12.822    -8089.4   -22793.3     6829.2     25.0     14.6     18.6 2023  2  7  0 34 55.370  2.5   1
     3497  26.577415  103.060246    11.251    11982.1   -41157.6     5257.6    159.2    138.3    148.9 2023  2  7 12 22 33.570  3.9   1
     3499  26.567283  103.061312    11.220    12088.1   -42280.3     5227.4    167.8    172.7    182.1 2023  2  7 12 51 49.860  3.6   1
     3506  26.978945  102.936320     6.063     -343.6     3332.9       70.1    214.7    281.2    217.4 2023  2  7 14 24 46.020  2.7   1
     3521  26.572723  103.055778    11.751    11537.4   -41677.5     5757.9    150.9    124.5    127.4 2023  2  7 18 46 48.700  4.0   1
     3533  27.102869  102.859839    14.010    -7933.0    17064.1     8016.7    145.5    126.1     88.5 2023  2  7 22 51 25.800  4.0   1
     3558  27.010805  102.870166     6.659    -6910.7     6863.1      665.5     43.0     97.5     72.9 2023  2  8 12  8 20.810  3.0   1
     3564  27.106571  102.800651     2.502   -13805.5    17474.3    -3491.0     45.0     31.0     61.9 2023  2  8 16 55 27.230  2.5   1
     3603  26.928469  102.924235     8.789    -1544.0    -2259.9     2796.3    162.9    156.5    157.7 2023  2  9 17 12 51.860  1.9   1
     3621  26.981299  102.898478     4.193    -4100.3     3593.8    -1800.5    471.1    281.5    508.2 2023  2  9 22 14 15.300  2.2   1
     3626  26.877315  102.929232     9.037    -1047.9    -7927.8     3044.3    221.7    288.9   2195.6 2023  2  9 23 58 10.260  3.0   1
     3641  26.829826  102.957951    12.344     1805.4   -13189.7     6350.5    109.9     78.7    127.5 2023  2 10  3 51 17.800  3.1   1
     3643  26.868337  102.939176     6.089      -59.8    -8922.8       95.9    216.4    140.3    294.5 2023  2 10  4 12 31.530  3.3   1
     3658  27.037724  102.765828    12.053   -17266.9     9845.8     6059.6    136.8    154.5    167.3 2023  2 10 11 42 25.830  3.6   1
     3661  26.963896  102.923454     7.860    -1621.1     1665.5     1866.7    164.9    134.7    112.1 2023  2 10 13 44 34.240  3.2   1
     3676  26.865110  102.942098     4.251      230.6    -9280.2    -1742.5     49.3     82.4    198.3 2023  2 10 18  5 36.080  2.7   1
     3677  26.988129  102.764429    12.773   -17409.4     4350.5     6780.1    106.9    109.1     86.0 2023  2 10 18 13 48.420  2.2   1
     3679  26.824367  102.963330    11.815     2339.6   -13794.7     5822.1    114.3    156.2    156.2 2023  2 10 18 51 51.000  2.9   1
     3681  26.823598  102.954045    15.906     1417.5   -13879.9     9912.9    204.0    247.9    234.2 2023  2 10 18 59 17.160  3.7   1
     3682  26.850181  103.000553    14.777     6037.4   -10934.4     8784.1     63.4     95.4     23.2 2023  2 10 20  1 54.320  2.5   1
     3689  26.810830  102.982992    14.713     4293.8   -15294.6     8719.8    298.4    210.3    160.9 2023  2 10 21 25 36.460  3.2   1
     3694  26.833858  102.958936    16.887     1903.0   -12743.0    10894.3    184.3    211.6    144.1 2023  2 10 22 52 55.800  3.0   1
     3696  26.814650  102.959310    12.447     1940.7   -14871.3     6453.5    107.1    135.0    184.1 2023  2 10 23 21 27.120  3.0   1
     3697  27.004360  102.812508     5.644   -12634.8     6149.1     -348.7     93.9    126.9    122.0 2023  2 10 23 27 25.760  2.8   1
     3703  26.928587  102.897819    10.558    -4167.1    -2246.7     4565.3    184.9    155.6     95.7 2023  2 11  0 34 33.290  3.9   1
     3721  27.127445  102.854679    10.997    -8443.8    19787.3     5004.1    200.9    107.2    157.2 2023  2 11  8 41  3.690  2.8   1
     3737  27.016813  102.837443     3.672   -10159.1     7528.8    -2321.4    193.2    117.7    175.1 2023  2 11 12 38 24.070  3.2   1
     3744  26.868640  102.942480     6.657      268.2    -8889.2      664.4    218.0    142.5    246.9 2023  2 11 15  5 42.430  2.9   1
     3786  27.180216  102.836702     7.762   -10224.8    25634.4     1769.0     83.7     79.7    128.3 2023  2 12  3 32 54.620  4.6   1
     3787  27.008008  102.811784     4.878   -12706.7     6553.3    -1115.1    102.2    150.3    119.4 2023  2 12  3 34  5.200  4.2   1
     3788  26.845962  102.954150    13.041     1427.7   -11402.0     7047.7    171.1    279.7    202.1 2023  2 12  3 36 55.170  3.0   1
     3810  26.841176  102.765299     4.265   -17334.0   -11932.1    -1728.2     33.4     16.2     32.6 2023  2 12  9 16 52.860  2.7   1
     3830  26.873773  102.929321    15.710    -1039.1    -8320.3     9717.0    248.1    132.7    195.4 2023  2 12 15 24 31.290  3.6   1
     3868  26.867432  102.922909    12.149    -1675.6    -9022.9     6155.5    182.2    164.2    141.2 2023  2 13  3 57 56.990  3.5   1
     3890  26.478056  102.976221     5.502     3625.8   -52166.8     -491.0    263.2    232.9    374.1 2023  2 13 12 44 44.880  3.3   1
     3906  26.831063  102.758146     2.913   -18045.4   -13052.7    -3079.8     28.6     16.1     48.0 2023  2 13 19 30 15.820  1.4   1
     3943  26.879213  102.970850    14.214     3086.7    -7717.6     8221.2     70.8     57.9    136.9 2023  2 14 21 11 56.760  3.0   1
     3948  27.119366  102.810327    13.196   -12845.2    18892.0     7203.0    215.8    165.3    152.8 2023  2 14 23  2 21.120  3.0   1
     3954  26.974170  102.849268    13.659    -8986.5     2803.8     7666.1    172.2    148.6    138.3 2023  2 15  2 44 14.520  3.0   1
     3964  27.102537  102.852132    12.232    -8697.6    17027.4     6238.9    412.0    239.3    336.4 2023  2 15 10 22 17.840  3.4   1
     3970  27.114880  102.819344     9.349   -11950.1    18395.0     3356.3    124.7     96.0    132.5 2023  2 15 11 38  6.520  3.0   1
     3973  26.965930  102.907088     8.171    -3246.0     1890.9     2178.1    232.3    243.5    172.1 2023  2 15 14 54  0.720  2.3   1
     3976  27.110207  102.840104     8.051    -9890.8    17877.2     2058.3    144.6     86.4    157.6 2023  2 15 15 17 29.780  2.8   1
     3977  26.840741  102.970858    11.884     3087.6   -11980.4     5891.1    259.3    217.6    267.4 2023  2 15 16  9 19.260  4.2   1
     3983  26.835402  102.970540    16.840     3056.5   -12572.0    10847.1    147.3    179.9    105.2 2023  2 15 20 50 46.760  2.9   1
     4024  27.120585  102.817651     1.791   -12118.5    19027.0    -4202.2    170.3    119.9    527.1 2023  2 17  0 14 51.630  3.4   1
     4041  26.951388  102.918750     7.507    -2088.1      279.5     1514.4    197.4    187.9    147.4 2023  2 17 13 22  2.790  2.8   1
     4047  26.842881  102.890942    10.782    -4852.0   -11743.4     4788.6    124.3    119.4    129.6 2023  2 17 17 44 19.540  2.7   1
     4048  26.838908  102.934147    18.300     -559.3   -12183.5    12307.2    118.5    121.1     98.2 2023  2 17 17 50 30.180  2.9   1
     4055  26.549455  103.011320     3.528     7116.7   -44255.7    -2465.4     60.7     54.9     68.0 2023  2 17 22 21 14.240  1.9   1
     4058  26.828711  102.968896    13.298     2893.0   -13313.4     7304.5    131.8     94.4    119.7 2023  2 17 23  0 31.120  3.8   1
     4070  27.079608  102.773763    29.141   -16475.9    14486.7    23148.3     26.5     29.5     18.8 2023  2 18  6 23 13.990  2.5   1
     4084  26.832507  103.013387    14.854     7312.8   -12892.7     8861.2     54.0     71.7     66.2 2023  2 18 11 25  4.350  3.4   1
     4116  27.098812  103.006909     2.191     6661.7    16614.4    -3801.8     80.3     61.3    104.4 2023  2 19  6 32 11.650  3.1   1
     4127  26.920164  102.642969    14.338   -29476.6    -3180.1     8344.8    278.5    485.5    357.6 2023  2 19 17 14  2.520  2.8   1
     4128  27.207790  102.961247     0.764     2129.7    28689.6    -5229.0     36.9     73.9    141.8 2023  2 19 19 13 18.680  0.8   1
     4134  27.190751  103.123560     9.513    18230.4    26801.7     3520.3    131.2    199.9    145.8 2023  2 19 21 32 17.360  3.1   1
     4135  26.950403  102.872046     4.363    -6725.5      170.4    -1630.3    292.9    360.2    334.9 2023  2 19 21 46 38.960  1.5   1
     4145  27.190202  102.961507     5.761     2155.4    26740.8     -232.2     82.2     60.0     71.7 2023  2 20  2 42 49.690  2.0   1
     4191  27.124223  102.842741    14.535    -9628.5    19430.2     8541.7    252.1    173.9    152.1 2023  2 21 10 20 53.620  4.4   1
     4208  27.102102  102.867725    14.561    -7150.1    16979.1     8568.0    354.5    207.6    234.0 2023  2 21 17 57 10.720  4.4   1
     4224  26.915245  102.910775     6.816    -2880.6    -3725.1      822.5    192.1    131.7    100.3 2023  2 21 23 18 40.080  4.2   1
     4226  27.123497  102.855233     7.057    -8388.9    19349.8     1064.4    264.1    184.4    225.1 2023  2 21 23 53 52.720  4.6   1
     4231  26.606329  103.015837     3.872     7563.5   -37953.9    -2121.5    334.7    289.5    334.7 2023  2 22  4 44 59.660  2.3   1
     4249  27.232829  102.893449     2.148    -4595.1    31463.9    -3845.4    227.9    177.9    257.0 2023  2 22 13 53 29.500  2.2   1
     4255  27.120441  102.878198    14.215    -6110.0    19011.1     8222.3    205.2    108.1    120.7 2023  2 22 15 42 47.490  5.8   1
     4257  27.118085  102.848332     8.647    -9073.9    18750.1     2653.6    184.0    122.5    192.3 2023  2 22 16 22 50.940  3.6   1
     4273  27.212805  102.807780    10.976   -13092.5    29245.4     4982.5    131.1    180.8    169.1 2023  2 22 23 31 42.920  3.7   1
     4282  26.546114  103.018229     3.718     7803.9   -44625.9    -2275.0     62.5     51.6     62.4 2023  2 23  7  6 45.310  2.5   1
     4289  26.812797  102.906527    10.680    -3303.8   -15076.6     4687.4      1.0      0.6      0.5 2023  2 23 11 33 42.170  3.2   1
     4311  27.216250  102.783724     6.604   -15477.6    29626.9      611.1     76.1     76.3    128.2 2023  2 24  1 42  1.350  3.7   1
     4315  26.968278  102.892350     8.989    -4709.5     2151.1     2995.6    206.1    126.3    222.9 2023  2 24  5 13 31.620  3.6   1
     4322  26.562541  103.067204     2.771    12674.3   -42805.7    -3221.7      5.3      3.4      3.4 2023  2 24 12 38 47.950  3.1   1
     4349  27.209273  102.804858    11.050   -13382.5    28853.9     5056.8    133.6    146.8    155.6 2023  2 25  5 47 20.360  3.6   1
     4354  27.178648  102.814022     8.416   -12474.7    25460.7     2422.9     96.2    149.8    183.9 2023  2 25  8 59 17.600  2.5   1
     4359  26.916518  102.926367     6.573    -1332.1    -3584.0      580.2    222.9    160.5    210.0 2023  2 25 10  3 21.110  2.7   1
     4367  27.216671  102.782690    12.454   -15580.5    29673.5     6460.7    164.6    225.4     97.7 2023  2 25 12  5 31.040  3.5   1
     4374  27.223499  102.769149     4.298   -16922.7    30430.1    -1695.3     89.7    114.7    171.3 2023  2 25 13  4  1.670  3.5   1
     4379  26.816848  103.041089    29.485    10066.1   -14627.9    23492.1    327.5    268.1    198.1 2023  2 25 14 34  6.980  3.2   1
     4386  26.853786  102.952254     9.752     1239.0   -10534.9     3759.0    129.4    113.9    185.6 2023  2 25 17 28  3.480  3.4   1
     4419  27.215666  102.797575    12.244   -14104.0    29562.2     6250.7    108.2     83.6    126.5 2023  2 26  2 50 36.150  4.6   1
     4422  27.216978  102.800985    12.002   -13765.7    29707.6     6009.2    131.0     73.4    119.0 2023  2 26  3 56 46.530  4.0   1
     4445  26.848405  102.968091     7.965     2812.8   -11131.3     1971.5    128.8    100.3    180.7 2023  2 26 16 17  1.720  2.8   1
     4464  26.919468  102.923901     7.936    -1576.9    -3257.3     1943.4    138.3    124.6    125.4 2023  2 27  1 33 45.570  4.1   1
     4471  26.862233  102.951758    13.606     1189.6    -9599.0     7613.0    180.9    236.6    145.4 2023  2 27  5 56 53.330  3.4   1
     4472  27.069604  102.853719     5.802    -8540.9    13378.3     -190.6     77.5    113.4    156.3 2023  2 27  6  6 59.560  2.5   1
     4476  27.018589  102.803158     9.767   -13562.0     7725.8     3773.6      0.0      0.0      0.0 2023  2 27 10 16 56.540  3.3   1
     4478  27.136572  102.849219    10.249    -8984.8    20798.4     4255.8    108.5     87.6    147.5 2023  2 27 11 59 33.760  4.3   1
     4491  26.826768  102.968644    10.168     2868.1   -13528.5     4175.0    125.4     95.7    143.5 2023  2 27 20 25 38.820  3.6   1
     4508  26.980678  102.915063     3.900    -2453.8     3525.1    -2093.1    441.5    284.2    508.2 2023  2 28  9 41 52.130  2.7   1
     4517  26.871177  102.916227    14.621    -2339.6    -8607.9     8628.3    224.4    147.4    136.4 2023  2 28 15 11  5.610  3.4   1
     4526  26.756793  103.010490     9.997     7027.3   -21281.9     4004.5     16.0     14.2     16.2 2023  2 28 18 42 34.080  2.2   1
     4530  26.622080  103.013778    12.493     7358.8   -36208.5     6500.3    199.3    115.9    154.6 2023  2 28 21 42 45.880  3.9   1
     4540  26.910201  102.792074    10.406   -14669.8    -4284.0     4413.1     81.2     98.6     87.0 2023  3  1  5 57 41.830  3.5   1
     4544  27.082937  102.764958    28.164   -17349.7    14855.5    22170.5     25.7     29.0     19.1 2023  3  1 10 14  7.510  3.8   1
     4549  26.844773  102.974976     7.706     3496.4   -11533.6     1713.4    207.0    257.7    258.0 2023  3  1 11 36  8.330  4.1   1
     4551  26.859939  102.945166    11.689      535.2    -9853.3     5695.9    145.2    130.8    117.2 2023  3  1 11 57 26.400  3.6   1
     4560  26.839223  102.970353     6.540     3037.8   -12148.7      547.3    154.3    157.3    229.4 2023  3  1 16 21 48.300  2.7   1
     4563  27.212225  102.783732     4.532   -15477.2    29181.0    -1460.7     39.7     69.5    108.5 2023  3  1 18 54 27.200  3.0   1
     4565  26.849658  102.965080    12.830     2513.3   -10992.3     6836.8    159.2    113.7    112.9 2023  3  1 21 29 18.360  3.0   1
     4568  26.953796  102.801424     8.343   -13738.0      546.4     2349.8    181.8    199.5    215.6 2023  3  2  0 30 50.080  2.5   1
     4579  26.991046  102.765031    11.484   -17349.3     4673.9     5490.8     97.9    148.9     86.6 2023  3  2 11 35 43.970  2.1   1
     4588  26.929364  102.797843     5.045   -14095.5    -2160.8     -948.5    105.5    352.4    249.0 2023  3  2 15 53 24.000  2.5   1
     4591  27.006447  102.807853     6.445   -13096.5     6380.2      451.4    117.0    116.6    116.5 2023  3  2 16 50 48.560  4.2   1
     4596  26.859751  102.957080    13.955     1718.8    -9874.1     7962.2    156.1    160.9    100.5 2023  3  2 22 25 24.180  5.2   1
     4597  26.853723  103.020394     6.346     8008.4   -10542.0      353.2     69.5     69.0    114.7 2023  3  2 22 32 59.520  2.6   1
     4599  26.847241  102.973543     7.084     3354.7   -11260.2     1091.9    125.4    116.8    139.3 2023  3  2 22 48 55.160  3.7   1
     4601  26.839913  102.926709    14.313    -1298.3   -12072.3     8320.1    172.0    148.9    136.8 2023  3  3  1 24  8.360  3.3   1
     4615  26.825791  102.959139    11.410     1923.4   -13636.8     5417.3    136.0    100.5    123.2 2023  3  3 18 35 13.960  2.7   1
     4618  27.121189  102.797225     1.577   -14145.2    19093.9    -4415.7    106.6    114.0    305.9 2023  3  4  3  1  2.620  3.2   1
     4629  26.869082  102.932878    10.846     -685.5    -8840.3     4852.6    254.7    173.9    191.0 2023  3  4 14 18 51.790  2.9   1
     4641  27.187793  102.848193     8.953    -9084.7    26473.8     2959.9     89.1     78.5     98.5 2023  3  4 20 26 14.320  3.4   1
     4645  27.214144  102.784082     5.041   -15442.5    29393.6     -952.1     40.1     69.1    134.6 2023  3  4 22 23 24.320  2.7   1
     4646  27.113460  102.854785     8.521    -8434.0    18237.6     2528.0    185.5    117.0    139.7 2023  3  4 22 34 25.720  3.0   1
     4647  27.214482  102.813550    12.465   -12520.2    29431.0     6472.2    212.5    187.5    110.3 2023  3  4 22 58 19.380  3.1   1
     4648  27.132251  102.796948     9.954   -14171.4    20319.7     3961.0     95.3     46.0    139.6 2023  3  5  0  8  8.700  3.6   1
     4651  26.850899  102.966227     7.359     2627.2   -10854.9     1366.2    127.4    121.6    161.6 2023  3  5  8 40 14.220  2.9   1
     4659  26.856917  102.951416    11.507     1156.1   -10188.0     5513.6    117.3    127.2     98.2 2023  3  5 15 55  1.790  3.5   1
     4673  26.862343  102.955664    12.277     1578.3    -9586.9     6284.0    105.8    101.3     76.0 2023  3  6  3 24 59.860  3.1   1
     4682  27.130288  102.856746    10.098    -8238.9    20102.1     4104.8    198.7    113.1    135.5 2023  3  6  7 43  0.390  2.5   1
     4685  27.124597  102.864071     9.853    -7512.1    19471.6     3860.4    223.0    123.3    147.2 2023  3  6 11 41 37.020  4.0   1
     4690  27.213479  102.961198     1.453     2124.2    29319.9    -4540.2     27.5     41.5     66.9 2023  3  6 17 43 18.820  1.0   1
     4693  27.060594  102.858195     5.489    -8096.9    12379.9     -504.3    238.7    149.2    319.7 2023  3  6 18 33 21.060  3.4   1
     4699  26.845207  102.952954    13.522     1308.7   -11485.7     7528.6    152.5    119.4    160.4 2023  3  6 20 48 46.520  6.1   1
     4702  26.840365  102.988200     8.274     4810.7   -12022.0     2281.3    154.5    143.3    187.7 2023  3  6 21  4 33.560  2.8   1
     4709  26.834971  102.993701    10.735     5357.4   -12619.7     4741.9    216.8    137.2    224.2 2023  3  6 21 58  3.300  3.2   1
     4710  26.858307  102.939697    10.749       -7.8   -10034.0     4756.0    138.4    137.5    160.1 2023  3  6 22 22 54.720  3.4   1
     4713  26.800911  102.991170    13.716     5106.6   -16393.7     7722.6    261.2    263.1    235.1 2023  3  6 23 10 34.880  3.3   1
     4714  26.841095  102.973275     6.339     3327.9   -11941.2      345.6    242.7    219.5    474.5 2023  3  6 23 14 54.440  2.9   1
     4716  26.862858  102.955949    11.926     1606.2    -9529.7     5933.2     83.6     89.6     65.7 2023  3  6 23 32 30.960  2.8   1
     4718  26.840932  102.992293     7.177     5217.0   -11959.2     1183.7    164.4    185.4    237.4 2023  3  6 23 47  1.200  2.9   1
     4719  26.858712  102.967765    14.093     2780.1    -9989.3     8100.0    113.9    118.3    116.8 2023  3  6 23 51 24.000  3.8   1
     4727  26.854183  102.967399    11.795     2743.5   -10491.0     5802.4    143.2    127.1    118.6 2023  3  7  1 31 58.920  3.6   1
     4728  26.845821  102.956746    11.212     1685.7   -11417.6     5219.2    147.2    120.6    186.5 2023  3  7  2 24 32.150  4.1   1
     4730  26.849054  102.943905     7.542      410.1   -11059.3     1548.6    176.4    148.3    170.8 2023  3  7  3 21 32.720  3.4   1
     4731  26.848726  102.985555    13.313     4547.9   -11095.6     7320.3    142.6    146.4    153.6 2023  3  7  3 41 30.630  4.1   1
     4734  26.865796  102.925716    10.676    -1396.8    -9204.2     4683.3    186.6    165.7    142.5 2023  3  7  4 37  7.440  3.5   1
     4738  27.044739  102.770369    13.596   -16815.1    10623.0     7602.8    157.1    141.6    161.2 2023  3  7  5 32 22.230  4.8   1
     4739  26.857953  102.975871     9.828     3585.3   -10073.2     3834.8    142.7    157.9    201.6 2023  3  7  5 48 34.360  3.6   1
     4741  26.855339  102.968270    13.654     2830.5   -10363.0     7661.4    137.0    127.4     82.0 2023  3  7  7  3 58.910  4.4   1
     4744  26.856486  102.942879    13.174      307.8   -10235.7     7180.7    175.2    152.9    130.1 2023  3  7  8 29 47.790  3.6   1
     4745  26.849475  102.957943     7.326     1804.4   -11012.6     1333.2    144.1    137.6    130.8 2023  3  7  9  0 10.610  3.3   1
     4753  26.846637  102.943400    13.968      360.2   -11327.2     7974.9    115.9    102.0     95.1 2023  3  7 14  7 58.450  3.7   1
     4754  26.856706  102.921419    10.813    -1824.1   -10211.4     4820.1    260.8    163.6    159.8 2023  3  7 14 12 42.270  4.2   1
     4755  26.854038  102.940731    11.087       94.2   -10507.0     5094.1    122.0    118.8    120.2 2023  3  7 14 38 37.150  4.4   1
     4756  26.841193  102.972811    13.215     3281.9   -11930.4     7221.7    172.9    198.0    105.1 2023  3  7 14 40 28.990  5.1   1
     4759  26.840780  102.970182    11.505     3020.9   -11976.0     5511.7    100.9     71.9    117.0 2023  3  7 15 16 58.030  4.7   1
     4764  26.853109  102.979606    11.482     3956.9   -10609.9     5489.0     82.8     86.2     82.5 2023  3  7 19  1 47.760  3.4   1
     4765  26.856411  102.967594    10.826     2763.0   -10244.1     4832.6    127.5    129.6     72.0 2023  3  7 19 34 57.800  3.5   1
     4769  26.850596  102.967098    15.317     2714.1   -10888.5     9324.2    155.3    105.7    155.6 2023  3  7 21 13 56.800  4.2   1
     4770  26.845890  102.983130    10.432     4306.5   -11409.8     4438.7    119.3    129.5     88.6 2023  3  7 21 21 38.080  4.7   1
     4771  26.854478  102.968392     6.978     2842.3   -10458.4      984.7    161.2     99.1    175.1 2023  3  7 21 31 15.840  3.3   1
     4773  26.856325  102.969507     7.348     2953.3   -10253.7     1354.5    124.8    134.5    157.6 2023  3  7 21 37  4.420  3.1   1
     4774  26.851768  102.963428    16.097     2349.5   -10758.6    10104.0    171.6    124.7    146.5 2023  3  7 21 44 29.740  4.6   1
     4775  26.856451  102.941252    10.852      146.0   -10239.7     4859.0    131.0     98.7    125.4 2023  3  7 21 58 11.320  3.5   1
     4776  26.844393  102.942627     7.069      282.7   -11575.8     1075.6    220.6    196.3    290.2 2023  3  7 22 12 13.060  3.0   1
     4777  26.868429  102.938525    11.226     -124.3    -8912.7     5233.3    121.8     99.7     91.4 2023  3  7 22 18  8.440  2.5   1
     4778  26.854329  102.934863     9.677     -488.7   -10474.7     3683.6    328.2    273.4    212.3 2023  3  7 22 33 19.200  3.1   1
     4784  26.851953  102.986629    12.401     4654.1   -10738.1     6407.6    168.7    167.8    181.5 2023  3  7 23 35 24.520  3.5   1
     4788  26.854755  102.976001    14.098     3598.3   -10427.7     8105.1    364.8    317.6    318.9 2023  3  8  0 27 48.520  3.5   1
     4789  26.856366  102.936271    14.883     -348.5   -10249.1     8889.7    314.0    194.4    169.3 2023  3  8  0 57 17.160  4.1   1
     4790  26.837988  102.968799     8.837     2883.3   -12285.5     2844.2    105.6     92.2    132.7 2023  3  8  1  6 50.680  2.6   1
     4791  26.850323  102.976717    11.942     3669.5   -10918.5     5948.9    180.6    213.8    130.5 2023  3  8  3  2 53.700  3.9   1
     4792  26.839673  102.941886     7.611      209.3   -12098.6     1618.4     88.9     63.5    116.0 2023  3  8  3 38 24.440  3.5   1
     4796  26.850366  102.986556    10.577     4647.3   -10913.8     4584.1    120.3    125.2    103.6 2023  3  8  4 57 33.230  3.8   1
     4797  26.848665  102.949707    11.878      986.7   -11102.3     5884.9    183.0    164.3    107.2 2023  3  8  5 35 57.320  3.5   1
     4800  26.864653  102.960840    12.788     2092.0    -9331.0     6795.1    198.9    181.0    140.8 2023  3  8  8 34 31.720  2.9   1
     4804  26.860699  102.968774    13.883     2880.4    -9768.9     7889.5    154.3    171.5     66.4 2023  3  8 10 57 26.430  3.6   1
     4807  26.853593  102.987305    11.581     4721.0   -10556.4     5587.9    162.8    171.0    178.1 2023  3  8 11 16  2.730  4.7   1
     4808  26.843227  102.998942    11.664     5877.9   -11705.0     5671.2    281.3    388.4    174.1 2023  3  8 11 32  1.250  4.6   1
     4811  26.848712  102.980949    13.934     4090.3   -11097.2     7941.0    176.8    175.5    133.5 2023  3  8 12 16  0.270  3.5   1
     4812  27.120072  102.877319    12.567    -6197.7    18970.4     6573.9    206.8    106.4    125.9 2023  3  8 12 28 57.760  4.6   1
     4815  26.851158  102.927865     9.297    -1183.8   -10826.3     3304.4    225.3    139.4    197.5 2023  3  8 13 18 43.040  4.4   1
     4817  26.856858  102.976595     8.308     3657.2   -10194.6     2315.4    128.0    127.6    162.2 2023  3  8 14 11 31.600  3.5   1
     4819  26.866258  102.930070    13.623     -964.3    -9153.1     7629.5    266.2    168.0    169.2 2023  3  8 14 20 24.160  3.3   1
     4826  26.858466  102.999959    12.181     5978.1   -10016.4     6188.4    199.7    251.3    220.4 2023  3  8 16 15 45.670  3.2   1
     4829  27.128599  102.839079    10.532    -9991.4    19914.9     4539.3    116.1     91.5    113.8 2023  3  8 16 47  0.080  4.2   1
     4831  26.850448  102.932910     8.268     -682.5   -10904.9     2274.8    197.4    131.6    211.5 2023  3  8 17 18 39.800  3.2   1
     4837  26.859182  102.956453    14.452     1656.8    -9937.1     8458.6    290.5    216.6    208.5 2023  3  8 17 50 50.880  4.7   1
     4842  26.838505  102.956055     7.976     1617.3   -12228.2     1983.4     69.5     69.2     90.8 2023  3  8 18 28  0.140  3.5   1
     4844  26.853843  102.938273    14.305     -149.4   -10528.7     8312.4    109.5    104.7     88.6 2023  3  8 18 45 27.760  2.8   1
     4845  26.829942  102.956120     5.533     1623.3   -13177.0     -460.1    130.3    126.7    279.5 2023  3  8 18 49 30.880  3.0   1
     4847  26.844946  102.975732     7.442     3571.9   -11514.3     1449.3    100.3     91.3    161.2 2023  3  8 18 57 27.600  2.7   1
     4849  26.962044  102.810750     7.669   -12811.7     1460.2     1676.0    182.3    181.2    278.9 2023  3  8 19  8 18.620  2.2   1
     4851  26.848653  102.935710     8.031     -404.2   -11103.8     2037.7    200.0    167.5    251.4 2023  3  8 19 33  5.040  3.0   1
     4861  26.841034  102.959066     6.847     1916.2   -11947.8      853.6    186.4    155.7    139.4 2023  3  8 21  9 17.160  3.3   1
     4863  26.851622  102.949146    10.084      930.1   -10774.7     4091.4    110.1     75.9    139.7 2023  3  8 22  6  3.880  2.9   1
     4866  26.830471  102.979240     6.638     3920.7   -13118.4      645.4    334.5    261.1    424.2 2023  3  8 22 33 58.560  2.5   1
     4867  26.852352  102.980192    14.233     4015.1   -10693.8     8240.4    185.0    217.6    143.6 2023  3  8 22 37 23.320  5.3   1
     4869  26.844179  102.973258     9.132     3325.8   -11599.4     3139.0     98.3     77.2    117.3 2023  3  8 22 47 56.720  3.4   1
     4870  26.848285  102.957316    11.087     1742.4   -11144.5     5093.5    190.3    131.9    134.1 2023  3  8 22 53 20.080  4.4   1
     4871  26.860384  102.958740    11.172     1883.5    -9803.9     5179.0    187.9    197.8    128.9 2023  3  8 23  1 14.240  4.4   1
     4873  26.851208  102.962777     8.924     2284.7   -10820.5     2931.4    254.5    172.7    239.9 2023  3  8 23 12 30.480  3.6   1
     4874  26.852686  103.023096     7.377     8277.1   -10657.0     1383.5     70.8     71.0    133.9 2023  3  8 23 13 55.680  3.0   1
     4875  26.849609  102.945898     9.617      607.8   -10997.7     3623.5    131.5     95.4    155.6 2023  3  8 23 18 10.680  3.7   1
     4876  26.847691  102.928727    11.130    -1097.8   -11210.4     5136.9    114.3     92.0     93.0 2023  3  8 23 31 30.160  3.5   1
     4878  26.858203  102.994336    15.003     5420.1   -10045.5     9009.8    150.5    145.1    130.7 2023  3  8 23 45 23.320  3.4   1
     4879  26.839998  102.935010    10.912     -474.0   -12062.6     4918.6    156.7    128.2    119.0 2023  3  8 23 46 48.580  3.6   1
     4881  26.860411  102.938688     8.141     -108.2    -9801.0     2148.0     81.5    104.4     89.3 2023  3  9  0  8 16.170  3.0   1
     4882  26.841947  102.995719     9.882     5557.8   -11846.6     3888.9     84.4    104.2    117.1 2023  3  9  0 11 33.010  3.5   1
     4883  26.850417  102.934635    11.242     -511.1   -10908.3     5249.3    191.4    100.6    120.0 2023  3  9  0 20 14.340  4.0   1
     4884  26.864514  102.961100    17.687     2118.0    -9346.3    11693.6    245.6    167.6    157.8 2023  3  9  0 23 50.010  4.0   1
     4886  26.888391  102.784285    17.102   -15444.3    -6700.6    11109.0      0.0      0.0      0.0 2023  3  9  0 34 17.400  2.9   1
     4888  27.194234  103.122347    11.394    18109.8    27187.6     5400.9    136.3    209.5     88.3 2023  3  9  1  1 20.590  3.9   1
     4890  26.850694  102.925675    12.073    -1401.3   -10877.6     6079.5    183.5    175.0     98.7 2023  3  9  1 40 14.960  3.8   1
     4893  26.855648  102.961532    10.302     2161.1   -10328.7     4308.7    164.0    134.2    136.8 2023  3  9  5 13 22.700  5.9   1
     4894  26.857892  102.989095    14.049     4898.8   -10080.1     8056.3    148.7    120.4    120.4 2023  3  9  5 38 48.930  3.3   1
     4897  26.880408  102.889795    10.880    -4964.7    -7585.3     4886.5    165.4    149.6     95.5 2023  3  9  6 15  2.590  3.8   1
     4898  26.862874  102.971517     8.878     3153.2    -9527.9     2884.8    176.9    148.9    178.2 2023  3  9  6 15 57.280  3.5   1
     4900  26.855021  102.974194    10.468     3418.9   -10398.1     4475.3    136.0    123.6    148.7 2023  3  9  6 32  3.540  4.3   1
     4902  26.857284  102.968636    10.843     2866.7   -10147.4     4850.3    116.4    124.9     92.9 2023  3  9  6 45 48.880  4.0   1
     4903  26.862767  102.949023    11.764      918.4    -9539.8     5770.5    184.3    151.3    115.4 2023  3  9  6 46 51.560  3.8   1
     4905  26.844200  102.955518     4.774     1563.8   -11597.1    -1219.5     63.2     65.7     90.8 2023  3  9  7  8 25.460  3.1   1
     4909  26.866683  102.946867    14.753      704.0    -9106.0     8759.8    331.3    214.6    248.8 2023  3  9  7 34 40.850  4.3   1
     4910  26.862939  102.959448    11.588     1954.2    -9520.8     5595.1     89.8     90.1     98.6 2023  3  9  7 45 49.050  3.3   1
     4911  26.858698  102.981836    10.373     4178.3    -9990.8     4379.7     90.6     94.2     88.1 2023  3  9  7 50 26.180  3.9   1
     4912  26.842072  102.976774    11.613     3675.1   -11833.0     5620.1    128.4     88.8    111.3 2023  3  9  8  5  8.630  4.8   1
     4914  26.850210  102.943872     6.701      406.5   -10931.2      708.0    173.3    134.2    163.0 2023  3  9  8 52 12.370  3.2   1
     4916  26.854124  102.979785    11.212     3974.1   -10497.5     5218.4    131.7    138.3     82.3 2023  3  9  9  0 32.420  4.1   1
     4917  26.850427  102.975586     7.693     3557.3   -10907.2     1700.0     99.5     90.2    146.6 2023  3  9  9  4 21.020  3.5   1
     4918  26.855263  102.931160    10.491     -855.7   -10371.3     4498.2    174.9    192.0    148.1 2023  3  9  9 17 12.240  4.3   1
     4926  27.118390  102.843587    10.810    -9544.9    18783.9     4816.9    270.4    139.0    244.7 2023  3  9 10 41  7.130  4.5   1
     4928  26.846330  102.958382     5.207     1848.5   -11361.2     -785.7    252.3    233.5    305.1 2023  3  9 10 55  9.960  2.9   1
     4929  26.866353  102.962939    13.342     2300.4    -9142.6     7349.2    146.9    166.7    123.0 2023  3  9 11 29 18.650  3.4   1
     4930  26.859493  102.989827    10.050     4971.5    -9902.7     4056.5    101.5    133.2    103.5 2023  3  9 11 30 47.930  3.3   1
     4948  26.841406  102.990942    11.209     5083.1   -11906.7     5216.4     98.6    116.4    132.4 2023  3  9 14 21 16.690  3.2   1
     4952  26.840472  102.988802     7.987     4870.4   -12010.2     1994.3    179.0    215.7    356.6 2023  3  9 16 32  5.440  4.1   1
     4958  26.865867  102.862508     9.860    -7675.6    -9196.4     3866.7    119.1    115.2    176.0 2023  3  9 19  9 13.540  4.3   1
     4959  26.850710  102.916593    11.490    -2303.0   -10875.9     5497.0    206.3    180.3    143.1 2023  3  9 19 16 19.620  2.8   1
     4963  26.852126  102.945085    11.354      526.7   -10718.9     5360.7    136.6    115.8     84.9 2023  3  9 20 12 33.500  2.8   1
     4966  26.857021  102.941732    13.868      194.1   -10176.4     7875.0    109.6    113.0     66.7 2023  3  9 20 28 34.180  3.9   1
     4968  26.853475  102.940055    13.948       27.6   -10569.4     7955.0    191.9    131.8    233.1 2023  3  9 20 45 26.880  3.4   1
     4969  26.850517  102.948511    10.935      867.2   -10897.3     4942.3     99.1     75.9    126.5 2023  3  9 20 49 10.180  3.5   1
     4971  26.841237  102.971313     6.826     3133.0   -11925.5      832.6    335.0    262.3    412.4 2023  3  9 20 56  0.000  2.7   1
     4972  26.855979  102.937785    13.946     -198.3   -10292.0     7952.5    308.1    366.5    225.4 2023  3  9 20 59 26.520  3.3   1
     4974  26.865948  102.962581    13.429     2264.9    -9187.4     7435.9    215.3    245.0    139.2 2023  3  9 21  6 49.720  5.2   1
     4975  26.870839  102.943368    16.241      356.6    -8645.4    10247.7    273.3    185.5    214.9 2023  3  9 21 12 28.800  3.3   1
     4977  26.889766  102.869295     7.272    -7000.6    -6548.1     1278.6     75.5     59.2     74.3 2023  3  9 21 21 14.400  2.6   1
     4978  26.840263  102.973429    12.125     3343.2   -12033.3     6131.5    298.8    282.1    260.7 2023  3  9 21 23 53.800  3.0   1
     4981  26.855011  102.948853    11.442      901.6   -10399.2     5449.1    151.1    108.5    117.9 2023  3  9 21 36  5.360  3.9   1
     4982  26.855589  102.943001    15.974      320.0   -10335.2     9980.8    400.8    266.9    342.7 2023  3  9 21 40 47.760  3.0   1
     4984  26.844206  102.996387    10.247     5623.8   -11596.6     4254.0    204.4    237.1    153.3 2023  3  9 21 46 59.720  2.8   1
     4988  26.879199  102.896761    13.053    -4272.8    -7719.1     7059.8     97.4    105.8     50.4 2023  3  9 22 21 41.340  2.9   1
     4992  26.851762  102.974552    10.894     3454.8   -10759.3     4901.2     88.1     91.6     76.1 2023  3  9 22 48 34.400  3.8   1
     4993  26.918833  102.854020     9.565    -8517.3    -3327.6     3571.9    383.8    287.3    240.3 2023  3  9 23 12 44.980  3.2   1
     4997  26.864514  102.949878    13.065     1003.0    -9346.3     7072.1    122.7    103.6    101.8 2023  3 10  0 20 44.950  5.5   1
     4999  26.852128  102.946777    11.811      695.1   -10718.7     5817.8    140.1    114.5    136.7 2023  3 10  0 50 10.610  4.2   1
     5000  26.854875  102.978866    15.762     3883.3   -10414.4     9768.6    160.1    127.1    160.2 2023  3 10  1 32 17.130  4.6   1
     5001  26.859644  102.962842    12.246     2290.8    -9885.8     6252.8    116.2    121.1     90.0 2023  3 10  1 58 31.600  2.6   1
     5004  26.866752  102.905721     9.111    -3382.9    -9098.3     3118.2    108.6     74.8     95.8 2023  3 10  2 51 15.710  3.4   1
     5005  26.941119  102.828271     8.886   -11072.8     -858.1     2892.8     81.7     84.8     82.0 2023  3 10  2 53 24.800  3.2   1
     5007  26.842452  102.971216     9.216     3122.9   -11790.7     3222.7    103.3     93.3    127.9 2023  3 10  3 17 29.440  3.0   1
     5009  26.847957  103.015698    14.403     7542.3   -11180.9     8410.3    161.1     41.5    112.3 2023  3 10  3 28 22.810  3.7   1
     5010  26.842460  102.939754     9.715       -2.7   -11789.9     3721.7    164.0    152.0    180.5 2023  3 10  3 57 59.450  3.5   1
     5011  26.867147  102.933716    11.480     -602.4    -9054.6     5486.8    147.4    142.3    126.5 2023  3 10  5 39 33.770  2.9   1
     5014  26.866685  102.951587    11.819     1172.7    -9105.7     5826.4     75.9     77.4     61.1 2023  3 10  6 35 52.600  3.3   1
     5015  26.967373  102.793750     6.849   -14499.3     2050.7      855.8    202.3    209.7    265.3 2023  3 10  6 36 58.260  2.9   1
     5021  26.860319  102.916553     9.342    -2307.4    -9811.1     3348.6    176.6    137.7    182.5 2023  3 10 10 18  2.270  2.9   1
     5022  26.844208  102.991203    10.255     5108.4   -11596.2     4261.9     93.9     80.3     92.0 2023  3 10 11 21 23.550  3.4   1
     5023  26.851438  102.961418    13.539     2149.4   -10795.2     7546.2    210.1    213.0    145.9 2023  3 10 12 19 19.430  3.5   1
     5024  26.832125  102.988436    12.940     4833.9   -12935.2     6946.8     66.2     96.1    108.9 2023  3 10 13 19 22.060  4.1   1
     5030  26.869853  102.926758    10.685    -1293.5    -8754.8     4691.6    183.6    168.2    133.2 2023  3 10 14 54 40.440  2.6   1
     5032  26.842086  102.933927    14.592     -581.2   -11831.3     8599.1    266.5    177.7    123.3 2023  3 10 16 13 27.840  3.8   1
     5036  27.034434  102.889754    11.468    -4965.3     9481.3     5474.9    216.6    132.6    140.4 2023  3 10 18  8  4.040  4.8   1
     5041  27.026449  102.901994    11.969    -3750.5     8596.4     5975.4    210.8    127.6    108.4 2023  3 10 18 52 49.780  3.7   1
     5043  27.038057  102.910067     9.729    -2949.5     9882.8     3735.8    312.6    215.2    208.4 2023  3 10 18 57 22.840  3.7   1
     5044  27.019627  102.889543    11.073    -4987.3     7840.7     5079.5    295.5    206.9    137.3 2023  3 10 19  2 23.560  3.3   1
     5045  27.028424  102.897729     9.817    -4174.2     8815.3     3823.5    119.6     75.5     70.1 2023  3 10 19  5 56.440  3.2   1
     5048  27.014168  102.896322    11.931    -4314.1     7235.8     5938.2    318.4    123.9     85.6 2023  3 10 19 23 42.860  2.3   1
     5049  26.866980  102.939982    10.608       20.5    -9073.1     4614.7    151.1    117.5    105.1 2023  3 10 19 42 54.160  3.0   1
     5052  27.025500  102.905135     9.497    -3439.3     8491.3     3504.4    156.9    105.0     92.0 2023  3 10 19 55 36.560  3.2   1
     5054  26.851662  102.971289     6.862     3129.9   -10770.2      868.6    141.9    112.1    191.5 2023  3 10 20 14 21.840  3.4   1
     5055  27.027647  102.889119    10.118    -5028.7     8729.2     4125.3    171.7    136.7    100.7 2023  3 10 20 25 37.900  3.9   1
     5061  26.856856  102.960946     8.636     2103.0   -10194.9     2642.8    174.9    157.3    207.7 2023  3 10 21  1 11.540  3.5   1
     5064  26.848637  102.969922     5.805     2994.8   -11105.4     -187.6    158.9    176.0    313.4 2023  3 10 21 25  8.900  3.2   1
     5065  26.845542  102.939746     8.959       -3.2   -11448.4     2966.0    181.7    143.3    212.4 2023  3 10 21 37 59.520  3.1   1
     5070  26.853992  102.968734     8.520     2876.7   -10512.1     2526.9    136.5    115.5    164.3 2023  3 10 22 15  6.200  3.0   1
     5071  27.116217  102.860010    13.458    -7914.9    18543.0     7464.7    186.6    178.1    153.2 2023  3 10 22 20 47.880  3.5   1
     5072  26.866917  102.940991    12.859      120.2    -9080.1     6865.9    111.7    118.9     85.6 2023  3 10 22 47  7.080  2.2   1
     5079  26.858242  102.946916     6.930      708.6   -10041.3      937.1    129.5     99.5    166.2 2023  3 10 23 16  8.140  3.5   1
     5080  26.862048  102.972160     8.473     3216.8    -9619.4     2479.7    181.4    157.5    183.9 2023  3 10 23 23 55.640  3.3   1
     5083  27.108358  102.830908     9.780   -10802.9    17672.2     3786.6     55.4     56.0     58.0 2023  3 11  0  8 26.740  3.5   1
     5087  26.849105  102.960734    12.133     2081.6   -11053.7     6140.3    228.3    171.2    216.3 2023  3 11 13  1 44.270  3.3   1
     5091  26.918085  102.791846    10.586   -14692.0    -3410.4     4593.0     80.7    103.8     85.4 2023  3 11 14 29 21.430  2.3   1
     5092  27.101156  102.822559     9.345   -11631.9    16874.3     3351.7    137.6     78.4    118.4 2023  3 11 14 41 36.040  2.8   1
     5106  26.875570  102.872900     7.778    -6642.9    -8121.2     1785.3     78.7     59.6     75.4 2023  3 11 21  1 59.360  2.7   1
     5108  26.852456  103.013045    16.666     7278.4   -10682.3    10673.2    289.5    205.2    333.1 2023  3 11 21 12 16.400  3.5   1
     5115  27.159989  103.119604    12.400    17839.9    23393.2     6406.7     81.8     67.2    130.4 2023  3 11 23 30 29.120  4.9   1
     5121  26.840780  102.935099    12.858     -465.1   -11976.2     6865.4    174.2    121.3    187.0 2023  3 12  1 19  0.220  4.1   1
     5132  26.844946  102.960791     9.254     2087.6   -11514.4     3261.2    210.6    130.4    227.6 2023  3 12  8 12 14.250  3.6   1
     5136  27.117234  102.794092     2.516   -14455.8    18655.8    -3476.7    133.9    117.6    234.6 2023  3 12  9 45 22.730  4.0   1
     5148  26.875214  102.895622    14.556    -4386.4    -8160.8     8563.1    104.9    108.1     45.4 2023  3 12 15 10  5.380  3.3   1
     5152  26.862087  102.929118     8.899    -1059.4    -9615.2     2906.0    215.2    152.7    195.4 2023  3 12 16  1 19.410  2.5   1
     5157  26.879592  102.914803    15.085    -2481.1    -7675.7     9092.1    201.6    143.9    142.0 2023  3 12 19  9 25.120  3.2   1
     5158  27.000014  102.801481     5.066   -13729.5     5667.4     -926.7    120.9    189.1    134.1 2023  3 12 19 23 38.260  3.5   1
     5162  27.128178  102.842139     9.824    -9688.1    19868.3     3830.6    232.4    193.3    294.5 2023  3 12 20 30 52.180  2.9   1
     5165  26.946153  102.823584     8.062   -11538.1     -300.5     2069.0     78.8     82.7     90.2 2023  3 12 21 27  6.560  3.0   1
