        3  26.913664  102.834904    12.042   -10266.3    -4024.6     5905.1    334.4    414.2    299.6 2022  8 23 16 29 48.550  1.9   1
      444  27.025075  102.791121     8.814   -14607.1     8320.1     2677.9      6.0      7.6      3.9 2022  9 24  7 41 55.320  2.6   1
      672  26.822904  102.895199    10.756    -4279.8   -14080.9     4619.1      3.2      2.0      2.7 2022 10 10  3 35  1.940  3.7   1
      779  27.067694  102.753979     4.539   -18290.7    13042.4    -1597.3     14.8     22.2     19.3 2022 10 17 22 37 48.240  2.6   1
     1068  26.731840  103.090869     9.733    15167.3   -24171.1     3597.0     31.0     32.6     82.8 2022 12  4 21  3 17.040  1.6   1
     1104  26.870968  102.903060     9.637    -3497.6    -8755.5     3500.5     70.1     37.1     90.9 2023  1  1  1  2 48.170  2.7   1
     1113  26.618258  102.994002    12.412     5542.2   -36756.3     6275.8    330.5    294.6    287.7 2023  1  1  5 59 15.820  2.3   1
     1148  26.921352  102.898503     9.244    -3949.4    -3172.8     3107.2    328.5    250.0    214.8 2023  1  1 17  9 12.760  2.5   1
     1150  26.925547  102.916927     7.294    -2119.5    -2707.8     1157.3    128.4    107.4    116.4 2023  1  1 17 54 31.060  2.5   1
     1194  26.824408  102.942830    13.245      453.1   -13914.4     7108.2    135.4    108.5     94.8 2023  1  2 13 15 59.500  3.7   1
     1213  26.979930  102.897380     8.527    -4060.4     3317.8     2390.6    282.6    606.7    174.4 2023  1  2 20 38 12.040  2.4   1
     1214  26.981635  102.906543    20.229    -3150.4     3506.8    14092.4     31.9     46.2     58.4 2023  1  2 20 43 14.180  0.7   1
     1233  27.102020  102.981217     8.010     4261.4    16845.9     1873.4      6.3      3.4      6.6 2023  1  3  3 48 43.310  3.1   1
     1248  27.135120  102.834163    12.688   -10329.7    20513.4     6551.9    104.5    140.3     75.4 2023  1  3 10 35 16.200  2.6   1
     1350  26.851447  102.958244    14.409     1983.7   -10918.3     8272.9    139.7     93.8    135.9 2023  1  4 19 27 11.020  3.5   1
     1360  26.968949  102.929744     5.775     -846.8     2101.2     -361.1    103.5    109.0    105.4 2023  1  4 22 34  8.940  2.1   1
     1387  26.843837  102.958960     8.273     2055.5   -11761.5     2136.3    157.9    168.9    187.5 2023  1  5 13 36 43.040  3.8   1
     1395  26.924235  102.914282     7.146    -2382.8    -2853.2     1009.8    160.9     97.7    110.6 2023  1  5 16 58 37.710  3.2   1
     1406  26.975242  102.908813    19.774    -2924.9     2798.4    13637.1     21.4     33.9     67.8 2023  1  5 18 53 13.880  1.2   1
     1410  26.847443  102.948169     4.749      983.0   -11362.0    -1387.4     36.6     57.8     98.8 2023  1  5 19 19 20.860  2.6   1
     1411  26.922160  102.838175    10.787    -9940.8    -3083.2     4650.4    324.6    430.0    302.9 2023  1  5 19 20 31.660  2.4   1
     1412  26.851786  102.944800     4.422      648.2   -10880.8    -1714.3     30.9     49.2     90.5 2023  1  5 19 34 36.200  2.3   1
     1425  26.824477  102.954679    14.005     1629.8   -13906.7     7869.0    213.2    170.8    127.0 2023  1  5 21  4 48.560  3.5   1
     1428  26.832109  102.972111    16.780     3361.7   -13061.1    10643.8    110.2    115.8    108.6 2023  1  5 21 57 36.580  5.6   1
     1431  26.831514  102.947599    10.816      926.8   -13126.9     4680.0    128.7    110.3    130.7 2023  1  5 22  4  9.800  4.9   1
     1432  26.874626  102.857780    11.206    -7995.4    -8350.2     5069.7    404.6    471.5    318.8 2023  1  5 22  8 18.040  2.8   1
     1433  26.837618  102.946240    11.520      791.2   -12450.6     5383.1    179.1    206.3    203.0 2023  1  5 22 15 54.360  2.9   1
     1436  26.824040  102.952547    14.167     1417.9   -13955.2     8030.6    208.1    114.6    101.0 2023  1  5 22 21  5.480  5.6   1
     1440  26.830648  102.960514    13.684     2209.9   -13222.9     7547.7    105.7    112.9     75.9 2023  1  5 22 45 17.520  4.8   1
     1441  26.837929  102.963192    12.368     2475.9   -12416.2     6231.1    109.3     72.8     66.6 2023  1  5 22 47 20.320  3.1   1
     1444  26.836922  102.967041    16.020     2857.7   -12527.8     9883.5    180.6    178.0    106.8 2023  1  5 23  2 29.760  3.2   1
     1445  26.833659  102.963908    11.925     2546.9   -12889.4     5788.4     92.2     63.7    111.8 2023  1  5 23  5 44.480  4.0   1
     1446  26.841364  102.949137    16.707     1079.4   -12035.7    10570.4    435.4    257.2    292.4 2023  1  5 23 11 18.480  3.4   1
     1448  26.823334  102.962671    14.713     2423.8   -14033.3     8576.9    116.8    135.7     90.0 2023  1  5 23 27 57.080  5.4   1
     1461  26.836289  102.922420    11.444    -1575.2   -12597.8     5308.0    237.0    126.2    156.5 2023  1  6  2  9 13.140  3.6   1
     1465  26.827791  102.968620    17.144     3015.1   -13539.4    11007.3    184.9    195.2    157.2 2023  1  6  2 50 22.410  5.9   1
     1467  26.835256  102.963289    12.002     2485.0   -12712.3     5865.4     99.6     77.6     55.6 2023  1  6  2 57  1.020  3.8   1
     1469  26.837276  102.950090    12.558     1173.8   -12488.5     6421.9    179.9    184.2    121.2 2023  1  6  3  0 59.270  3.6   1
     1470  26.829148  102.950407    13.276     1205.7   -13389.0     7139.2    115.3     81.0     95.8 2023  1  6  3 25  4.030  3.7   1
     1479  26.833783  102.960864    14.284     2244.2   -12875.5     8147.4     82.9     92.2     80.5 2023  1  6  4 27 46.330  3.9   1
     1480  26.830961  102.975448    13.499     3693.4   -13188.2     7362.8    139.2    155.5    116.4 2023  1  6  4 51 23.310  3.7   1
     1489  26.814111  102.962695    12.362     2426.4   -15055.2     6225.4    184.8    199.0    152.7 2023  1  6  6  5 52.330  3.0   1
     1490  26.835765  102.962980    13.496     2454.4   -12656.0     7359.7    192.1    168.9    116.9 2023  1  6  6  8 33.500  3.0   1
     1496  26.835486  102.960132    13.927     2171.4   -12687.0     7790.3     84.7     86.6     76.6 2023  1  6  7 51  6.930  4.0   1
     1509  26.835608  102.980094    17.179     4155.2   -12673.3    11042.4    168.4    191.5    126.4 2023  1  6 11  5  1.410  3.2   1
     1510  26.970280  102.912435     8.311    -2565.4     2248.7     2174.1    214.2    228.4    156.9 2023  1  6 11 15 40.300  5.4   1
     1511  26.837990  102.957414    14.141     1901.2   -12409.3     8004.5    127.2    100.7    112.5 2023  1  6 11 24 59.760  3.7   1
     1520  26.837048  102.950562    14.033     1220.6   -12513.7     7896.3    179.5    165.7    151.9 2023  1  6 14 37 17.560  3.7   1
     1530  26.834713  102.936930    10.381     -133.4   -12772.7     4244.3    196.9    136.4    179.4 2023  1  6 16 14 42.600  2.7   1
     1551  26.824681  102.952083    13.279     1372.2   -13884.2     7142.6    133.8     80.2     99.4 2023  1  6 20 36  5.420  3.7   1
     1558  26.829187  102.962443    13.338     2401.6   -13384.8     7201.5    122.4    143.7     71.5 2023  1  6 21 38 29.200  4.3   1
     1573  27.093427  102.979997     8.048     4140.7    15893.6     1911.6      6.3      3.4      7.0 2023  1  7  0 47 17.390  3.2   1
     1584  26.939162  102.671346    12.433   -26507.2    -1199.3     6296.6     35.0     43.5     41.6 2023  1  7  5 10 35.680  2.9   1
     1607  26.959182  102.891878     7.335    -4607.1     1019.0     1198.1    170.4    114.7    190.9 2023  1  7 15 39 14.060  2.9   1
     1608  27.099963  102.885327    13.984    -5253.7    16617.8     7847.5    477.1    245.1    214.8 2023  1  7 15 40  8.830  4.2   1
     1611  26.835315  102.948877    14.474     1053.1   -12705.9     8337.2     83.6     95.4     88.2 2023  1  7 16 37 55.380  2.6   1
     1620  26.809782  102.954850    12.662     1647.0   -15534.9     6525.6    168.8    181.9    159.8 2023  1  7 20 13  6.540  3.4   1
     1644  26.836593  102.928996    13.098     -922.0   -12564.2     6961.9    318.9    241.0    216.0 2023  1  8  5 28 16.570  3.7   1
     1653  26.834302  102.952531    14.231     1416.7   -12818.0     8094.8     79.0     67.5     73.0 2023  1  8  9 21  3.240  3.7   1
     1662  26.825136  102.926310    12.308    -1188.2   -13833.7     6171.8    325.5    254.1    224.0 2023  1  8 12 18 53.450  3.6   1
     1675  26.831433  102.956649    11.673     1825.6   -13136.0     5536.8    111.6     56.4    133.3 2023  1  8 17  5 43.960  3.1   1
     1678  26.682200  102.996908    13.948     5828.9   -29671.3     7811.4     77.5     28.6     47.0 2023  1  8 18  3 48.840  3.2   1
     1688  26.828609  102.962077    14.428     2365.0   -13448.8     8292.0     98.2    138.8    100.7 2023  1  8 20 59 20.120  3.0   1
     1691  26.934495  102.856722    12.110    -8098.1    -1716.4     5973.4     82.5     62.3     63.0 2023  1  8 21 39 13.640  3.3   1
     1692  26.935750  102.868717    12.560    -6907.1    -1577.4     6423.9     84.0     66.6     63.1 2023  1  8 21 47 29.700  3.2   1
     1719  26.884265  102.939429     9.557      114.9    -7281.9     3420.6     94.0     91.2     90.0 2023  1  9 16  6 17.470  3.2   1
     1720  26.874831  102.934969    10.638     -328.3    -8327.3     4501.8    180.2    168.0    149.5 2023  1  9 16 14 24.770  3.0   1
     1721  26.873218  102.937126     9.288     -114.1    -8506.0     3151.2    210.7    123.5    124.6 2023  1  9 16 39 28.720  3.0   1
     1722  26.875136  102.955599    14.831     1720.9    -8293.4     8694.4     98.1     71.9     39.7 2023  1  9 16 57 16.400  4.2   1
     1727  26.892027  102.962581    10.947     2414.3    -6421.9     4810.2    266.2    257.2    276.8 2023  1  9 19  8 37.980  2.9   1
     1729  26.970571  102.920524     4.056    -1762.3     2280.9    -2080.0    117.7    134.9    134.5 2023  1  9 19 18 43.680  2.5   1
     1730  26.869293  102.945304     8.376      698.2    -8940.9     2239.3     91.5     85.7     96.8 2023  1  9 19 27 32.440  2.9   1
     1732  26.883724  102.958439     9.828     2002.6    -7342.0     3692.0    241.2    169.5    164.0 2023  1  9 20 35 17.380  4.9   1
     1733  26.881675  102.944474    10.996      616.3    -7569.0     4859.6    155.2    101.9     94.5 2023  1  9 20 39 20.860  3.4   1
     1734  26.875950  102.941813     8.572      351.7    -8203.3     2435.7     73.8     93.4     92.4 2023  1  9 21 45  5.440  3.0   1
     1737  26.883936  102.941040    10.731      274.5    -7318.6     4594.2    161.9    109.7     97.0 2023  1  9 22  7  4.500  3.6   1
     1748  26.885030  102.942773    10.551      446.7    -7197.2     4414.9    120.7    105.4     98.8 2023  1 10  1 44 54.780  2.7   1
     1770  26.881940  102.921077     8.425    -1707.9    -7539.7     2288.3    155.7    143.2    118.2 2023  1 10  9 51  7.700  3.4   1
     1779  26.849400  102.928426    11.104     -978.3   -11145.1     4968.1    132.3     80.1     92.4 2023  1 10 13 36 48.280  3.4   1
     1781  26.824854  102.946704    11.225      837.4   -13865.0     5088.3    177.5    214.8    204.4 2023  1 10 15  7 20.700  2.9   1
     1783  26.854816  102.913346    15.382    -2476.4   -10545.0     9245.3    160.9    174.6    213.0 2023  1 10 15 13 25.930  3.7   1
     1785  26.852989  102.936743    11.664     -152.2   -10747.5     5527.5    170.4    185.7    167.0 2023  1 10 16 19 19.210  2.9   1
     1790  26.965796  102.918245     6.300    -1988.7     1751.7      163.5    189.1    161.4    143.8 2023  1 10 18 32 50.840  2.7   1
     1810  26.838859  102.928101    16.046    -1010.5   -12313.2     9909.3    329.8    222.1    168.3 2023  1 11  0  7 17.780  3.6   1
     1823  27.110205  102.835701    14.475   -10178.0    17752.6     8338.8    176.9     98.0    144.4 2023  1 11  4 48 26.140  4.3   1
     1846  26.877234  102.934383    11.494     -386.2    -8061.1     5357.4    183.7    177.1    145.7 2023  1 11 12 40 18.140  3.3   1
     1847  27.100584  102.855314    13.312    -8232.5    16686.7     7175.9    102.7     98.0    112.3 2023  1 11 12 47 56.460  2.5   1
     1855  26.884410  102.945125    10.480      680.7    -7266.0     4343.3    137.1    109.7     65.8 2023  1 11 15 39  2.760  3.5   1
     1862  26.889787  102.948706     9.663     1036.1    -6670.3     3526.7    223.7    165.9    129.1 2023  1 11 18 31 49.400  3.0   1
     1878  27.028638  102.799943    18.185   -13731.7     8714.9    12049.0    157.4    100.6    153.7 2023  1 12  1 42  2.140  3.9   1
     1898  27.113658  102.820101    13.680   -11726.1    18135.4     7543.5    152.4    111.5    136.9 2023  1 12 11  0 25.500  4.2   1
     1923  27.113780  102.816528    13.784   -12080.3    18148.8     7647.4    125.7     98.2    126.7 2023  1 12 21 27 16.860  4.8   1
     1926  27.105414  102.825911    14.606   -11150.0    17221.9     8469.3    276.5    229.6    269.9 2023  1 12 22 45 29.160  3.7   1
     1928  27.097274  102.867179    13.666    -7055.0    16320.0     7529.4    450.2    245.4    213.7 2023  1 13  0  2  4.850  3.5   1
     1934  27.108832  102.852799    11.956    -8481.9    17600.6     5819.8    240.7    274.9    238.6 2023  1 13  1 42 41.480  3.2   1
     1941  26.826042  102.979639    10.582     4109.5   -13733.3     4445.3    151.1    127.5    145.2 2023  1 13  5 13  5.790  3.6   1
     1947  27.112311  102.820817    13.917   -11655.2    17986.1     7780.5    133.2    103.0    120.3 2023  1 13  9 37 46.380  2.8   1
     1948  27.118964  102.847266    14.000    -9030.4    18723.2     7863.5    355.9    295.9    283.9 2023  1 13  9 48 48.310  3.4   1
     1957  27.114860  102.821932    10.495   -11544.2    18268.5     4358.9    131.1     64.0     80.5 2023  1 13 11 23 47.790  3.1   1
     1965  27.103805  102.809928    12.639   -12736.0    17043.6     6503.0    113.6     45.2     71.7 2023  1 13 13 55 47.290  3.4   1
     1983  27.107729  102.863281    13.137    -7441.7    17478.4     7000.7    229.7    184.9    153.8 2023  1 13 18 44 10.720  3.2   1
     1986  27.095290  102.954492     6.734     1609.3    16100.2      598.0    149.3    101.8    184.1 2023  1 13 20 24 47.360  2.4   1
     1999  26.781140  102.976961    13.825     3844.3   -18708.6     7688.3    166.0    210.5    180.1 2023  1 14  2  9 10.410  3.6   1
     2002  26.789219  102.977824    14.897     3930.1   -17813.4     8760.6    168.9    216.7    174.6 2023  1 14  2 13 49.160  3.6   1
     2014  26.881655  102.924707     8.806    -1347.1    -7571.2     2670.1    132.0    108.5    113.5 2023  1 14  8 57 20.990  2.8   1
     2057  26.957511  102.909123     7.819    -2894.8      833.8     1682.4    169.3    140.8    150.1 2023  1 14 21 31 33.240  2.7   1
     2063  27.105373  102.824357    10.845   -11303.9    17217.3     4708.8     42.0     36.9     68.5 2023  1 14 23 36 57.880  3.7   1
     2077  27.067830  103.140511    11.354    20071.7    13057.6     5217.9     12.6      7.9     19.8 2023  1 15  3  5 26.790  3.6   1
     2105  26.752053  102.753784     2.558   -18335.6   -21931.5    -3578.6    309.2    408.0    450.1 2023  1 15 13 25 48.110  1.9   1
     2119  27.108390  102.830843    13.612   -10660.6    17551.5     7475.5    168.8     97.5    145.9 2023  1 15 17 11  5.080  3.8   1
     2153  26.840155  102.954655    13.101     1627.7   -12169.4     6964.1    147.7    163.8    114.4 2023  1 16  2 13 26.450  3.6   1
     2173  26.858816  102.958423    10.933     2001.8   -10102.0     4796.8    162.0    113.4    157.8 2023  1 16  8 53 26.520  3.6   1
     2175  26.845524  102.969043    14.074     3056.6   -11574.7     7937.6    239.1    196.1    211.8 2023  1 16  8 58 50.730  3.3   1
     2195  26.839325  102.978483    13.312     3994.5   -12261.6     7176.0     54.1     82.9    104.6 2023  1 16 16  3 18.920  3.4   1
     2198  26.974235  102.920728     7.832    -1742.2     2686.9     1695.7    147.0     97.9    114.0 2023  1 16 16 16 44.450  3.2   1
     2199  26.970390  102.945052     8.456      673.5     2260.8     2319.8    273.4    187.8    241.7 2023  1 16 16 20  5.830  3.0   1
     2281  27.064417  103.039762    11.184    10072.5    12679.1     5047.1    284.8    181.7    300.3 2023  1 17 15 29  9.270  3.3   1
     2293  26.826093  102.969515     8.261     3104.3   -13727.7     2125.1     25.4     15.5     11.5 2023  1 17 18 26 33.720  2.6   1
     2348  26.998747  102.876229     6.136    -6159.7     5402.8       -0.0     13.0      7.0      6.7 2023  1 18  7 22 51.730  3.2   1
     2409  26.951792  102.990812     6.671     5216.7      200.1      534.7     29.1     46.0     26.2 2023  1 19  5 13 45.370  2.7   1
     2443  26.575608  103.042619    13.051    10378.7   -41482.0     6915.9    228.0    233.1    225.9 2023  1 19 18 37 36.240  3.7   1
     2447  26.858018  102.947591    11.834      926.0   -10190.3     5697.2    268.8    195.6    178.1 2023  1 19 22  6 22.960  3.6   1
     2453  26.932068  102.678019    12.216   -25845.1    -1985.4     6079.9     35.0     42.6     42.1 2023  1 19 23 53 15.560  1.7   1
     2463  26.978337  102.830233    13.993   -10727.1     3141.3     7856.3    229.4    156.5    126.3 2023  1 20  8 24  0.370  3.4   1
     2480  26.916278  102.924202    12.499    -1397.3    -3734.8     6362.8    174.5    182.4    147.7 2023  1 20 16 55 36.370  2.9   1
     2487  26.978646  102.900374    20.761    -3763.1     3175.6    14624.7     51.3     31.6     25.5 2023  1 20 18 16 42.820  3.0   1
     2490  27.115131  102.813436    14.343   -12387.2    18298.4     8206.9    157.8    113.2    142.6 2023  1 20 19  7 17.640  3.4   1
     2499  26.733962  102.897957    13.790    -4007.0   -23936.1     7653.4     13.6     25.7     24.8 2023  1 20 20 43 15.000  1.3   1
     2537  26.978237  102.800456    14.836   -13683.1     3130.3     8699.6    212.1    101.8    207.8 2023  1 21 19 43 34.100  3.3   1
     2595  26.921104  102.923258    11.321    -1491.0    -3200.2     5184.8    170.4    180.6    152.1 2023  1 22 20 25 59.880  2.7   1
     2608  27.124320  102.787134    10.483   -14996.4    19316.7     4346.4     72.5     83.0    105.3 2023  1 22 23 57 49.340  3.1   1
     2630  27.060909  103.130705     9.958    19098.8    12290.5     3821.5     12.9      7.7     31.0 2023  1 23 13 50 46.020  3.2   1
     2654  27.103560  102.847762    14.837    -8981.2    17016.5     8700.7    169.9    145.3    129.6 2023  1 23 21 54 10.300  4.3   1
     2674  27.112050  102.811711    11.665   -12558.6    17957.2     5528.6     91.5     61.1     89.3 2023  1 24  5 27  3.620  3.5   1
     2700  26.976945  102.925537     9.224    -1264.1     2987.1     3087.6    175.0    227.0    152.4 2023  1 24 17  6 42.280  4.3   1
     2703  26.844501  102.928182    13.963    -1002.4   -11688.1     7826.5    153.6     91.9     77.3 2023  1 24 18 28 40.720  5.3   1
     2705  26.844474  102.934912    10.280     -333.9   -11690.8     4143.5     67.6     75.9     77.6 2023  1 24 18 39  8.100  3.5   1
     2706  26.843412  102.936979    13.659     -128.9   -11808.5     7522.9    139.0    101.3    133.9 2023  1 24 19  2 19.360  4.5   1
     2729  26.865780  102.916545    14.802    -2158.6    -9330.2     8665.5    131.1    173.1    129.5 2023  1 25  2 54 46.450  3.1   1
     2748  26.969255  102.916016     8.288    -2210.0     2135.0     2151.2    126.5    112.7    103.9 2023  1 25 12 51 58.640  3.5   1
     2751  26.975252  102.923722     9.082    -1444.5     2799.6     2946.0    157.1    171.7    143.6 2023  1 25 14  8 38.810  3.4   1
     2756  26.948081  102.909277     6.535    -2879.2     -210.9      398.8    391.3    274.6    268.9 2023  1 25 15 29  8.450  3.3   1
     2790  26.721399  103.007845    11.586     6915.4   -25328.0     5449.6    100.2     94.0     84.6 2023  1 25 22 18 21.720  4.1   1
     2804  26.734426  102.898088    13.742    -3994.1   -23884.5     7605.2     13.7     25.8     25.0 2023  1 25 23 33 14.880  3.5   1
     2823  26.978805  102.907495    19.842    -3055.4     3193.2    13705.2     27.8     51.8     61.8 2023  1 26  8 13 13.850  1.8   1
     2826  26.987303  102.831934    14.638   -10558.0     4134.8     8501.1    193.6     88.8    131.9 2023  1 26  8 57 51.390  3.5   1
     2851  26.954993  102.935962     9.887     -229.7      554.8     3750.8    181.3    205.6    133.1 2023  1 26 20 34 54.440  2.6   1
     2868  26.857591  102.937744    11.294      -52.3   -10237.5     5157.4    209.0    143.9    153.6 2023  1 27  3  4  5.290  3.2   1
     2876  26.862697  102.979761    12.761     4121.2    -9671.8     6624.4    219.9    294.9    146.9 2023  1 27  6 13 52.750  3.3   1
     2877  26.686705  102.999512    13.756     6088.1   -29172.4     7619.5     77.8     30.0     51.3 2023  1 27  6 25 49.430  3.5   1
     2889  26.988387  102.833162    13.353   -10435.8     4255.0     7216.7    144.0     52.4     64.0 2023  1 27 10 58 34.340  3.6   1
     2895  26.981248  102.902067     9.301    -3594.4     3463.9     3164.6    276.0    693.1    174.9 2023  1 27 12  9 22.740  3.3   1
     2898  26.974504  102.931079     9.082     -713.9     2716.7     2945.9    125.8    160.7    131.7 2023  1 27 13 50 19.660  3.3   1
     2904  26.994006  102.827124    13.755   -11035.0     4877.7     7618.3    107.1     43.1     71.2 2023  1 27 15 33 31.920  3.2   1
     2917  27.052185  102.754045     4.400   -18285.4    11324.0    -1736.5     13.7     26.4     18.0 2023  1 27 18 35 17.800  1.3   1
     2922  27.114158  102.848706     7.968    -8887.6    18190.7     1831.2    185.2     99.7    193.3 2023  1 27 20 21  5.380  3.1   1
     2929  27.034615  102.760539    13.826   -17642.5     9377.1     7689.2    176.7    168.1    181.2 2023  1 27 23 50 57.520  3.2   1
     2936  26.827407  102.970540    14.526     3205.6   -13582.1     8389.5    103.7    149.7     76.8 2023  1 28  2  0 52.420  3.3   1
     2956  26.878754  102.869914    10.466    -6790.5    -7892.7     4329.6    424.8    470.4    313.8 2023  1 28 10 40 14.790  2.7   1
     2958  26.975905  102.793449    15.883   -14379.1     2871.9     9746.3    201.6    101.9    221.9 2023  1 28 11 46 10.310  3.4   1
     2964  26.924365  102.899447     6.421    -3855.5    -2838.7      284.7    126.8     93.6     91.3 2023  1 28 12 13 23.580  3.3   1
     2982  26.928404  102.887231     9.921    -5068.6    -2391.3     3784.5    150.8    192.4    103.1 2023  1 28 19 57 32.200  3.4   1
     2983  26.828111  102.975781     8.248     3726.6   -13504.1     2111.9     27.6     15.9     11.7 2023  1 28 20  3 15.040  1.2   1
     3022  26.718184  103.024040    11.332     8524.9   -25684.2     5195.7     94.5     93.4     86.6 2023  1 29 13 41  6.720  3.2   1
     3042  27.115883  102.752637     7.392   -18420.3    18381.9     1255.2    328.0    182.5    219.0 2023  1 29 20 41  5.560  1.4   1
     3047  26.857633  102.952555     7.910     1418.6   -10232.8     1773.8    105.5    154.6    200.9 2023  1 29 22 51 44.600  3.2   1
     3073  26.835791  102.942440     9.813      414.2   -12653.0     3676.6     69.7     78.3    120.4 2023  1 30 12  1 48.770  3.0   1
     3077  26.860551  102.952620    14.962     1425.4    -9909.6     8825.8    338.0    329.5    225.8 2023  1 30 12 26 51.580  3.5   1
     3101  26.868056  102.952995     8.293     1462.2    -9078.1     2157.0     69.9    102.0     85.9 2023  1 30 23 34 55.420  2.2   1
     3136  26.623997  103.013794    12.146     7509.7   -36120.4     6009.4    244.0    150.8    194.0 2023  1 31 16 27 59.290  3.8   1
     3140  26.883002  102.922477     8.614    -1568.6    -7422.0     2477.6    138.7    105.4    131.0 2023  1 31 17  3 23.640  3.8   1
     3153  26.928800  102.912240     8.239    -2585.1    -2347.4     2102.8    154.4    123.1    105.6 2023  1 31 20 31 50.780  2.5   1
     3156  26.952529  102.906462    10.021    -3159.1      281.8     3884.7    200.3    218.5    124.6 2023  1 31 21 28 23.660  2.7   1
     3161  26.932204  102.913200     8.102    -2489.6    -1970.3     1965.4    183.5    149.2    183.2 2023  1 31 22 23 52.560  2.7   1
     3205  26.995036  102.860400     5.929    -7731.0     4991.7     -207.2     11.0      7.1      6.7 2023  2  1 21 43 10.840  1.7   1
     3256  27.105206  102.763143     6.745   -17378.6    17198.8      608.5    266.8    187.4    212.6 2023  2  2 18 28 39.720  2.2   1
     3269  26.831124  102.954443     6.336     1606.7   -13170.2      199.4    169.1    131.5    233.3 2023  2  2 21 52 48.160  2.3   1
     3291  27.106834  102.840601     8.539    -9691.9    17379.1     2402.7    128.2     88.1    129.0 2023  2  3  9 59 32.770  3.5   1
     3336  27.165381  103.130721    12.009    19092.0    23866.2     5872.1     85.4     64.5    140.5 2023  2  4 10 29 17.550  4.6   1
     3366  26.984412  102.897575    19.972    -4041.1     3814.4    13835.4     65.4     22.8     51.8 2023  2  4 20  3 14.540  1.6   1
     3367  26.854012  102.948462    13.730     1012.0   -10634.2     7593.3    212.9    230.4    108.9 2023  2  4 20  7 36.480  2.5   1
     3368  26.733805  103.088615    10.989    14942.7   -23953.3     4853.0     37.3     34.8     76.5 2023  2  4 20 33 16.400 -0.2   1
     3373  26.982377  102.918791     6.520    -1934.6     3588.9      383.4    278.1    306.7    295.5 2023  2  4 21 12 48.680  2.8   1
     3392  26.494391  102.992326     9.403     5378.0   -50481.2     3266.4     40.6     60.6     52.0 2023  2  5 11 56 54.050  3.3   1
     3395  26.977153  102.758822    12.103   -17817.3     3010.1     5967.0     69.1     81.1     47.1 2023  2  5 12 41 57.150  3.3   1
     3419  26.967725  102.919287     9.555    -1885.1     1965.6     3418.6    110.1    117.0    102.1 2023  2  6  1 12 27.600  4.9   1
     3434  26.968203  102.916032     9.917    -2208.5     2018.5     3780.6    125.6    118.4    106.8 2023  2  6  8 30 31.150  4.5   1
     3470  27.127625  102.878369     6.467    -5943.7    19682.8      331.0     51.3     35.6     68.3 2023  2  6 22 10  4.780  2.6   1
     3497  26.578906  103.056763    11.547    11785.0   -41116.5     5410.2    146.2    135.7    146.5 2023  2  7 12 22 33.570  3.9   1
     3499  26.568571  103.059009    11.426    12009.0   -42261.8     5289.7    179.3    188.5    207.1 2023  2  7 12 51 49.860  3.6   1
     3505  27.024701  102.793913    16.974   -14329.8     8278.6    10837.5    126.9     80.6    122.8 2023  2  7 14  0  9.910  3.1   1
     3506  26.976803  102.932121     5.359     -610.7     2971.4     -777.1    105.3    137.6    110.6 2023  2  7 14 24 46.020  2.7   1
     3517  26.733136  102.743994     2.589   -19310.3   -24027.4    -3547.6    287.9    525.0    417.8 2023  2  7 18  6 57.520  1.4   1
     3521  26.574459  103.050985    12.152    11210.2   -41609.4     6015.9    141.5    119.1    126.5 2023  2  7 18 46 48.700  4.0   1
     3533  27.101860  102.853963    14.001    -8366.1    16827.9     7864.9    134.4     92.4     71.7 2023  2  7 22 51 25.800  4.0   1
     3597  26.942918  102.926473    10.459    -1171.8     -783.2     4322.2    192.8    198.2    130.6 2023  2  9 13 58 42.220  2.9   1
     3603  26.926941  102.921021     8.531    -1713.4    -2553.5     2394.5    166.7    127.4    136.5 2023  2  9 17 12 51.860  1.9   1
     3641  26.811005  102.967155    14.222     2869.5   -15399.5     8085.4    313.1    342.9    240.5 2023  2 10  3 51 17.800  3.1   1
     3643  26.868237  102.937687     5.996      -57.9    -9057.9     -140.6    141.2     92.6    162.7 2023  2 10  4 12 31.530  3.3   1
     3658  27.026329  102.763965    11.959   -17302.9     8459.1     5823.0    168.1    137.1    192.8 2023  2 10 11 42 25.830  3.6   1
     3661  26.962771  102.921501     7.395    -1665.6     1416.5     1258.4    144.6    117.2    125.1 2023  2 10 13 44 34.240  3.2   1
     3668  26.920732  102.859798     8.964    -7793.5    -3241.5     2827.6      3.1      2.5      3.0 2023  2 10 15 49  8.740  1.8   1
     3677  26.976308  102.760018    13.521   -17698.3     2916.6     7384.9     71.3     82.0     44.2 2023  2 10 18 13 48.420  2.2   1
     3679  26.831053  102.959513    11.529     2110.2   -13178.0     5393.0    254.7    310.0    290.6 2023  2 10 18 51 51.000  2.9   1
     3681  26.827757  102.956478    15.910     1808.6   -13543.2     9773.9    206.4    246.6    156.0 2023  2 10 18 59 17.160  3.7   1
     3682  26.853884  103.009961    14.807     7121.2   -10648.3     8670.8     15.3     26.5     17.5 2023  2 10 20  1 54.320  2.5   1
     3694  26.837815  102.958350    16.420     1994.6   -12428.8    10283.3    195.2    200.9    127.7 2023  2 10 22 52 55.800  3.0   1
     3696  26.819922  102.952311    12.340     1394.9   -14411.3     6203.3    140.5    116.8    141.7 2023  2 10 23 21 27.120  3.0   1
     3697  27.003735  102.805688     5.425   -13162.4     5955.5     -711.0    158.9    209.9    218.1 2023  2 10 23 27 25.760  2.8   1
     3703  26.927987  102.899951     9.578    -3805.7    -2437.6     3441.3    182.6    187.1    104.3 2023  2 11  0 34 33.290  3.9   1
     3721  27.126963  102.852539    11.285    -8506.5    19609.7     5148.7    110.5     89.9    109.5 2023  2 11  8 41  3.690  2.8   1
     3744  26.870506  102.941488     6.056      319.4    -8806.7      -80.0    142.3     92.0    135.7 2023  2 11 15  5 42.430  2.9   1
     3786  27.172101  102.835750     6.603   -10170.3    24611.0      466.3     95.5     71.2    127.5 2023  2 12  3 32 54.620  4.6   1
     3787  27.006632  102.801725     4.301   -13555.4     6276.6    -1835.8    133.6    145.3    183.9 2023  2 12  3 34  5.200  4.2   1
     3830  26.876642  102.938761    15.719       48.6    -8126.7     9582.6    183.8    171.8    145.2 2023  2 12 15 24 31.290  3.6   1
     3868  26.865885  102.916935    11.749    -2119.9    -9318.6     5613.0    300.4    277.4    235.6 2023  2 13  3 57 56.990  3.5   1
     3886  26.493561  102.979997     9.317     4151.0   -50573.1     3180.6     32.9     61.2     54.1 2023  2 13 11 20 53.140  3.7   1
     3943  26.881417  102.965470    14.153     2701.5    -7597.6     8016.6     73.4     53.1    145.3 2023  2 14 21 11 56.760  3.0   1
     3948  27.119391  102.813949    13.379   -12335.9    18770.5     7243.0    216.1    156.7    159.9 2023  2 14 23  2 21.120  3.0   1
     3970  27.113440  102.815397     9.087   -12192.3    18111.1     2950.8    164.7     93.7    119.4 2023  2 15 11 38  6.520  3.0   1
     3973  26.970339  102.904346     8.291    -3368.7     2255.3     2155.1    173.3    228.4    147.7 2023  2 15 14 54  0.720  2.3   1
     3976  27.108470  102.840267     8.250    -9725.2    17560.4     2113.9    134.3     80.7    131.3 2023  2 15 15 17 29.780  2.8   1
     3977  26.846617  102.964111    12.704     2567.2   -11453.7     6567.4    279.6    271.6    258.3 2023  2 15 16  9 19.260  4.2   1
     3978  27.108252  102.845093     8.615    -9246.5    17536.3     2478.5    160.2     99.6    146.1 2023  2 15 16 28  5.090  2.4   1
     3983  26.837915  102.969881    16.510     3140.0   -12417.6    10373.9    115.7    140.4     96.0 2023  2 15 20 50 46.760  2.9   1
     4005  27.138454  102.850838     6.787    -8674.6    20882.8      650.8    231.2    118.9    365.9 2023  2 16 15 51 51.340  2.9   1
     4058  26.830231  102.965316    13.535     2686.9   -13269.1     7398.3    107.2    127.5     92.5 2023  2 17 23  0 31.120  3.8   1
     4084  26.853613  103.003646    12.368     6494.5   -10678.4     6231.8     51.5     83.4    114.0 2023  2 18 11 25  4.350  3.4   1
     4191  27.118679  102.828255    12.904   -10916.6    18691.5     6767.6     98.9    141.2     82.0 2023  2 21 10 20 53.620  4.4   1
     4208  27.104612  102.858195    14.502    -7946.2    17133.0     8365.9    262.7    207.2    204.2 2023  2 21 17 57 10.720  4.4   1
     4224  26.916817  102.904696     6.514    -3334.5    -3675.2      377.4    126.0     82.2     76.8 2023  2 21 23 18 40.080  4.2   1
     4226  27.120463  102.859172     7.865    -7848.7    18889.3     1729.1    154.7     96.5    201.4 2023  2 21 23 53 52.720  4.6   1
     4237  26.658175  103.007707    13.833     6903.7   -32333.3     7696.1    207.9    261.1    207.3 2023  2 22  7 42  7.120  3.2   1
     4255  27.116541  102.881755    14.178    -5607.8    18454.8     8042.0    631.4    322.4    352.9 2023  2 22 15 42 47.490  5.8   1
     4257  27.116081  102.849064     8.791    -8852.2    18403.8     2654.9    168.0     85.9    175.4 2023  2 22 16 22 50.940  3.6   1
     4268  26.884019  102.919637    12.498    -1851.3    -7309.2     6362.1     29.2     36.3     40.5 2023  2 22 19 47 48.020  2.6   1
     4289  26.821346  102.889087    10.364    -4887.0   -14253.5     4227.7      3.1      2.0      2.7 2023  2 23 11 33 42.170  3.2   1
     4315  26.965613  102.887850     8.418    -5006.8     1731.6     2281.1    168.3    115.0    163.9 2023  2 24  5 13 31.620  3.6   1
     4349  27.206305  102.799235    10.076   -13790.8    28400.8     3939.3     92.8    117.8    134.0 2023  2 25  5 47 20.360  3.6   1
     4359  26.924247  102.924438     7.506    -1373.9    -2852.0     1369.3    228.2    122.1    202.6 2023  2 25 10  3 21.110  2.7   1
     4383  27.127578  102.891366     7.261    -4654.3    19677.6     1124.7     52.5     35.0     66.7 2023  2 25 16 42 41.760  3.2   1
     4386  26.854315  102.954378     9.904     1599.6   -10600.5     3767.9     63.4     97.8    125.5 2023  2 25 17 28  3.480  3.4   1
     4419  27.212610  102.790894    11.248   -14618.0    29099.4     5111.6     92.0    117.9    126.3 2023  2 26  2 50 36.150  4.6   1
     4445  26.850419  102.975464     8.635     3694.7   -11032.3     2498.5    120.6    101.3    131.2 2023  2 26 16 17  1.720  2.8   1
     4464  26.920113  102.922485     7.718    -1567.8    -3310.0     1581.2    118.4    105.8    118.8 2023  2 27  1 33 45.570  4.1   1
     4471  26.864421  102.949764    13.461     1141.1    -9480.9     7324.1    203.1    200.5    136.9 2023  2 27  5 56 53.330  3.4   1
     4478  27.135455  102.849845     9.969    -8773.3    20550.5     3832.6    145.0     87.6    207.1 2023  2 27 11 59 33.760  4.3   1
     4491  26.828872  102.965682    10.389     2723.3   -13419.8     4252.2    163.9    124.9    145.7 2023  2 27 20 25 38.820  3.6   1
     4517  26.872011  102.926009    14.658    -1218.5    -8639.9     8521.5    279.3    187.2    159.9 2023  2 28 15 11  5.610  3.4   1
     4530  26.626544  103.008879    12.225     7020.8   -35838.2     6089.0    244.8    151.6    193.2 2023  2 28 21 42 45.880  3.9   1
     4540  26.938025  102.765845     7.040   -17123.2    -1325.2      903.7    153.1    262.0    261.2 2023  3  1  5 57 41.830  3.5   1
     4551  26.858337  102.940649    11.458      236.0   -10154.8     5321.5    175.3    163.5    123.6 2023  3  1 11 57 26.400  3.6   1
     4560  26.842527  102.972257     6.941     3375.9   -11906.7      804.1    116.9    135.6    115.6 2023  3  1 16 21 48.300  2.7   1
     4565  26.852309  102.963265    12.968     2483.0   -10822.7     6832.1    169.4    147.5    110.1 2023  3  1 21 29 18.360  3.0   1
     4591  27.003394  102.795085     5.983   -14215.3     5917.6     -153.9    183.7    306.2    242.8 2023  3  2 16 50 48.560  4.2   1
     4596  26.860854  102.955387    13.930     1700.4    -9876.0     7793.9    110.5     98.8     96.2 2023  3  2 22 25 24.180  5.2   1
     4597  26.854793  103.025163     7.059     8631.8   -10547.7      923.2     52.1     22.0     78.5 2023  3  2 22 32 59.520  2.6   1
     4599  26.850348  102.972241     8.022     3374.8   -11040.1     1886.3    104.4    103.5    124.0 2023  3  2 22 48 55.160  3.7   1
     4601  26.841305  102.926432    14.387    -1176.3   -12042.1     8250.6    156.1    130.4    117.4 2023  3  3  1 24  8.360  3.3   1
     4615  26.826414  102.958610    11.489     2020.9   -13692.2     5352.2    119.3     83.3     85.1 2023  3  3 18 35 13.960  2.7   1
     4620  26.948232  103.001733     5.779     6301.9     -194.3     -357.8     27.6     44.9     34.3 2023  3  4  4  7 31.650  3.8   1
     4629  26.858148  102.947038     8.354      870.9   -10175.9     2217.1    346.2    309.8    293.6 2023  3  4 14 18 51.790  2.9   1
     4641  27.179201  102.847534     7.730    -9001.6    25397.6     1593.2     98.4     73.9    128.8 2023  3  4 20 26 14.320  3.4   1
     4646  27.111955  102.854411     8.356    -8321.2    17946.6     2220.0    162.5     86.6     91.6 2023  3  4 22 34 25.720  3.0   1
     4648  27.130973  102.791276     9.912   -14584.7    20053.8     3775.7     72.7     84.4    120.4 2023  3  5  0  8  8.700  3.6   1
     4651  26.858073  102.941431     8.567      313.4   -10184.1     2430.7     83.6    100.1     81.9 2023  3  5  8 40 14.220  2.9   1
     4659  26.855955  102.951619    11.589     1325.6   -10418.8     5452.9    117.3     91.5     97.2 2023  3  5 15 55  1.790  3.5   1
     4673  26.863053  102.958382    12.423     1997.5    -9632.2     6286.5     91.6     73.2     86.0 2023  3  6  3 24 59.860  3.1   1
     4680  27.130611  102.812801    14.833   -12449.0    20013.8     8696.5    275.8    249.2    242.9 2023  3  6  7 11 16.110  4.4   1
     4682  27.129439  102.853776    10.141    -8383.6    19884.0     4005.0     87.4     84.1    127.4 2023  3  6  7 43  0.390  2.5   1
     4685  27.121840  102.873918    10.033    -6385.9    19042.0     3896.7    308.3    160.2    192.3 2023  3  6 11 41 37.020  4.0   1
     4686  27.124300  102.860604     7.693    -7706.2    19314.5     1556.3    163.5    104.3    219.2 2023  3  6 14 35 50.270  3.5   1
     4699  26.845349  102.947892    14.065      955.8   -11594.0     7929.1    233.1    164.7    146.2 2023  3  6 20 48 46.520  6.1   1
     4702  26.841518  102.991504     8.515     5288.5   -12018.6     2379.0    134.5     98.2    210.7 2023  3  6 21  4 33.560  2.8   1
     4706  26.856437  102.911027     7.796    -2706.7   -10365.3     1659.2      8.5      5.4     11.0 2023  3  6 21 45 18.720  2.7   1
     4709  26.838442  102.990381    11.202     5176.5   -12359.2     5065.4    225.6    152.0    163.0 2023  3  6 21 58  3.300  3.2   1
     4710  26.861619  102.946834    11.257      850.7    -9791.2     5120.9    146.4    161.2    170.4 2023  3  6 22 22 54.720  3.4   1
     4716  26.863082  102.959277    11.957     2086.4    -9629.1     5821.1     75.9     63.6     72.1 2023  3  6 23 32 30.960  2.8   1
     4718  26.842228  102.993815     6.275     5518.2   -11939.8      138.3    180.0    123.3    303.4 2023  3  6 23 47  1.200  2.9   1
     4719  26.861975  102.966520    14.304     2806.2    -9751.7     8167.5    132.4     98.4     94.2 2023  3  6 23 51 24.000  3.8   1
     4727  26.855345  102.964445    12.332     2599.9   -10486.5     6195.3    130.9    127.4    107.3 2023  3  7  1 31 58.920  3.6   1
     4728  26.845158  102.958927    11.285     2051.5   -11615.2     5148.6    192.8    170.3    196.4 2023  3  7  2 24 32.150  4.1   1
     4730  26.848265  102.943701     7.856      539.2   -11270.9     1719.9    161.6    138.7    157.1 2023  3  7  3 21 32.720  3.4   1
     4731  26.855910  102.995117    13.798     5646.6   -10423.7     7661.2     44.5     79.8     61.5 2023  3  7  3 41 30.630  4.1   1
     4732  26.845349  102.980339     7.676     4178.8   -11594.0     1539.9    191.4    153.4    239.9 2023  3  7  4  7 50.350  3.1   1
     4733  27.146421  103.121655    11.239    18194.1    21765.6     5102.5     70.7    110.7    110.6 2023  3  7  4 18 49.650  3.6   1
     4738  27.032786  102.769849    13.797   -16718.4     9174.5     7660.6    179.2    167.8    180.8 2023  3  7  5 32 22.230  4.8   1
     4739  26.859530  102.981437     9.558     4287.5   -10022.7     3421.6    224.5    263.2    297.0 2023  3  7  5 48 34.360  3.6   1
     4741  26.856181  102.964998    13.604     2655.0   -10393.8     7468.0    141.9    131.7    105.3 2023  3  7  7  3 58.910  4.4   1
     4744  26.851542  102.945492    12.817      717.2   -10907.7     6680.5    253.3    214.2    181.3 2023  3  7  8 29 47.790  3.6   1
     4745  26.850024  102.962183     7.074     2375.4   -11076.1      937.8    119.1    118.3    125.6 2023  3  7  9  0 10.610  3.3   1
     4746  27.104087  102.945972     6.606      764.2    17074.9      469.7    140.3     99.6    187.3 2023  3  7  9 21 49.230  3.0   1
     4753  26.848905  102.938550    13.867       27.9   -11200.0     7730.2    144.6    110.3    121.1 2023  3  7 14  7 58.450  3.7   1
     4754  26.857308  102.922778    10.840    -1539.6   -10268.9     4703.2    189.1    139.6    153.9 2023  3  7 14 12 42.270  4.2   1
     4755  26.855314  102.948283    11.246      994.3   -10489.9     5109.2    146.2    141.2     97.2 2023  3  7 14 38 37.150  4.4   1
     4756  26.841046  102.972705    13.498     3420.8   -12070.8     7361.6    166.6    210.7    164.8 2023  3  7 14 40 28.990  5.1   1
     4759  26.842061  102.968953    11.359     3048.3   -11958.2     5223.0    119.6     81.0    119.5 2023  3  7 15 16 58.030  4.7   1
     4764  26.850838  102.984220    11.470     4564.3   -10985.9     5333.2    213.2    208.6    217.7 2023  3  7 19  1 47.760  3.4   1
     4765  26.855359  102.971289    10.805     3279.5   -10485.0     4668.6    125.3    132.2     90.4 2023  3  7 19 34 57.800  3.5   1
     4769  26.851487  102.961873    14.816     2344.5   -10913.9     8680.0    174.5    137.1    123.4 2023  3  7 21 13 56.800  4.2   1
     4770  26.847815  102.980200    10.721     4165.3   -11320.9     4584.5    116.8    104.3     92.3 2023  3  7 21 21 38.080  4.7   1
     4771  26.858907  102.970850     7.774     3236.0   -10091.7     1637.6    157.9    124.0    141.2 2023  3  7 21 31 15.840  3.3   1
     4773  26.854134  102.972900     7.137     3440.0   -10620.7     1000.9    174.9    182.0    257.4 2023  3  7 21 37  4.420  3.1   1
     4774  26.852423  102.964738    15.528     2628.8   -10810.1     9392.0    153.4    124.0    125.3 2023  3  7 21 44 29.740  4.6   1
     4775  26.858809  102.941040    11.315      274.5   -10102.5     5179.0    137.9    112.4    161.0 2023  3  7 21 58 11.320  3.5   1
     4776  26.845343  102.950448     7.613     1209.5   -11594.8     1476.7    197.1    163.8    244.1 2023  3  7 22 12 13.060  3.0   1
     4777  26.869983  102.940804    11.383      251.2    -8864.4     5246.7    106.9    112.2     79.6 2023  3  7 22 18  8.440  2.5   1
     4778  26.852268  102.937882    10.043      -39.1   -10827.4     3906.4    297.7    267.2    248.9 2023  3  7 22 33 19.200  3.1   1
     4780  26.848708  102.979696     7.313     4114.8   -11221.9     1177.8    176.5    144.5    236.0 2023  3  7 22 43 48.740  3.1   1
     4784  26.844169  102.989974    12.020     5136.3   -11724.9     5883.1    142.7    152.7    216.1 2023  3  7 23 35 24.520  3.5   1
     4788  26.863279  102.972705    14.912     3420.4    -9607.4     8775.8    270.8    219.7    222.6 2023  3  8  0 27 48.520  3.5   1
     4789  26.855143  102.937362    14.883      -90.5   -10508.8     8747.1    153.5     92.9    108.3 2023  3  8  0 57 17.160  4.1   1
     4791  26.851819  102.979793    11.906     4124.6   -10877.3     5769.7    199.3    242.9    162.7 2023  3  8  3  2 53.700  3.9   1
     4796  26.853082  102.989282    11.076     5067.4   -10737.2     4940.0    103.9    104.7    114.1 2023  3  8  4 57 33.230  3.8   1
     4797  26.850525  102.955591    11.741     1720.7   -11020.5     5604.5    205.9    192.6    182.3 2023  3  8  5 35 57.320  3.5   1
     4800  26.865234  102.962500    12.775     2407.0    -9390.6     6639.1    171.9    124.8    141.0 2023  3  8  8 34 31.720  2.9   1
     4804  26.864187  102.970101    13.941     3161.6    -9506.8     7804.9    153.2    124.9     82.9 2023  3  8 10 57 26.430  3.6   1
     4807  26.855111  102.986955    11.618     4836.2   -10512.4     5481.3    123.2    147.6    174.0 2023  3  8 11 16  2.730  4.7   1
     4808  26.846729  103.007332    11.059     6860.9   -11441.2     4922.4    159.7     85.8    119.5 2023  3  8 11 32  1.250  4.6   1
     4811  26.848899  102.974341    14.217     3583.3   -11200.6     8080.1    265.7    243.2    173.0 2023  3  8 12 16  0.270  3.5   1
     4812  27.119012  102.866130    12.383    -7158.7    18728.7     6246.5   1076.8    516.5    782.5 2023  3  8 12 28 57.760  4.6   1
     4815  26.851866  102.926367     9.398    -1182.7   -10871.9     3261.5    326.3    244.2    279.0 2023  3  8 13 18 43.040  4.4   1
     4817  26.858164  102.978923     8.445     4038.4   -10173.9     2308.7    130.5    137.8    168.4 2023  3  8 14 11 31.600  3.5   1
     4819  26.868404  102.930859    13.881     -736.8    -9039.5     7744.2    287.7    218.6    175.6 2023  3  8 14 20 24.160  3.3   1
     4826  26.851884  102.999992    12.971     6131.5   -10869.9     6834.7    228.3    176.2    282.0 2023  3  8 16 15 45.670  3.2   1
     4829  27.127745  102.838664    10.522    -9883.4    19696.1     4385.9    116.1     73.8    141.9 2023  3  8 16 47  0.080  4.2   1
     4831  26.850948  102.936230     7.949     -202.8   -10973.6     1812.2    243.5    191.9    240.4 2023  3  8 17 18 39.800  3.2   1
     4837  26.858423  102.957796    14.189     1939.6   -10145.4     8052.4    248.4    172.9    199.8 2023  3  8 17 50 50.880  4.7   1
     4844  26.853682  102.936401    14.463     -186.1   -10670.7     8327.1    151.4    124.9    130.6 2023  3  8 18 45 27.760  2.8   1
     4845  26.832163  102.951904     6.419     1353.9   -13055.1      282.5    173.4    128.4    238.4 2023  3  8 18 49 30.880  3.0   1
     4847  26.850934  102.983260     9.271     4469.1   -10975.2     3134.9    359.9    298.1    430.4 2023  3  8 18 57 27.600  2.7   1
     4851  26.848122  102.935449     8.730     -280.5   -11286.9     2593.4    251.3    259.5    255.6 2023  3  8 19 33  5.040  3.0   1
     4861  26.840798  102.957218     7.069     1882.4   -12098.3      932.2    160.6    125.0    198.8 2023  3  8 21  9 17.160  3.3   1
     4863  26.851137  102.953052     9.924     1468.4   -10952.6     3787.8     96.3     67.7    109.0 2023  3  8 22  6  3.880  2.9   1
     4867  26.853094  102.977490    14.385     3895.9   -10735.7     8248.9    177.9    244.7    118.2 2023  3  8 22 37 23.320  5.3   1
     4869  26.842200  102.973307     8.537     3480.8   -11943.0     2400.2    113.5    120.9    191.0 2023  3  8 22 47 56.720  3.4   1
     4870  26.849058  102.963965    10.812     2552.0   -11183.0     4675.8    143.6    107.7    123.5 2023  3  8 22 53 20.080  4.4   1
     4871  26.857505  102.965828    11.215     2737.5   -10247.2     5078.5    284.3    194.8    264.2 2023  3  8 23  1 14.240  4.4   1
     4874  26.853638  103.030070     7.980     9119.5   -10675.7     1843.5     52.4     22.6     44.9 2023  3  8 23 13 55.680  3.0   1
     4875  26.851113  102.947192     9.853      885.9   -10955.3     3717.0    113.3     80.4    123.7 2023  3  8 23 18 10.680  3.7   1
     4876  26.846051  102.933008    10.985     -523.2   -11516.2     4849.0    120.6     82.9     93.9 2023  3  8 23 31 30.160  3.5   1
     4879  26.838920  102.940186    10.677      189.9   -12306.4     4540.3    123.7    101.1    104.8 2023  3  8 23 46 48.580  3.6   1
     4881  26.863572  102.932316     8.725     -592.0    -9574.9     2589.1    207.5    171.3    191.3 2023  3  9  0  8 16.170  3.0   1
     4882  26.843890  102.997705    10.150     5904.6   -11755.7     4013.5     82.2     85.8     78.4 2023  3  9  0 11 33.010  3.5   1
     4883  26.849021  102.937410    11.356      -85.7   -11187.0     5219.9    128.3     82.7    110.9 2023  3  9  0 20 14.340  4.0   1
     4890  26.848460  102.927035    12.225    -1116.4   -11249.4     6088.8    222.2    185.3    131.2 2023  3  9  1 40 14.960  3.8   1
     4893  26.853113  102.970915    10.148     3242.8   -10733.8     4011.8    125.7    109.2    145.7 2023  3  9  5 13 22.700  5.9   1
     4894  26.858305  102.969368    13.745     3089.2   -10158.5     7609.1    141.0    132.1    107.0 2023  3  9  5 38 48.930  3.3   1
     4897  26.876198  102.914437    12.243    -2367.8    -8175.8     6106.9     35.7     31.0     41.8 2023  3  9  6 15  2.590  3.8   1
     4898  26.863314  102.972713     9.035     3420.8    -9603.6     2898.1    140.4    134.5    136.4 2023  3  9  6 15 57.280  3.5   1
     4900  26.859926  102.974023    10.955     3551.4    -9978.9     4818.1    178.0    183.0    181.6 2023  3  9  6 32  3.540  4.3   1
     4902  26.857855  102.971533    10.817     3304.2   -10208.4     4680.8    148.0    148.4    127.1 2023  3  9  6 45 48.880  4.0   1
     4903  26.865247  102.957747    11.208     1934.3    -9389.2     5071.5    135.8    156.0    127.9 2023  3  9  6 46 51.560  3.8   1
     4905  26.845980  102.955005     5.809     1662.3   -11524.2     -327.3    108.1     60.8    226.0 2023  3  9  7  8 25.460  3.1   1
     4910  26.863281  102.961890    11.671     2345.9    -9607.0     5535.0     83.2     86.5     97.1 2023  3  9  7 45 49.050  3.3   1
     4911  26.858614  102.986043    10.366     4745.2   -10124.3     4229.5     75.0     84.3     68.0 2023  3  9  7 50 26.180  3.9   1
     4912  26.847780  102.978263    12.465     3972.5   -11324.5     6328.5    202.7    112.5    220.8 2023  3  9  8  5  8.630  4.8   1
     4914  26.853483  102.948592     7.430     1025.1   -10692.7     1293.8    213.2    155.6    194.3 2023  3  9  8 52 12.370  3.2   1
     4916  26.854659  102.984261    11.221     4568.8   -10562.5     5085.0     83.2     89.6     74.4 2023  3  9  9  0 32.420  4.1   1
     4917  26.852305  102.978434     8.194     3989.7   -10823.4     2058.0    110.0     87.2    156.7 2023  3  9  9  4 21.020  3.5   1
     4918  26.858209  102.930103    10.487     -811.5   -10169.2     4350.4    288.1    362.6    321.7 2023  3  9  9 17 12.240  4.3   1
     4922  26.840495  102.962695     6.842     2426.0   -12131.8      705.6    170.2    162.0    212.3 2023  3  9  9 50 21.030  3.1   1
     4926  27.116791  102.842456    11.141    -9507.9    18482.4     5004.2    171.6    108.7    170.6 2023  3  9 10 41  7.130  4.5   1
     4928  26.842666  102.959180     4.747     2076.8   -11891.3    -1389.4    308.8    266.3    402.4 2023  3  9 10 55  9.960  2.9   1
     4929  26.869403  102.963265    13.029     2482.4    -8928.8     6892.5    164.1    164.3    105.6 2023  3  9 11 29 18.650  3.4   1
     4930  26.858972  102.993319     9.935     5468.0   -10084.5     3798.4    109.8     70.8     94.5 2023  3  9 11 30 47.930  3.3   1
     4941  26.849475  102.973421     6.923     3491.4   -11136.8      786.7    171.7    137.3    218.7 2023  3  9 12 37 23.010  3.2   1
     4948  26.843882  102.991650    11.486     5302.5   -11756.5     5349.2    106.8    113.4    113.7 2023  3  9 14 21 16.690  3.2   1
     4952  26.842163  102.990495     8.161     5188.2   -11947.0     2024.6    132.0     95.9    221.9 2023  3  9 16 32  5.440  4.1   1
     4959  26.852277  102.916162    11.279    -2196.2   -10826.3     5143.1    257.7    179.2    228.0 2023  3  9 19 16 19.620  2.8   1
     4962  26.841895  102.963485    16.130     2505.0   -11976.7     9994.0    377.6    259.5    299.8 2023  3  9 20  3 57.880  2.9   1
     4963  26.850564  102.946720    11.342      839.5   -11016.2     5205.6    109.5     94.8     85.4 2023  3  9 20 12 33.500  2.8   1
     4966  26.857544  102.939518    14.021      123.9   -10242.9     7884.2    139.4    142.3    107.9 2023  3  9 20 28 34.180  3.9   1
     4969  26.850566  102.949723    11.043     1137.7   -11016.1     4906.2    116.9     99.3     94.6 2023  3  9 20 49 10.180  3.5   1
     4972  26.857361  102.934497    13.557     -374.8   -10263.1     7420.4    252.0    300.9    203.4 2023  3  9 20 59 26.520  3.3   1
     4974  26.867065  102.966130    13.417     2767.2    -9187.7     7280.9    117.9    158.8    108.0 2023  3  9 21  6 49.720  5.2   1
     4975  26.867365  102.939014    14.443       73.8    -9154.6     8306.9    162.6    111.0    108.5 2023  3  9 21 12 28.800  3.3   1
     4977  26.887939  102.878101     8.438    -5977.1    -6874.9     2301.4     35.7     35.1     70.0 2023  3  9 21 21 14.400  2.6   1
     4981  26.857910  102.958968    11.165     2056.1   -10202.1     5028.2    190.8    143.8    144.1 2023  3  9 21 36  5.360  3.9   1
     4990  26.848263  102.928003    10.723    -1020.3   -11271.2     4586.8    255.6    213.3    191.4 2023  3  9 22 27 35.960  3.4   1
     4992  26.860356  102.944938    10.946      662.1    -9931.4     4809.8    231.9    209.4    146.0 2023  3  9 22 48 34.400  3.8   1
     4997  26.863446  102.958171    13.077     1976.5    -9588.8     6940.9    111.6    118.5     94.9 2023  3 10  0 20 44.950  5.5   1
     4999  26.853866  102.950675    11.917     1231.8   -10650.3     5780.7    241.8    234.9    219.2 2023  3 10  0 50 10.610  4.2   1
     5000  26.854346  102.971558    15.757     3306.8   -10597.2     9620.6    193.7    151.5    182.2 2023  3 10  1 32 17.130  4.6   1
     5001  26.859780  102.965771    12.384     2731.6    -9995.1     6247.7     82.5     78.6     95.3 2023  3 10  1 58 31.600  2.6   1
     5004  26.871075  102.900708     9.479    -3731.4    -8743.6     3342.4     64.4     36.8     91.5 2023  3 10  2 51 15.710  3.4   1
     5007  26.842133  102.974040     9.489     3553.7   -11950.5     3352.6    126.4    146.7    140.2 2023  3 10  3 17 29.440  3.0   1
     5009  26.850326  103.018490    14.509     7968.7   -11042.7     8373.0     15.0     27.5     18.1 2023  3 10  3 28 22.810  3.7   1
     5010  26.840999  102.945923     9.712      760.3   -12076.0     3575.7    138.9     93.1    169.1 2023  3 10  3 57 59.450  3.5   1
     5011  26.867708  102.939176    11.136       89.5    -9116.5     5000.0    186.9    173.1    159.2 2023  3 10  5 39 33.770  2.9   1
     5014  26.866878  102.953914    11.858     1553.9    -9208.5     5721.5     78.9     71.4     74.1 2023  3 10  6 35 52.600  3.3   1
     5022  26.845841  102.993628    10.350     5498.9   -11539.4     4213.6     80.2     65.9     78.5 2023  3 10 11 21 23.550  3.4   1
     5023  26.850478  102.964006    13.693     2556.5   -11025.8     7556.3    162.5    142.5    158.1 2023  3 10 12 19 19.430  3.5   1
     5024  26.831868  102.989990    13.531     5138.4   -13087.8     7394.4     52.1     73.6    120.8 2023  3 10 13 19 22.060  4.1   1
     5032  26.841473  102.934367    14.484     -388.4   -12023.4     8347.9    299.5    133.4    111.9 2023  3 10 16 13 27.840  3.8   1
     5036  27.029541  102.888761    11.066    -4914.4     8815.0     4929.4    286.1    147.9    135.2 2023  3 10 18  8  4.040  4.8   1
     5041  27.020681  102.897542    11.894    -4043.4     7833.1     5757.2     95.4    105.4     68.0 2023  3 10 18 52 49.780  3.7   1
     5043  27.039093  102.910384     9.262    -2768.1     9873.3     3125.7    263.1    172.5    210.0 2023  3 10 18 57 22.840  3.7   1
     5044  27.019277  102.891772    10.537    -4615.7     7677.7     4400.9    267.3    215.5    173.9 2023  3 10 19  2 23.560  3.3   1
     5045  27.028920  102.899943     9.463    -3804.7     8746.1     3326.6    129.6     84.7     83.1 2023  3 10 19  5 56.440  3.2   1
     5048  27.017928  102.895801    11.322    -4216.4     7528.3     5185.9    100.9     98.9     80.0 2023  3 10 19 23 42.860  2.3   1
     5049  26.868679  102.941602    10.891      331.0    -9009.1     4755.0    165.8    157.8    123.8 2023  3 10 19 42 54.160  3.0   1
     5052  27.026506  102.905200     9.136    -3282.8     8478.6     2999.1    154.7     88.8    118.2 2023  3 10 19 55 36.560  3.2   1
     5054  26.854551  102.971411     7.692     3292.2   -10574.5     1555.7    124.5    108.5    153.4 2023  3 10 20 14 21.840  3.4   1
     5055  27.026339  102.897461     9.900    -4051.1     8460.2     3763.6    136.2     86.1    110.3 2023  3 10 20 25 37.900  3.9   1
     5064  26.851172  102.970947     6.398     3245.6   -10948.9      261.7    118.7    128.9    105.2 2023  3 10 21 25  8.900  3.2   1
     5065  26.846051  102.943644     9.235      533.3   -11516.3     3098.4    138.6    117.0    152.0 2023  3 10 21 37 59.520  3.1   1
     5066  27.036397  102.801619     8.941   -13564.0     9574.6     2805.1      5.8      7.0      3.9 2023  3 10 21 42 31.720  2.3   1
     5070  26.854226  102.968359     8.813     2988.8   -10610.5     2677.0    111.1    123.3    111.0 2023  3 10 22 15  6.200  3.0   1
     5071  27.113062  102.853776    13.509    -8384.4    18069.1     7372.2    178.6    210.2    162.0 2023  3 10 22 20 47.880  3.5   1
     5072  26.865525  102.940088    12.831      180.5    -9358.5     6694.3    177.1    192.6    128.6 2023  3 10 22 47  7.080  2.2   1
     5074  26.912933  102.855827     8.095    -8188.2    -4105.6     1958.4      3.1      2.5      3.3 2023  3 10 22 54 53.120  2.8   1
     5079  26.860866  102.955697     6.257     1731.1    -9874.7      120.5    232.0    244.1    408.4 2023  3 10 23 16  8.140  3.5   1
     5080  26.860937  102.971208     8.410     3271.7    -9866.8     2273.2    139.6    130.4    162.1 2023  3 10 23 23 55.640  3.3   1
     5083  27.106171  102.829012    10.004   -10842.1    17305.7     3867.6     60.3     33.0     48.2 2023  3 11  0  8 26.740  3.5   1
     5087  26.857237  102.953060    12.403     1468.5   -10276.8     6266.5    285.5    267.2    254.2 2023  3 11 13  1 44.270  3.3   1
     5088  26.864559  102.921997     8.954    -1616.5    -9465.4     2817.4      8.6      5.4      9.6 2023  3 11 13 41 47.870  2.5   1
     5091  26.948816  102.771265     7.102   -16583.6     -129.5      965.4    152.8    291.7    245.0 2023  3 11 14 29 21.430  2.3   1
     5092  27.097683  102.824764     9.941   -11263.9    16365.2     3805.0    120.6     67.8    104.7 2023  3 11 14 41 36.040  2.8   1
     5106  26.872101  102.881510     8.492    -5638.1    -8629.9     2355.1     49.8     21.5     73.3 2023  3 11 21  1 59.360  2.7   1
     5115  27.157751  103.128719    11.093    18893.5    23020.9     4956.5     80.5     50.2    126.8 2023  3 11 23 30 29.120  4.9   1
     5121  26.840548  102.942603    12.794      429.9   -12126.1     6657.5    249.1    184.8    182.7 2023  3 12  1 19  0.220  4.1   1
     5132  26.845839  102.962126     9.431     2369.3   -11539.8     3294.2    186.2    117.6    152.4 2023  3 12  8 12 14.250  3.6   1
     5142  27.054588  103.046810    10.158    10772.7    11590.1     4021.9    282.4    181.6    321.1 2023  3 12 12 20  9.100  3.2   1
     5143  26.674815  103.003239    13.396     6459.2   -30489.7     7259.2    205.6    254.5    212.1 2023  3 12 13  0 24.520  2.7   1
     5150  27.015727  102.802677    16.417   -13461.0     7284.2    10280.6    217.2    167.0    179.6 2023  3 12 15 38 22.330  3.2   1
     5157  26.880581  102.916919    14.582    -2121.0    -7690.3     8445.3    294.6    194.8    161.0 2023  3 12 19  9 25.120  3.2   1
     5158  26.997654  102.792782     4.447   -14443.9     5281.8    -1689.1    141.1    135.8    182.4 2023  3 12 19 23 38.260  3.5   1
     5162  27.126963  102.839795     9.402    -9770.9    19609.5     3265.7    220.0    150.4    310.4 2023  3 12 20 30 52.180  2.9   1
