        3  26.919130  102.842179    12.060    -9692.5    -3294.6     6066.9    133.6    167.5    114.6 2022  8 23 16 29 48.550  1.9   1
        4  27.234029  102.884603     0.580    -5472.1    31596.9    -5413.4    362.8    165.0    249.6 2022  8 24  0  4  1.570  2.7   1
       91  26.531982  103.169263    18.650    22829.2   -46191.6    12656.5     65.4     57.0     65.7 2022  8 31 10 53 13.050  2.7   1
      135  27.032947  103.117708    10.497    17661.8     9316.5     4503.7     76.2     79.1    108.0 2022  9  2 20 12 18.120  2.3   1
      141  26.538100  103.177401    19.686    23638.5   -45513.9    13692.9     64.7     58.1     64.6 2022  9  3  2 56 53.270  2.8   1
      144  26.593441  102.939535     4.334      -24.4   -39381.9    -1659.2    272.2    150.2    384.5 2022  9  3  9 16  5.250  3.6   1
      222  26.878402  102.777197    15.800   -16149.2    -7807.4     9806.5      0.0      0.0      0.0 2022  9  8 17 34 28.040  3.0   1
      257  27.037923  103.002677     2.437     6243.8     9868.0    -3556.2    301.4     91.3    139.2 2022  9 12  0 14 51.300  2.7   1
      269  27.238108  102.963420     1.497     2344.6    32049.0    -4495.8     19.7     65.9     65.4 2022  9 12 17 33 19.000 -0.5   1
      276  26.959928  103.004508     9.368     6427.5     1225.9     3374.7     10.8     10.3     22.1 2022  9 13  0 33 14.780  1.3   1
      371  27.215037  102.961263     1.729     2130.6    29492.6    -4264.2     14.7     17.8     25.5 2022  9 18  5 49 58.600  1.3   1
      392  26.921822  102.735116     5.443   -20325.8    -2996.3     -549.8      9.3     10.8      9.8 2022  9 19 21  5  7.620  2.8   1
      439  27.298484  103.015682     4.835     7526.0    38738.8    -1158.0      0.0      0.0      0.0 2022  9 24  1 45 33.660  2.9   1
      444  27.014874  102.765373     8.121   -17313.6     7314.1     2128.1    391.1    478.1    722.0 2022  9 24  7 41 55.320  2.6   1
      489  27.230290  102.962891     1.597     2292.5    31182.6    -4395.8     19.0     56.1     47.4 2022  9 27 19 23 18.840  0.0   1
      523  27.053884  102.848324     8.063    -9077.5    11636.5     2070.3     54.2     53.6     63.4 2022  9 29 17 23 38.880  2.1   1
      536  27.229388  102.962720     0.914     2275.0    31082.7    -5078.6     19.1     47.6     76.1 2022  9 30  9 49 58.940  1.2   1
      543  26.675403  103.098055     0.800    15735.8   -30300.2    -5193.4    134.6     69.9    103.4 2022  9 30 20 38 44.360  2.2   1
      563  27.304211  103.017236     5.396     7679.6    39373.3     -597.5      0.0      0.0      0.0 2022 10  2 12 44 16.360  2.3   1
      624  26.922323  102.997054     6.510     5688.2    -2940.9      516.8      9.7     11.9     10.7 2022 10  6 19 23 17.160  0.7   1
      663  26.543363  103.000944     3.762     6084.3   -44930.5    -2231.3     21.4     31.7     25.9 2022 10  9 11 37 14.950  2.2   1
      672  26.809469  102.900968    10.672    -3856.1   -15445.5     4678.8      1.0      0.6      0.4 2022 10 10  3 35  1.940  3.7   1
      811  26.538770  102.962720     5.566     2281.9   -45439.6     -427.1     81.8     69.4    191.8 2022 10 19 14 46 46.080  3.0   1
      839  26.745736  103.023226     9.175     8293.4   -22507.1     3182.1     10.9      9.5     11.2 2022 10 20 17 33 27.740  2.5   1
      903  27.209416  102.977230     1.368     3714.5    28869.7    -4624.6    181.2     62.0    201.2 2022 10 26  7 44 50.780  2.5   1
      959  26.930269  102.815169     4.627   -12374.4    -2060.4    -1365.7     40.8    120.6     67.9 2022 11  1  0 13 34.950  2.8   1
     1011  26.938906  102.881502     5.525    -5786.7    -1103.5     -468.5    556.6    779.1    519.0 2022 11  8 16 46  5.690  2.4   1
     1016  26.568746  103.072965     2.762    13247.8   -42118.1    -3230.7      2.9      1.9      2.2 2022 11  9  5 41  9.940  2.7   1
     1090  26.860785  103.104118     2.018    16324.8    -9759.5    -3975.0    368.6    439.2    469.2 2022 12 11  7  3 23.660  2.7   1
     1101  26.849921  103.094222     1.200    15342.6   -10963.2    -4793.4    325.9    641.1    613.5 2022 12 25 14 50 26.040  2.8   1
     1104  26.869790  102.902393     9.470    -3713.6    -8761.8     3476.9     83.3     66.9     87.6 2023  1  1  1  2 48.170  2.7   1
     1120  27.213706  102.960750     1.658     2080.4    29345.1    -4334.8     23.2     31.1     46.2 2023  1  1  8 59 58.740  1.1   1
     1148  26.921393  102.901367     9.659    -3815.0    -3043.9     3665.6    218.1    161.3    150.3 2023  1  1 17  9 12.760  2.5   1
     1150  26.924961  102.919515     7.508    -2012.8    -2648.6     1515.0    111.4     70.8     88.3 2023  1  1 17 54 31.060  2.5   1
     1172  26.904767  102.810685     4.186   -12821.1    -4886.2    -1807.2     64.1     66.6    106.1 2023  1  2  2 44 50.100  3.0   1
     1194  26.823490  102.941919    13.426      212.7   -13891.8     7432.8     77.2     82.2     63.6 2023  1  2 13 15 59.500  3.7   1
     1199  26.847178  102.920500    17.885    -1915.0   -11267.2    11892.4     81.8     74.9     59.5 2023  1  2 14 42 20.610  3.5   1
     1210  26.745292  102.902620    14.479    -3692.8   -22556.3     8486.2     25.8     27.9     20.8 2023  1  2 19 33 14.920  1.4   1
     1213  26.979285  102.899023     8.977    -4046.3     3370.7     2983.5     65.3    136.3     40.3 2023  1  2 20 38 12.040  2.4   1
     1214  26.984648  102.904004    19.798    -3551.7     3964.9    13804.5     13.6     19.3     32.8 2023  1  2 20 43 14.180  0.7   1
     1246  26.960077  103.004427     9.220     6419.2     1242.3     3227.4     10.5     10.8     26.8 2023  1  3  9 53 14.500  1.3   1
     1269  26.530127  102.969653     4.658     2972.0   -46397.3    -1334.8     88.5     67.8    218.1 2023  1  3 17  5 17.760  3.4   1
     1270  27.093937  102.771606     2.295   -16688.9    16074.4    -3698.5    124.4    105.6    175.7 2023  1  3 17  7 56.840  2.8   1
     1280  26.913481  103.008993     6.403     6874.2    -3920.7      410.0      9.4     13.6     11.4 2023  1  3 18 37 22.120  2.0   1
     1304  27.113550  102.833407    12.983   -10555.3    18247.5     6989.6    287.9    162.9    240.6 2023  1  4  2 22 33.690  2.9   1
     1338  26.984692  102.903418    21.074    -3609.6     3969.8    15080.8     42.4     25.9     49.3 2023  1  4 16 33 13.890  0.9   1
     1350  26.850429  102.959578    13.985     1966.9   -10906.9     7991.9     83.5     98.9     83.7 2023  1  4 19 27 11.020  3.5   1
     1360  26.969832  102.928800     5.791    -1089.9     2323.3     -202.5    130.9    127.3    133.2 2023  1  4 22 34  8.940  2.1   1
     1371  27.175041  102.809448     1.554   -12929.3    25060.8    -4438.6      4.6      3.6      5.8 2023  1  5  5  3  4.960  3.6   1
     1387  26.845829  102.949097     8.544      926.0   -11416.7     2551.2    208.8    232.4    218.4 2023  1  5 13 36 43.040  3.8   1
     1395  26.923580  102.915991     7.305    -2362.3    -2801.5     1312.2     92.3     78.0     92.0 2023  1  5 16 58 37.710  3.2   1
     1405  26.793888  102.976733    14.420     3671.9   -17171.7     8426.7    121.5    136.0     84.7 2023  1  5 18 48 23.160  3.0   1
     1406  26.980422  102.905583    19.644    -3395.3     3496.7    13651.1     23.5     39.2     21.2 2023  1  5 18 53 13.880  1.2   1
     1410  26.846346  102.946948     4.521      712.6   -11359.4    -1472.4     28.6     46.0     82.3 2023  1  5 19 19 20.860  2.6   1
     1411  26.921897  102.847705    10.777    -9144.0    -2988.0     4783.6    131.7    164.5    116.1 2023  1  5 19 20 31.660  2.4   1
     1412  26.850505  102.943652     4.228      384.6   -10898.6    -1764.6     26.1     41.1     88.0 2023  1  5 19 34 36.200  2.3   1
     1425  26.822461  102.956250    14.337     1636.6   -14005.8     8343.6    158.7    125.7    100.7 2023  1  5 21  4 48.560  3.5   1
     1428  26.830752  102.971183    16.864     3120.4   -13087.1    10870.8     78.9     43.0     71.9 2023  1  5 21 57 36.580  5.6   1
     1431  26.829220  102.949756    10.837      991.5   -13257.1     4843.6    114.2     69.7     99.3 2023  1  5 22  4  9.800  4.9   1
     1432  26.867318  102.872103    11.405    -6722.2    -9035.5     5411.8     43.0     78.8    114.1 2023  1  5 22  8 18.040  2.8   1
     1433  26.836877  102.947144    11.274      732.1   -12408.5     5280.7     62.4     73.1     73.7 2023  1  5 22 15 54.360  2.9   1
     1436  26.823637  102.956934    14.153     1704.1   -13875.5     8160.1    125.3     90.1     78.7 2023  1  5 22 21  5.480  5.6   1
     1439  26.849550  102.999731    14.508     5955.6   -11004.4     8515.4    145.1    138.6    104.9 2023  1  5 22 43 29.800  5.2   1
     1440  26.829386  102.961084    13.554     2116.8   -13238.6     7560.5     54.4     88.4     50.6 2023  1  5 22 45 17.520  4.8   1
     1441  26.836643  102.962874    12.173     2294.5   -12434.4     6179.8     90.2     61.7     55.6 2023  1  5 22 47 20.320  3.1   1
     1442  26.808364  102.942733    17.015      293.5   -15567.9    11022.4    192.9    132.4    128.4 2023  1  5 22 55 34.980  3.9   1
     1444  26.835740  102.965796    16.124     2585.0   -12534.6    10131.3    103.6    105.4     73.4 2023  1  5 23  2 29.760  3.2   1
     1445  26.832259  102.964233    11.710     2430.0   -12920.2     5716.5     60.3     49.0     73.3 2023  1  5 23  5 44.480  4.0   1
     1446  26.833590  102.952563    17.018     1269.9   -12772.9    11025.2    184.2    138.9    117.9 2023  1  5 23 11 18.480  3.4   1
     1448  26.821405  102.965072    14.840     2513.1   -14122.8     8846.7     90.1     83.3     69.3 2023  1  5 23 27 57.080  5.4   1
     1450  26.812944  102.934229    15.549     -551.1   -15060.5     9556.4    186.5    130.2    128.3 2023  1  5 23 38 26.920  3.7   1
     1460  26.594141  103.019637     3.348     7942.0   -39304.4    -2645.5    112.3    108.6    114.3 2023  1  6  1 44  6.960  2.5   1
     1461  26.836676  102.922591    11.874    -1707.8   -12430.8     5880.8    170.7     99.2    121.1 2023  1  6  2  9 13.140  3.6   1
     1465  26.825763  102.969092    17.446     2912.0   -13640.0    11452.8    134.9    133.8    118.0 2023  1  6  2 50 22.410  5.9   1
     1467  26.833169  102.961694    11.899     2177.7   -12819.4     5905.6     87.0     73.8     41.7 2023  1  6  2 57  1.020  3.8   1
     1469  26.834985  102.952677    12.444     1281.4   -12618.1     6450.8     72.4     79.9     72.4 2023  1  6  3  0 59.270  3.6   1
     1470  26.828459  102.949284    13.425      944.7   -13341.4     7431.9     66.5     78.6     65.3 2023  1  6  3 25  4.030  3.7   1
     1474  26.816282  102.955396    15.577     1551.9   -14690.6     9584.3    159.3    160.9    147.6 2023  1  6  3 41 32.280  3.4   1
     1479  26.831828  102.961418    14.250     2149.7   -12967.9     8256.4     63.7     71.1     57.6 2023  1  6  4 27 46.330  3.9   1
     1480  26.829392  102.978198    13.271     3816.8   -13237.9     7277.9    105.1     84.1     93.7 2023  1  6  4 51 23.310  3.7   1
     1489  26.809259  102.965446    12.286     2550.2   -15468.6     6293.3     64.4     59.8     65.2 2023  1  6  6  5 52.330  3.0   1
     1490  26.834277  102.964844    13.144     2490.3   -12696.5     7151.4    146.5    139.5    105.0 2023  1  6  6  8 33.500  3.0   1
     1496  26.832880  102.962199    13.714     2227.7   -12851.4     7721.0     85.7     76.2     51.7 2023  1  6  7 51  6.930  4.0   1
     1509  26.832554  102.979403    17.590     3936.7   -12887.5    11597.0    139.6    106.6    107.0 2023  1  6 11  5  1.410  3.2   1
     1510  26.970209  102.910164     8.833    -2940.8     2365.0     2840.2    211.4    256.0    180.7 2023  1  6 11 15 40.300  5.4   1
     1511  26.838039  102.957625    13.855     1772.6   -12279.7     7862.2     64.3     94.7     77.7 2023  1  6 11 24 59.760  3.7   1
     1520  26.835415  102.950724    13.889     1087.1   -12570.7     7896.1     91.9    113.8    100.2 2023  1  6 14 37 17.560  3.7   1
     1530  26.831333  102.943286    10.060      348.3   -13022.7     4066.8    209.9    155.4    189.8 2023  1  6 16 14 42.600  2.7   1
     1531  26.876204  102.931844     8.248     -787.9    -8051.0     2255.0     71.1     76.2    117.8 2023  1  6 16 35 36.810  2.5   1
     1546  26.874404  102.840706     3.765    -9840.8    -8250.4    -2228.1    136.7     62.8    138.8 2023  1  6 18 53 36.500  2.2   1
     1551  26.823151  102.951164    13.253     1131.2   -13929.5     7260.0     70.8     77.1     76.0 2023  1  6 20 36  5.420  3.7   1
     1558  26.828518  102.962305    13.215     2238.0   -13334.7     7222.3     71.4     99.4     50.6 2023  1  6 21 38 29.200  4.3   1
     1562  27.018117  102.832129     3.501   -10686.6     7673.4    -2492.4    145.4    106.2    159.1 2023  1  6 22 19 21.680  1.4   1
     1566  26.820677  103.023568    13.892     8325.3   -14203.5     7898.6     69.7     83.9     62.8 2023  1  6 23 10 13.040  3.2   1
     1584  26.927091  102.658757    13.594   -27908.5    -2412.5     7600.5    385.1    684.5    490.3 2023  1  7  5 10 35.680  2.9   1
     1597  26.896714  102.922770    11.773    -1689.1    -5778.5     5780.0      9.1      5.6      5.7 2023  1  7 11 13 16.360  1.4   1
     1598  26.839026  102.937663    15.518     -210.1   -12170.4     9525.1    189.0    123.7    193.4 2023  1  7 11 38 45.550  3.3   1
     1607  26.961719  102.897054     8.308    -4242.3     1424.3     2315.1    150.9     90.8    174.0 2023  1  7 15 39 14.060  2.9   1
     1610  26.809178  103.070549     4.889    12993.4   -15477.7    -1104.1     65.9     71.8    132.1 2023  1  7 16 25  3.150  1.9   1
     1611  26.834725  102.949723    14.306      987.7   -12647.0     8313.2     80.1     79.2     67.3 2023  1  7 16 37 55.380  2.6   1
     1620  26.803971  102.959692    12.635     1978.5   -16054.5     6642.2     64.3     60.4     78.4 2023  1  7 20 13  6.540  3.4   1
     1641  26.749072  102.858065    11.089    -8121.6   -22137.4     5096.4      0.0      0.0      0.0 2023  1  8  4 26  9.320  3.1   1
     1644  26.833852  102.927808    13.193    -1189.1   -12743.7     7199.6    210.2    163.0    165.0 2023  1  8  5 28 16.570  3.7   1
     1653  26.833539  102.953166    14.154     1329.9   -12778.5     8161.1     68.2     55.2     62.2 2023  1  8  9 21  3.240  3.7   1
     1662  26.822675  102.923657    12.229    -1602.0   -13982.2     6235.7    302.0    187.2    176.1 2023  1  8 12 18 53.450  3.6   1
     1675  26.830196  102.957951    11.516     1805.7   -13148.8     5523.0     86.4     43.9     97.2 2023  1  8 17  5 43.960  3.1   1
     1678  26.679232  103.006860    14.880     6669.1   -29876.1     8887.1     74.0     27.6     41.9 2023  1  8 18  3 48.840  3.2   1
     1688  26.828505  102.963257    14.737     2332.8   -13336.1     8744.0     93.4    109.0     87.6 2023  1  8 20 59 20.120  3.0   1
     1690  27.000031  102.877970    16.251    -6136.4     5669.4    10257.6     30.9     31.8     26.4 2023  1  8 21 29 31.160  2.8   1
     1691  26.933954  102.858480    12.612    -8073.2    -1652.1     6619.1     73.4     54.8     52.9 2023  1  8 21 39 13.640  3.3   1
     1692  26.935480  102.871134    13.125    -6817.1    -1483.2     7131.8     74.4     54.2     51.6 2023  1  8 21 47 29.700  3.2   1
     1696  26.893337  102.924097    11.087    -1557.4    -6152.7     5094.0      9.1      5.6      5.9 2023  1  9  1  2 25.250  3.1   1
     1719  26.883649  102.932292     9.146     -743.9    -7226.1     3153.2    104.7     77.5     86.5 2023  1  9 16  6 17.470  3.2   1
     1720  26.876060  102.932707    10.892     -702.8    -8067.1     4899.1    136.9    133.3    115.3 2023  1  9 16 14 24.770  3.0   1
     1721  26.877726  102.939445     9.419      -33.3    -7882.2     3425.6    149.6    137.9    103.7 2023  1  9 16 39 28.720  3.0   1
     1722  26.872591  102.961027    14.993     2110.7    -8451.3     8999.9     71.5     89.4     72.6 2023  1  9 16 57 16.400  4.2   1
     1727  26.893459  102.963078    11.193     2314.3    -6139.1     5199.8    207.0    172.6    173.6 2023  1  9 19  8 37.980  2.9   1
     1730  26.864650  102.953101     7.565     1323.7    -9331.2     1572.4    168.9    132.3    162.4 2023  1  9 19 27 32.440  2.9   1
     1732  26.884172  102.960929     9.969     2100.5    -7168.2     3975.9    198.4    151.9    144.8 2023  1  9 20 35 17.380  4.9   1
     1733  26.880308  102.941341    11.148      155.5    -7596.2     5155.0    137.9     73.7     75.0 2023  1  9 20 39 20.860  3.4   1
     1734  26.875203  102.934253     8.294     -549.0    -8162.0     2301.1     73.5     66.1     95.4 2023  1  9 21 45  5.440  3.0   1
     1737  26.884056  102.938761    10.941     -100.7    -7181.1     4948.3    139.5     82.9     71.2 2023  1  9 22  7  4.500  3.6   1
     1738  26.896448  102.948226    12.259      839.1    -5807.9     6266.1    247.5    269.6    213.1 2023  1  9 22 12 25.440  3.7   1
     1742  27.040110  102.833927    11.393   -10506.9    10110.2     5399.9     86.7     60.9     60.5 2023  1  9 23 27  6.800  3.3   1
     1748  26.884113  102.936605    10.059     -315.1    -7174.6     4065.8    121.4     83.5     94.8 2023  1 10  1 44 54.780  2.7   1
     1770  26.872675  102.927791     8.354    -1191.1    -8442.1     2360.9    114.5     97.6     82.1 2023  1 10  9 51  7.700  3.4   1
     1772  27.242975  102.963656     1.802     2367.9    32588.2    -4191.0     33.4     70.9     70.7 2023  1 10 10 46 38.980  1.5   1
     1778  26.863147  102.953426    19.363     1355.4    -9497.7    13369.7    174.4    103.3    101.5 2023  1 10 13 34 23.820  3.4   1
     1779  26.849131  102.929159    11.338    -1055.4   -11050.6     5345.3     90.5     81.8     60.0 2023  1 10 13 36 48.280  3.4   1
     1781  26.823069  102.946273    10.827      645.4   -13938.5     4833.8     61.0     76.2     73.2 2023  1 10 15  7 20.700  2.9   1
     1785  26.852496  102.937410    11.518     -235.0   -10678.0     5525.1     91.7    116.5     94.9 2023  1 10 16 19 19.210  2.9   1
     1790  26.968345  102.921973     6.613    -1767.9     2158.4      619.5    166.5    137.7    112.8 2023  1 10 18 32 50.840  2.7   1
     1795  27.015090  102.791447     8.627   -14724.8     7337.8     2634.0      0.0      0.0      0.0 2023  1 10 20 13 13.680  0.7   1
     1810  26.838556  102.927466    15.562    -1222.9   -12222.5     9568.9    207.8    139.1     87.9 2023  1 11  0  7 17.780  3.6   1
     1812  26.948322  102.912581     8.896    -2701.1      -60.2     2902.9     63.2     44.4     44.2 2023  1 11  0 36  5.800  2.7   1
     1820  26.876662  102.931836     7.429     -789.0    -8000.3     1435.7     55.1     76.7    159.1 2023  1 11  4 17  3.990  2.8   1
     1823  27.108923  102.846737    14.949    -9232.3    17735.0     8956.1    123.3     50.8     93.1 2023  1 11  4 48 26.140  4.3   1
     1825  26.949754  103.015194    10.623     7488.3       98.4     4629.6     48.7     45.4     72.5 2023  1 11  5 46 50.880  3.1   1
     1846  26.878532  102.930306    12.043     -940.8    -7793.1     6049.6    147.4    158.8    101.9 2023  1 11 12 40 18.140  3.3   1
     1847  27.098918  102.868929    13.286    -7030.8    16626.3     7292.6    119.0     63.4     83.5 2023  1 11 12 47 56.460  2.5   1
     1855  26.884951  102.943441    10.622      363.5    -7081.9     4628.7    107.4     87.0     58.4 2023  1 11 15 39  2.760  3.5   1
     1862  26.889862  102.948934     9.937      909.7    -6537.6     3944.0    154.2     94.4     87.1 2023  1 11 18 31 49.400  3.0   1
     1898  27.114712  102.824520    13.432   -11436.6    18376.2     7438.7    115.2    117.0    111.3 2023  1 12 11  0 25.500  4.2   1
     1918  26.980430  102.788444    14.874   -15025.5     3497.6     8880.6    123.1    409.8    121.0 2023  1 12 19 47 23.600  2.7   1
     1923  27.113147  102.829354    14.318   -10957.2    18203.0     8324.8     80.9     62.1     73.2 2023  1 12 21 27 16.860  4.8   1
     1924  27.119014  102.824772    12.483   -11411.2    18853.0     6490.3    107.7     91.8    102.8 2023  1 12 22 30 23.240  3.9   1
     1926  27.107302  102.839429    14.579    -9958.2    17555.3     8586.2    151.4    123.1    189.4 2023  1 12 22 45 29.160  3.7   1
     1928  27.100826  102.868099    12.888    -7113.3    16837.7     6895.0    128.3     82.1     84.8 2023  1 13  0  2  4.850  3.5   1
     1934  27.107121  102.863558    12.084    -7563.4    17535.1     6090.5    128.3     78.3     97.8 2023  1 13  1 42 41.480  3.2   1
     1941  26.825594  102.979077    10.734     3904.3   -13658.6     4741.4    122.8     97.9    116.3 2023  1 13  5 13  5.790  3.6   1
     1947  27.112077  102.832926    14.407   -10602.7    18084.3     8413.9     90.7     70.6     82.6 2023  1 13  9 37 46.380  2.8   1
     1948  27.120445  102.847388    14.255    -9167.5    19011.6     8261.6    202.5    144.9    177.7 2023  1 13  9 48 48.310  3.4   1
     1957  27.116709  102.824813    10.561   -11408.0    18597.6     4568.0     99.0     54.4     58.5 2023  1 13 11 23 47.790  3.1   1
     1965  27.101499  102.818701    13.108   -12015.3    16912.3     7115.1    162.1    128.0    150.1 2023  1 13 13 55 47.290  3.4   1
     1983  27.107029  102.873494    12.965    -6577.4    17525.1     6971.5    137.1    116.2    108.2 2023  1 13 18 44 10.720  3.2   1
     1999  26.793567  102.972493    14.243     3250.8   -17207.4     8249.6    122.1    135.2     86.3 2023  1 14  2  9 10.410  3.6   1
     2008  26.860976  102.839225     4.419    -9989.1    -9738.2    -1573.9    141.3     63.0    127.9 2023  1 14  5 22 43.770  2.9   1
     2014  26.880990  102.925977     8.980    -1371.0    -7520.8     2987.1    106.4     84.2     94.4 2023  1 14  8 57 20.990  2.8   1
     2040  26.927401  102.752686     5.605   -18580.2    -2378.3     -388.1      9.3     11.2     12.1 2023  1 14 16  0 25.770  2.5   1
     2044  26.940350  102.909578     6.634    -2998.9     -943.4      640.6     61.1     40.0     56.6 2023  1 14 16 43 43.950  2.8   1
     2056  27.066349  102.845231     5.802    -9384.0    13017.6     -190.6     74.6    106.5    142.3 2023  1 14 21 23 21.280  2.7   1
     2057  26.958000  102.916707     8.363    -2290.9     1012.1     2370.4    109.1    107.0     96.7 2023  1 14 21 31 33.240  2.7   1
     2063  27.107819  102.825155    10.483   -11374.0    17612.4     4489.6     32.9     27.5     38.7 2023  1 14 23 36 57.880  3.7   1
     2077  27.069419  103.136735    12.936    19547.1    13357.7     6942.5      9.5      7.6     28.1 2023  1 15  3  5 26.790  3.6   1
     2081  27.126392  102.801530     0.593   -13717.6    19670.4    -5400.2    103.0     82.5    228.2 2023  1 15  4 24 51.860  3.0   1
     2084  27.049471  102.990576     2.899     5041.6    11147.4    -3094.6    278.0     93.0    141.0 2023  1 15  5 40 13.010  2.7   1
     2093  26.683358  103.090251     1.557    14959.5   -29418.8    -4435.7     97.0     65.8    198.0 2023  1 15  8 44 35.800  2.4   1
     2119  27.107635  102.843726    14.292    -9531.2    17592.2     8299.0    118.7     50.3     92.2 2023  1 15 17 11  5.080  3.8   1
     2121  26.905774  102.818945     4.897   -12001.1    -4774.6    -1096.0     65.7     66.5     92.3 2023  1 15 17 27 46.360  2.8   1
     2131  26.803396  103.055892     3.901    11537.1   -16118.4    -2092.2     67.9     68.4    169.0 2023  1 15 20  8 42.660  2.1   1
     2149  26.918117  103.120882     2.414    17986.3    -3406.9    -3579.0    123.4    141.2    185.8 2023  1 15 23 45 28.480  3.5   1
     2153  26.836802  102.956160    13.012     1627.2   -12416.7     7018.7     77.0     77.8     70.6 2023  1 16  2 13 26.450  3.6   1
     2157  27.169163  102.816992     1.644   -12180.7    24409.6    -4348.7      4.7      3.6      5.8 2023  1 16  3 47 40.300  3.3   1
     2173  26.853459  102.958594    11.469     1868.9   -10571.3     5475.5    136.3    126.0    111.1 2023  1 16  8 53 26.520  3.6   1
     2175  26.846824  102.964242    14.420     2430.5   -11306.3     8426.5     99.9     82.2    110.0 2023  1 16  8 58 50.730  3.3   1
     2195  26.840299  102.976855    12.964     3683.4   -12029.4     6970.8     39.1     47.1     74.9 2023  1 16 16  3 18.920  3.4   1
     2198  26.975336  102.923503     8.296    -1616.4     2933.0     2303.4    112.9     61.2     73.3 2023  1 16 16 16 44.450  3.2   1
     2199  26.972109  102.948071     8.641      823.2     2575.4     2648.4    211.4    166.9    189.5 2023  1 16 16 20  5.830  3.0   1
     2215  26.474554  102.981714     5.820     4172.8   -52554.7     -172.8    187.5    156.4    241.2 2023  1 16 19 35 29.480  2.0   1
     2230  26.934664  103.056657    10.605    11606.6    -1573.5     4611.9     30.2     26.4     27.1 2023  1 16 23  4  7.160  2.5   1
     2231  26.583669  102.944312     4.043      450.5   -40464.8    -1950.0    290.8    149.0    440.0 2023  1 16 23 51 20.800  2.3   1
     2255  27.161239  103.116797    14.508    17561.7    23531.6     8514.5    186.1    205.3    169.6 2023  1 17  9 14 52.110  3.4   1
     2259  26.920319  103.063208    10.316    12258.0    -3163.0     4322.9     30.1     27.3     26.2 2023  1 17 10  7  6.440  2.6   1
     2276  27.025323  102.768490     6.901   -17003.7     8471.9      907.8    392.0    450.5    719.1 2023  1 17 14 35 43.370  3.3   1
     2294  27.125547  102.804924     2.010   -13380.7    19576.9    -3983.0     80.6     90.3    173.2 2023  1 17 18 47 54.980  3.6   1
     2305  27.047300  102.843075     7.163    -9598.5    10906.8     1169.8     65.7     36.4     92.5 2023  1 17 20 43 35.940  3.1   1
     2306  26.929293  102.921753    12.602    -1789.8    -2168.5     6609.2     67.0     62.4     44.8 2023  1 17 20 57  4.440  2.7   1
     2327  26.817576  103.025765    29.785     8543.0   -14547.0    23791.7    493.9    376.9    276.7 2023  1 18  1 23 41.130  3.2   1
     2339  27.102936  102.794556     1.056   -14410.8    17071.4    -4936.9     29.6     20.1     21.4 2023  1 18  6 11 30.060  3.3   1
     2348  26.991003  102.882682     5.120    -5668.4     4669.0     -873.1      4.4      2.7      1.3 2023  1 18  7 22 51.730  3.2   1
     2385  27.038979  102.818514    12.592   -12037.0     9985.0     6599.3     76.8     63.4     59.6 2023  1 18 21 12 59.400  3.2   1
     2402  26.900745  103.125602     2.292    18456.3    -5331.9    -3701.1    124.6    136.5    175.4 2023  1 19  3 45  0.380  2.3   1
     2438  27.099327  102.999202     3.706     5896.6    16671.5    -2287.0     52.2     39.0     51.5 2023  1 19 17 24 12.840  2.9   1
     2443  26.572774  103.046330    12.860    10598.2   -41671.8     6868.0    160.2    114.6    118.1 2023  1 19 18 37 36.240  3.7   1
     2447  26.857756  102.930843    11.683     -888.0   -10095.1     5690.3    123.6    140.2    118.6 2023  1 19 22  6 22.960  3.6   1
     2451  26.860783  102.932406    11.872     -732.4    -9759.7     5878.6    187.4    104.9    124.6 2023  1 19 22 42 21.840  3.2   1
     2463  26.984841  102.822412    14.213   -11652.3     3986.3     8219.5    110.8     96.7     89.9 2023  1 20  8 24  0.370  3.4   1
     2468  27.043687  102.847111     7.680    -9198.4    10506.7     1686.7     65.6     35.2     73.3 2023  1 20 14 49 58.820  3.6   1
     2490  27.114844  102.826742    14.530   -11216.3    18390.9     8537.3    106.2     69.0     98.4 2023  1 20 19  7 17.640  3.4   1
     2499  26.745121  102.901937    14.448    -3760.9   -22575.3     8455.4     14.6     25.0     28.0 2023  1 20 20 43 15.000  1.3   1
     2537  26.982290  102.802165    14.389   -13662.9     3703.5     8395.7    168.3     72.4    110.1 2023  1 21 19 43 34.100  3.3   1
     2543  26.984796  102.847095    14.580    -9202.1     3981.3     8587.4    110.4     75.7     92.1 2023  1 21 23 20 39.120  2.4   1
     2544  27.121676  102.821004     2.869   -11785.2    19147.8    -3124.3     68.9     77.8    162.6 2023  1 21 23 20 59.640  2.4   1
     2595  26.923991  102.936011    11.970     -374.5    -2756.0     5976.8     60.3     60.2     46.6 2023  1 22 20 25 59.880  2.7   1
     2608  27.125863  102.791927    10.432   -14670.4    19611.7     4438.7     64.0     58.7     81.7 2023  1 22 23 57 49.340  3.1   1
     2630  27.062518  103.127327    11.744    18614.6    12593.1     5751.1      9.7      7.3     28.4 2023  1 23 13 50 46.020  3.2   1
     2654  27.103294  102.856234    14.828    -8290.3    17111.2     8834.8    164.0     90.1     98.4 2023  1 23 21 54 10.300  4.3   1
     2662  27.117503  102.795622     3.692   -14304.2    18685.5    -2301.0     78.0     63.7    237.4 2023  1 24  0 35 17.620  2.5   1
     2672  27.047471  103.067057     5.971    12633.0    10925.9      -21.8    343.8    189.1    602.8 2023  1 24  3 57  8.160  2.7   1
     2674  27.115472  102.819784    10.983   -11907.0    18460.6     4989.9    128.5    106.7    103.9 2023  1 24  5 27  3.620  3.5   1
     2700  26.979970  102.928442     9.459    -1125.7     3446.6     3466.2    143.8    172.9    115.5 2023  1 24 17  6 42.280  4.3   1
     2703  26.843062  102.930737    13.862     -898.2   -11723.2     7868.5    120.4     69.8     63.6 2023  1 24 18 28 40.720  5.3   1
     2705  26.842546  102.934863     9.800     -488.7   -11780.4     3806.4     54.5     63.7     55.5 2023  1 24 18 39  8.100  3.5   1
     2706  26.841272  102.938908    13.565      -86.5   -11921.7     7572.2    105.7     81.0     99.1 2023  1 24 19  2 19.360  4.5   1
     2729  26.868988  102.908171    15.689    -3139.4    -8850.6     9695.7    147.1    119.8    115.4 2023  1 25  2 54 46.450  3.1   1
     2735  26.919926  102.932218     6.259     -751.1    -3206.6      265.6    130.6    122.9    145.2 2023  1 25  7  1 11.130  2.1   1
     2747  27.220190  102.961914     2.011     2195.4    30063.6    -3982.3     14.0     33.9     45.2 2023  1 25 12 43 18.710  0.7   1
     2748  26.970398  102.918359     8.771    -2126.8     2385.9     2777.5     74.5     61.7     75.5 2023  1 25 12 51 58.640  3.5   1
     2751  26.975281  102.924194     9.731    -1547.2     2926.9     3738.3     99.9     97.9     80.9 2023  1 25 14  8 38.810  3.4   1
     2756  26.952409  102.904020     7.744    -3550.5      392.7     1750.7    251.2    167.2    156.0 2023  1 25 15 29  8.450  3.3   1
     2764  26.980564  102.900431     1.580    -3906.6     3512.5    -4412.6     97.0    229.8    140.7 2023  1 25 17 53 40.760  0.9   1
     2790  26.715090  103.010059    11.539     6986.0   -25903.0     5545.9     89.5     80.6     75.9 2023  1 25 22 18 21.720  4.1   1
     2804  26.743601  102.901571    14.589    -3797.3   -22743.7     8595.9     21.8     35.7     30.5 2023  1 25 23 33 14.880  3.5   1
     2823  26.984558  102.904012    19.574    -3550.9     3955.0    13581.4     11.2     17.1     38.0 2023  1 26  8 13 13.850  1.8   1
     2826  26.996324  102.815552    14.381   -12332.9     5258.7     8388.0    108.8     99.9     90.6 2023  1 26  8 57 51.390  3.5   1
     2827  27.178839  102.813037     7.670   -12572.4    25481.7     1677.1     66.1    103.3    161.2 2023  1 26  9  1 50.390  4.0   1
     2868  26.856938  102.939111    11.150      -66.6   -10185.7     5156.6    159.4    112.2    122.2 2023  1 27  3  4  5.290  3.2   1
     2873  26.958826  103.005965    10.979     6572.1     1103.6     4985.5     46.8     40.6     66.3 2023  1 27  6  3 14.460  1.4   1
     2876  26.858335  102.977669    12.828     3763.9   -10030.8     6835.1    148.4    204.1    134.4 2023  1 27  6 13 52.750  3.3   1
     2877  26.683767  103.009757    14.688     6956.9   -29373.6     8694.7     79.8     26.3     43.3 2023  1 27  6 25 49.430  3.5   1
     2889  26.988279  102.837655    13.074   -10139.4     4367.3     7081.4     42.3     33.4     35.0 2023  1 27 10 58 34.340  3.6   1
     2893  27.196226  102.955811     7.007     1590.3    27408.2     1013.9     88.4     62.5     63.9 2023  1 27 11 32  3.620  2.5   1
     2895  26.983451  102.901050     9.815    -3844.9     3832.2     3821.9     66.2    214.7     40.1 2023  1 27 12  9 22.740  3.3   1
     2898  26.976758  102.933586     9.384     -615.2     3090.6     3391.2    107.0    142.9    112.8 2023  1 27 13 50 19.660  3.3   1
     2904  26.993675  102.832845    13.427   -10616.5     4965.1     7433.5     36.7     33.6     35.3 2023  1 27 15 33 31.920  3.2   1
     2922  27.115507  102.847233     8.296    -9183.1    18464.3     2303.4    130.6     62.9    133.5 2023  1 27 20 21  5.380  3.1   1
     2929  27.045180  102.763729    14.043   -17474.0    10672.0     8050.4    128.1    120.2    129.8 2023  1 27 23 50 57.520  3.2   1
     2936  26.824036  102.972298    14.979     3230.8   -13831.4     8985.6     90.1    115.4     86.9 2023  1 28  2  0 52.420  3.3   1
     2956  26.881649  102.872144    10.088    -6718.1    -7447.8     4095.2     89.4    100.7     65.9 2023  1 28 10 40 14.790  2.7   1
     2958  26.982054  102.789030    14.649   -14967.2     3677.4     8656.1    121.9     66.2     94.9 2023  1 28 11 46 10.310  3.4   1
     2964  26.923944  102.901001     6.685    -3851.3    -2761.3      692.3    141.5    109.1     92.9 2023  1 28 12 13 23.580  3.3   1
     2970  27.024664  102.823975    14.129   -11495.8     8398.8     8136.3    101.0     92.5     80.9 2023  1 28 16 10 17.490  3.4   1
     2982  26.931486  102.885563    10.765    -5383.7    -1925.6     4772.0    131.2    164.6     70.2 2023  1 28 19 57 32.200  3.4   1
     3022  26.711867  103.026058    11.206     8576.8   -26260.0     5212.9     83.4     80.0     78.1 2023  1 29 13 41  6.720  3.2   1
     3042  27.099823  102.770817     4.415   -16767.0    16726.5    -1577.9    136.1    109.1    146.6 2023  1 29 20 41  5.560  1.4   1
     3045  26.877268  102.966935    15.573     2697.9    -7933.1     9580.0     56.9     56.8     78.7 2023  1 29 22 13  6.640  3.5   1
     3047  26.862059  102.940926     8.654      114.3    -9618.4     2660.9     86.4     77.2     87.4 2023  1 29 22 51 44.600  3.2   1
     3073  26.834412  102.942326     9.399      252.9   -12681.6     3405.5     52.0     69.5     83.3 2023  1 30 12  1 48.770  3.0   1
     3077  26.855780  102.951579    14.926     1171.8   -10313.9     8932.7    298.2    303.2    198.1 2023  1 30 12 26 51.580  3.5   1
     3101  26.862773  102.969434     6.373     2946.0    -9539.2      380.3    166.4    186.6    182.5 2023  1 30 23 34 55.420  2.2   1
     3113  27.160830  103.108114    14.540    16700.2    23486.4     8547.4    198.0    209.7    173.3 2023  1 31  7  0 35.670  3.4   1
     3136  26.619318  103.014502    12.121     7430.9   -36514.7     6127.8    180.8    123.1    148.4 2023  1 31 16 27 59.290  3.8   1
     3140  26.882078  102.922909     8.551    -1675.4    -7400.1     2557.9     99.5     69.4     88.3 2023  1 31 17  3 23.640  3.8   1
     3152  27.021252  102.942806     4.303      300.2     8020.6    -1690.2    100.6    104.9    122.8 2023  1 31 19 52 21.760  2.3   1
     3153  26.928196  102.914583     8.409    -2502.4    -2290.0     2416.0     96.9    101.5     79.3 2023  1 31 20 31 50.780  2.5   1
     3156  26.951461  102.909188    10.278    -3037.7      287.7     4284.8    127.6    141.6     98.1 2023  1 31 21 28 23.660  2.7   1
     3161  26.931984  102.916707     8.444    -2290.9    -1870.3     2451.0    131.9    110.1    134.1 2023  1 31 22 23 52.560  2.7   1
     3178  26.944733  102.896940     7.781    -4254.3     -457.9     1787.6     56.9     39.6     42.5 2023  2  1  8 53 40.230  3.3   1
     3199  27.016125  102.810775     6.258   -12806.6     7452.8      264.9     97.9    115.7    117.2 2023  2  1 19 32 33.220  2.8   1
     3200  27.055900  102.867961     4.911    -7128.0    11859.8    -1082.4    196.8    101.4    221.1 2023  2  1 20  5  3.440  3.0   1
     3205  26.991817  102.884318     3.752    -5506.2     4759.3    -2241.1      3.9      2.6      1.5 2023  2  1 21 43 10.840  1.7   1
     3219  26.977354  102.949487     6.546      964.3     3156.6      553.4    132.8    152.1    109.7 2023  2  2  4 41  3.020  2.7   1
     3256  27.091278  102.770703     3.973   -16778.6    15779.8    -2020.2    129.4    111.4    148.3 2023  2  2 18 28 39.720  2.2   1
     3257  27.032823  103.069466     4.934    12873.5     9302.7    -1058.8    337.1    189.0    343.4 2023  2  2 18 33 15.720  1.0   1
     3264  26.946826  102.890983    11.426    -4845.1     -225.9     5432.6    191.3    175.3    100.5 2023  2  2 20 27  4.280  2.9   1
     3291  27.109399  102.840267     8.301    -9874.7    17787.8     2308.0    138.9     99.1    127.4 2023  2  3  9 59 32.770  3.5   1
     3310  27.026186  102.832520    15.325   -10647.2     8567.5     9331.9    107.1     93.5     83.0 2023  2  3 20 44 11.440  1.8   1
     3335  27.235227  102.899601     1.772    -3984.2    31729.8    -4220.8    194.4    155.2    213.9 2023  2  4  9 55  4.260  2.1   1
     3336  27.167755  103.120272    13.381    17905.4    24253.5     7388.2     78.4     67.6     91.8 2023  2  4 10 29 17.550  4.6   1
     3356  26.978304  102.906283     1.114    -3325.3     3262.0    -4879.5     94.5    201.0    176.3 2023  2  4 16 28 44.010  2.2   1
     3366  26.981805  102.913094    20.160    -2649.0     3649.9    14166.6     86.2     53.0     24.6 2023  2  4 20  3 14.540  1.6   1
     3367  26.851105  102.949715    13.522      987.1   -10832.0     7528.6    157.4    177.0    104.6 2023  2  4 20  7 36.480  2.5   1
     3395  26.988100  102.770329    12.014   -16823.6     4347.5     6020.8     56.5     59.5     36.5 2023  2  5 12 41 57.150  3.3   1
     3396  27.010451  102.881608     6.760    -5774.9     6823.8      767.2     73.4    171.6    129.7 2023  2  5 13 31  8.540  2.5   1
     3405  26.986058  102.884188    15.945    -5519.2     4121.0     9951.5     29.0     33.0     25.7 2023  2  5 20 21 55.300  2.4   1
     3419  26.967682  102.921102    10.026    -1854.2     2085.0     4033.1     54.4     71.6     62.2 2023  2  6  1 12 27.600  4.9   1
     3421  26.991172  102.954663     5.686     1477.9     4687.7     -306.8    120.9     83.9    126.7 2023  2  6  1 43 57.790  3.2   1
     3423  27.017460  102.935311     4.678     -443.2     7600.6    -1314.7    100.5    107.4    113.8 2023  2  6  2 11 43.840  2.9   1
     3434  26.967267  102.917936    10.266    -2169.1     2039.0     4273.2     73.8     76.3     59.0 2023  2  6  8 30 31.150  4.5   1
     3437  27.025450  103.116626    11.035    17555.1     8485.8     5042.4     75.9     80.0    104.0 2023  2  6 11 44 13.880  1.6   1
     3478  26.743154  102.858390    12.822    -8089.4   -22793.3     6829.2      0.0      0.0      0.0 2023  2  7  0 34 55.370  2.5   1
     3497  26.577472  103.060498    11.233    12006.7   -41151.2     5239.7     85.3     64.9     70.2 2023  2  7 12 22 33.570  3.9   1
     3499  26.566351  103.063029    11.100    12258.9   -42383.4     5106.8    112.0    107.8    125.6 2023  2  7 12 51 49.860  3.6   1
     3506  26.979104  102.933813     5.864     -592.4     3350.6     -129.1    154.0    177.1    144.9 2023  2  7 14 24 46.020  2.7   1
     3521  26.573149  103.054435    11.825    11404.3   -41630.3     5831.9     93.4     64.5     71.5 2023  2  7 18 46 48.700  4.0   1
     3533  27.101792  102.861898    14.068    -7728.0    16944.9     8075.3    134.1     88.2     67.8 2023  2  7 22 51 25.800  4.0   1
     3558  27.010805  102.870166     6.659    -6910.7     6863.1      665.5     73.7    167.2    125.1 2023  2  8 12  8 20.810  3.0   1
     3564  27.106519  102.800798     2.531   -13791.5    17468.4    -3462.5     30.5     20.5     40.4 2023  2  8 16 55 27.230  2.5   1
     3603  26.927130  102.924259     8.589    -1540.9    -2408.3     2595.5    127.8    107.3    109.5 2023  2  9 17 12 51.860  1.9   1
     3621  26.981187  102.898128     4.233    -4135.3     3581.3    -1759.9     90.8     54.1     97.8 2023  2  9 22 14 15.300  2.2   1
     3641  26.829854  102.957959    12.247     1805.9   -13186.7     6254.0     61.9     70.8     83.7 2023  2 10  3 51 17.800  3.1   1
     3643  26.868132  102.938574     6.019     -119.9    -8945.4       26.0     84.8     68.5    156.1 2023  2 10  4 12 31.530  3.3   1
     3658  27.037313  102.765853    11.884   -17264.5     9800.2     5890.4    133.0    114.2    152.3 2023  2 10 11 42 25.830  3.6   1
     3661  26.962832  102.925317     7.855    -1436.1     1547.6     1862.1    143.3     86.7     94.5 2023  2 10 13 44 34.240  3.2   1
     3676  26.865452  102.942106     4.323      231.5    -9242.4    -1670.4     32.6     62.5    146.9 2023  2 10 18  5 36.080  2.7   1
     3677  26.988448  102.764583    12.772   -17394.0     4386.0     6779.0     52.5     59.9     33.0 2023  2 10 18 13 48.420  2.2   1
     3679  26.824998  102.964380    11.803     2444.0   -13724.8     5809.6     80.4    104.4    104.7 2023  2 10 18 51 51.000  2.9   1
     3681  26.826654  102.954972    15.905     1509.2   -13541.3     9912.0    153.7    157.5    111.4 2023  2 10 18 59 17.160  3.7   1
     3682  26.850336  103.000635    14.776     6045.7   -10917.3     8783.3    142.2    141.4    104.4 2023  2 10 20  1 54.320  2.5   1
     3689  26.809896  102.982048    14.758     4199.9   -15398.1     8765.1    140.7    104.4     99.8 2023  2 10 21 25 36.460  3.2   1
     3694  26.833403  102.958439    16.862     1854.0   -12793.4    10869.4    108.8    118.0     91.2 2023  2 10 22 52 55.800  3.0   1
     3696  26.815055  102.959098    12.605     1919.5   -14826.5     6611.5     56.0     68.5    118.4 2023  2 10 23 21 27.120  3.0   1
     3697  27.004057  102.812826     5.758   -12603.5     6115.3     -234.6     86.6    107.2    123.0 2023  2 10 23 27 25.760  2.8   1
     3703  26.931317  102.899626    10.658    -3987.7    -1944.2     4665.2    164.2    161.2     70.2 2023  2 11  0 34 33.290  3.9   1
     3721  27.127877  102.853337    10.905    -8576.8    19835.0     4912.1     82.8     60.9     87.4 2023  2 11  8 41  3.690  2.8   1
     3737  27.016302  102.838973     3.585   -10006.8     7472.3    -2407.6    154.3    108.0    136.4 2023  2 11 12 38 24.070  3.2   1
     3744  26.868846  102.943132     6.582      333.2    -8866.4      589.4     84.9     68.6    132.3 2023  2 11 15  5 42.430  2.9   1
     3786  27.180113  102.836678     7.901   -10227.7    25622.9     1908.3     82.9     62.9    128.3 2023  2 12  3 32 54.620  4.6   1
     3787  27.007581  102.811735     4.836   -12711.6     6505.8    -1157.4     80.1     97.9    107.4 2023  2 12  3 34  5.200  4.2   1
     3788  26.846684  102.953377    12.882     1351.4   -11322.0     6888.5    220.0    213.6    201.8 2023  2 12  3 36 55.170  3.0   1
     3810  26.841176  102.765299     4.265   -17334.0   -11932.1    -1728.2     46.9     22.6     45.7 2023  2 12  9 16 52.860  2.7   1
     3830  26.871836  102.931047    15.741     -867.3    -8534.9     9748.3    281.2    210.1    165.5 2023  2 12 15 24 31.290  3.6   1
     3868  26.867017  102.919051    12.010    -2058.7    -9069.1     6017.2    217.6    127.3    149.9 2023  2 13  3 57 56.990  3.5   1
     3890  26.478251  102.976497     5.445     3653.4   -52145.2     -547.8    179.3    158.5    258.1 2023  2 13 12 44 44.880  3.3   1
     3906  26.831063  102.758146     2.913   -18045.4   -13052.7    -3079.8     40.1     22.5     67.3 2023  2 13 19 30 15.820  1.4   1
     3943  26.879429  102.971257    14.302     3126.5    -7693.7     8308.9     95.6     66.6    115.3 2023  2 14 21 11 56.760  3.0   1
     3948  27.121018  102.811361    13.096   -12742.1    19075.1     7103.4    201.4    156.5    200.1 2023  2 14 23  2 21.120  3.0   1
     3954  26.973397  102.849463    13.579    -8967.1     2718.1     7585.8     96.0     88.7     92.2 2023  2 15  2 44 14.520  3.0   1
     3970  27.114984  102.818595     9.214   -12025.0    18406.6     3221.1    106.4     63.0     93.9 2023  2 15 11 38  6.520  3.0   1
     3973  26.968016  102.904826     8.324    -3470.5     2122.0     2330.7    135.0    141.6    119.4 2023  2 15 14 54  0.720  2.3   1
     3976  27.110716  102.841317     8.062    -9770.6    17933.5     2069.4    133.7     81.4    154.1 2023  2 15 15 17 29.780  2.8   1
     3977  26.838820  102.971517    12.120     3152.9   -12193.2     6127.4    164.4    155.7    166.7 2023  2 15 16  9 19.260  4.2   1
     3983  26.836536  102.970296    16.845     3031.7   -12446.3    10852.4     97.3    118.6     60.1 2023  2 15 20 50 46.760  2.9   1
     4024  27.120219  102.817814     2.099   -12101.8    18986.5    -3893.8    124.5     94.5    171.4 2023  2 17  0 14 51.630  3.4   1
     4041  26.951410  102.917993     7.474    -2163.3      282.0     1480.9     63.3     45.5     52.7 2023  2 17 13 22  2.790  2.8   1
     4048  26.838357  102.934212    18.274     -552.9   -12244.5    12280.7     75.6     77.8     59.2 2023  2 17 17 50 30.180  2.9   1
     4055  26.549504  103.011361     3.522     7120.8   -44250.3    -2470.7     16.8     18.5     19.2 2023  2 17 22 21 14.240  1.9   1
     4058  26.828652  102.969499    13.298     2953.1   -13320.0     7304.7    101.7     69.1     74.3 2023  2 17 23  0 31.120  3.8   1
     4070  27.079608  102.773763    29.141   -16475.9    14486.7    23148.3      0.0      0.0      0.0 2023  2 18  6 23 13.990  2.5   1
     4084  26.832483  103.013371    14.852     7311.3   -12895.4     8858.9     44.7     59.6     55.3 2023  2 18 11 25  4.350  3.4   1
     4116  27.098667  103.007194     2.145     6690.1    16598.5    -3847.9     54.0     41.2     69.1 2023  2 19  6 32 11.650  3.1   1
     4127  26.920164  102.642969    14.338   -29476.6    -3180.1     8344.8    384.8    671.0    494.1 2023  2 19 17 14  2.520  2.8   1
     4128  27.208008  102.961190     0.639     2123.9    28713.8    -5354.5     20.2     52.1    116.6 2023  2 19 19 13 18.680  0.8   1
     4135  26.950403  102.872046     4.363    -6725.4      170.3    -1630.3    513.1    631.0    586.7 2023  2 19 21 46 38.960  1.5   1
     4145  27.190204  102.961499     5.760     2154.9    26741.1     -232.6     80.4     58.7     70.2 2023  2 20  2 42 49.690  2.0   1
     4191  27.125655  102.845597    14.248    -9344.8    19588.8     8255.4    283.4    183.7    249.8 2023  2 21 10 20 53.620  4.4   1
     4208  27.103896  102.868026    14.372    -7120.4    17177.8     8379.0    191.0    117.8    144.0 2023  2 21 17 57 10.720  4.4   1
     4224  26.916211  102.906787     6.801    -3276.9    -3618.2      808.2    133.9    101.8     81.4 2023  2 21 23 18 40.080  4.2   1
     4226  27.122565  102.856413     7.133    -8271.5    19246.3     1139.6    207.9     97.2    237.6 2023  2 21 23 53 52.720  4.6   1
     4231  26.606232  103.015975     3.857     7577.8   -37964.6    -2135.8    118.4    102.3    118.4 2023  2 22  4 44 59.660  2.3   1
     4249  27.232615  102.894556     2.068    -4485.1    31440.4    -3924.8    189.8    156.7    213.3 2023  2 22 13 53 29.500  2.2   1
     4255  27.119875  102.884123    14.192    -5522.3    18948.4     8198.5    256.2    130.6    159.5 2023  2 22 15 42 47.490  5.8   1
     4257  27.117466  102.850659     8.964    -8843.2    18681.5     2970.7    126.3     80.6    132.6 2023  2 22 16 22 50.940  3.6   1
     4273  27.212722  102.807666    10.916   -13103.3    29236.1     4922.6     85.9    122.9    103.3 2023  2 22 23 31 42.920  3.7   1
     4282  26.546071  103.018197     3.722     7800.6   -44630.5    -2271.2     15.5     17.1     16.3 2023  2 23  7  6 45.310  2.5   1
     4289  26.812797  102.906527    10.680    -3303.8   -15076.6     4687.4      1.1      0.6      0.4 2023  2 23 11 33 42.170  3.2   1
     4311  27.216504  102.783521     6.663   -15498.1    29655.1      669.6     41.7     41.8     70.1 2023  2 24  1 42  1.350  3.7   1
     4315  26.968398  102.892285     9.232    -4715.5     2164.3     3239.3    148.6     95.3    160.3 2023  2 24  5 13 31.620  3.6   1
     4322  26.562541  103.067196     2.771    12674.3   -42805.7    -3221.7      3.2      2.1      2.1 2023  2 24 12 38 47.950  3.1   1
     4349  27.210878  102.805916    10.957   -13276.9    29031.7     4963.5    166.0    135.0    169.7 2023  2 25  5 47 20.360  3.6   1
     4354  27.178650  102.814022     8.416   -12474.7    25460.7     2422.9     66.7    104.0    127.6 2023  2 25  8 59 17.600  2.5   1
     4359  26.917485  102.922493     6.941    -1717.0    -3477.0      948.1    209.0    171.0    156.2 2023  2 25 10  3 21.110  2.7   1
     4367  27.219330  102.781250    12.431   -15723.2    29968.3     6438.2    145.3    266.2    147.2 2023  2 25 12  5 31.040  3.5   1
     4374  27.223889  102.768717     4.331   -16965.7    30473.3    -1662.1     60.8     74.2     98.4 2023  2 25 13  4  1.670  3.5   1
     4379  26.816846  103.041089    29.485    10066.1   -14627.9    23492.1    460.9    377.3    278.8 2023  2 25 14 34  6.980  3.2   1
     4386  26.854291  102.952441     9.798     1257.9   -10478.9     3804.9     86.0     87.4    124.3 2023  2 25 17 28  3.480  3.4   1
     4419  27.216217  102.797355    12.307   -14126.4    29623.4     6313.8     79.1     81.3     78.0 2023  2 26  2 50 36.150  4.6   1
     4422  27.216526  102.801058    11.968   -13759.0    29657.6     5975.1     69.4     78.4     60.3 2023  2 26  3 56 46.530  4.0   1
     4445  26.848623  102.969084     7.973     2910.9   -11107.1     1980.4     76.1     77.9     73.8 2023  2 26 16 17  1.720  2.8   1
     4464  26.919067  102.924992     7.879    -1468.4    -3301.6     1886.2     99.9     95.9     94.4 2023  2 27  1 33 45.570  4.1   1
     4471  26.862962  102.952759    13.628     1289.3    -9518.3     7635.2    147.6    169.7    110.9 2023  2 27  5 56 53.330  3.4   1
     4472  27.068996  102.853955     5.673    -8517.6    13310.8     -320.1     59.1     94.0    132.2 2023  2 27  6  6 59.560  2.5   1
     4476  27.018589  102.803158     9.767   -13562.0     7725.8     3773.6      0.0      0.0      0.0 2023  2 27 10 16 56.540  3.3   1
     4478  27.136631  102.848747    10.408    -9032.0    20804.9     4415.2    105.4     45.5    110.7 2023  2 27 11 59 33.760  4.3   1
     4491  26.827808  102.966813    10.310     2685.6   -13413.5     4316.5    130.4     94.6    119.2 2023  2 27 20 25 38.820  3.6   1
     4508  26.980794  102.915373     3.859    -2423.2     3537.8    -2133.8     84.8     54.7     97.8 2023  2 28  9 41 52.130  2.7   1
     4517  26.870504  102.917977    14.547    -2165.8    -8682.7     8554.3    152.0    106.3     85.8 2023  2 28 15 11  5.610  3.4   1
     4526  26.756797  103.010482     9.995     7026.4   -21281.6     4002.9     10.2      8.4     11.0 2023  2 28 18 42 34.080  2.2   1
     4530  26.622060  103.010067    12.476     6989.3   -36210.8     6482.9    181.9    123.8    146.4 2023  2 28 21 42 45.880  3.9   1
     4540  26.910175  102.792098    10.407   -14667.5    -4286.9     4413.8    129.9    158.4    139.8 2023  3  1  5 57 41.830  3.5   1
     4544  27.082937  102.764958    28.164   -17349.7    14855.5    22170.5      0.0      0.0      0.0 2023  3  1 10 14  7.510  3.8   1
     4549  26.844971  102.973063     7.457     3307.0   -11511.8     1463.6    182.1    146.6    163.2 2023  3  1 11 36  8.330  4.1   1
     4551  26.857792  102.943302    11.573      350.0   -10091.1     5580.3    117.5    110.0     98.4 2023  3  1 11 57 26.400  3.6   1
     4560  26.838940  102.969938     6.347     2996.4   -12179.8      353.6    137.9    139.2    193.4 2023  3  1 16 21 48.300  2.7   1
     4563  27.212211  102.783724     4.537   -15478.5    29179.4    -1455.8      8.7     14.2     21.7 2023  3  1 18 54 27.200  3.0   1
     4565  26.850161  102.965942    12.966     2599.5   -10936.7     6972.7    101.8    103.9    102.3 2023  3  1 21 29 18.360  3.0   1
     4568  26.956539  102.801774     8.522   -13703.2      850.3     2528.8     85.8    149.8    153.8 2023  3  2  0 30 50.080  2.5   1
     4579  26.991392  102.765202    11.474   -17331.9     4712.1     5481.3     53.0     88.3     43.0 2023  3  2 11 35 43.970  2.1   1
     4588  26.929504  102.797827     5.052   -14096.9    -2145.2     -940.7     40.7    134.8     95.3 2023  3  2 15 53 24.000  2.5   1
     4591  27.005477  102.808195     6.425   -13062.7     6272.8      431.5     96.4    113.2    110.4 2023  3  2 16 50 48.560  4.2   1
     4596  26.859143  102.955119    13.953     1523.6    -9941.4     7960.3    120.8    106.4     74.5 2023  3  2 22 25 24.180  5.2   1
     4597  26.853658  103.020085     6.316     7978.0   -10549.1      322.6     47.6     30.9     61.7 2023  3  2 22 32 59.520  2.6   1
     4599  26.845717  102.973161     7.048     3316.0   -11429.0     1055.7     86.1     89.1    128.9 2023  3  2 22 48 55.160  3.7   1
     4601  26.840100  102.928223    14.351    -1147.9   -12051.4     8357.9    136.9     98.5     94.6 2023  3  3  1 24  8.360  3.3   1
     4615  26.825417  102.958911    11.357     1900.5   -13678.3     5363.8     81.9     59.5     74.8 2023  3  3 18 35 13.960  2.7   1
     4618  27.120941  102.797013     1.799   -14166.2    19066.4    -4194.2    115.8     73.0    154.2 2023  3  4  3  1  2.620  3.2   1
     4629  26.869967  102.935018    10.888     -472.6    -8742.2     4894.9    169.3    102.8    131.4 2023  3  4 14 18 51.790  2.9   1
     4641  27.187767  102.847949     8.893    -9109.2    26470.9     2900.0     88.7     65.4    100.9 2023  3  4 20 26 14.320  3.4   1
     4645  27.214154  102.784098     5.014   -15440.9    29394.7     -979.4      9.0     14.3     40.7 2023  3  4 22 23 24.320  2.7   1
     4646  27.112880  102.852637     8.579    -8647.2    18173.4     2585.5    135.0     69.2    101.3 2023  3  4 22 34 25.720  3.0   1
     4647  27.210299  102.814559    12.466   -12419.8    28967.6     6473.1    168.8    183.0     97.6 2023  3  4 22 58 19.380  3.1   1
     4648  27.132503  102.796598     9.876   -14206.6    20347.6     3882.7     64.7     58.5     99.3 2023  3  5  0  8  8.700  3.6   1
     4651  26.852818  102.967578     7.238     2761.3   -10642.3     1245.4    102.9    119.3    140.4 2023  3  5  8 40 14.220  2.9   1
     4659  26.856630  102.950586    11.582     1073.4   -10219.8     5589.1    104.9    106.5     87.6 2023  3  5 15 55  1.790  3.5   1
     4673  26.862769  102.955981    12.246     1609.7    -9539.7     6252.5     73.3     68.8     68.7 2023  3  6  3 24 59.860  3.1   1
     4682  27.130361  102.855721    10.141    -8340.3    20110.2     4147.8     86.1     54.5     94.4 2023  3  6  7 43  0.390  2.5   1
     4685  27.123497  102.873031     9.910    -6623.3    19349.8     3917.2    233.8    118.3    154.2 2023  3  6 11 41 37.020  4.0   1
     4690  27.213464  102.961198     1.457     2124.2    29318.3    -4536.2     12.6     28.1     44.8 2023  3  6 17 43 18.820  1.0   1
     4693  27.061517  102.856030     5.929    -8311.7    12482.3      -63.8    182.7     87.0    144.5 2023  3  6 18 33 21.060  3.4   1
     4699  26.843919  102.951302    13.622     1144.6   -11628.4     7628.5    277.9    212.4    193.9 2023  3  6 20 48 46.520  6.1   1
     4702  26.839722  102.988981     8.311     4887.9   -12093.4     2318.1    102.0     79.1    157.1 2023  3  6 21  4 33.560  2.8   1
     4709  26.837480  102.990479    10.793     5037.0   -12341.7     4800.4    172.9    118.2    130.4 2023  3  6 21 58  3.300  3.2   1
     4710  26.859751  102.940641    10.931       85.7    -9873.9     4938.4    106.2    115.7    103.6 2023  3  6 22 22 54.720  3.4   1
     4713  26.798195  102.990226    13.762     5013.0   -16694.6     7769.2    121.4    132.6     96.6 2023  3  6 23 10 34.880  3.3   1
     4716  26.863365  102.956689    11.937     1680.1    -9473.6     5943.6     64.5     57.4     58.9 2023  3  6 23 32 30.960  2.8   1
     4718  26.841250  102.993278     6.679     5315.0   -11924.0      686.2    112.9    111.4    152.4 2023  3  6 23 47  1.200  2.9   1
     4719  26.859552  102.968433    14.208     2846.5    -9896.0     8214.9     96.0     77.1     85.8 2023  3  6 23 51 24.000  3.8   1
     4727  26.854838  102.968636    11.760     2866.6   -10418.5     5766.5    107.4    110.1     91.4 2023  3  7  1 31 58.920  3.6   1
     4728  26.845449  102.957682    10.971     1778.3   -11458.9     4978.2    114.8     77.8    137.3 2023  3  7  2 24 32.150  4.1   1
     4730  26.847856  102.940983     7.549      119.5   -11192.0     1556.1    121.8     90.7    117.0 2023  3  7  3 21 32.720  3.4   1
     4731  26.848535  102.985376    13.185     4529.4   -11116.9     7191.8     53.7     50.7    100.2 2023  3  7  3 41 30.630  4.1   1
     4734  26.866142  102.924268    10.670    -1540.6    -9165.8     4676.9    146.2     99.2     89.4 2023  3  7  4 37  7.440  3.5   1
     4738  27.044059  102.771346    13.684   -16718.6    10547.8     7691.2    128.9    119.8    131.6 2023  3  7  5 32 22.230  4.8   1
     4739  26.859279  102.977222     9.256     3719.6    -9926.2     3263.1    188.3    187.9    250.7 2023  3  7  5 48 34.360  3.6   1
     4741  26.853646  102.967187    13.567     2723.2   -10550.6     7574.0     83.5     97.8     73.9 2023  3  7  7  3 58.910  4.4   1
     4744  26.854510  102.946224    13.021      640.4   -10454.7     7028.3    170.5    127.9    132.1 2023  3  7  8 29 47.790  3.6   1
     4745  26.850659  102.960075     6.849     2016.3   -10881.4      856.0    139.4    118.0    200.8 2023  3  7  9  0 10.610  3.3   1
     4753  26.847266  102.941659    13.911      186.4   -11257.5     7917.9    124.8     91.7    105.2 2023  3  7 14  7 58.450  3.7   1
     4754  26.857161  102.919963    10.808    -1968.3   -10160.9     4814.7    166.3    115.2    122.5 2023  3  7 14 12 42.270  4.2   1
     4755  26.855267  102.941634    11.027      184.4   -10370.8     5034.0     92.7     95.2     67.7 2023  3  7 14 38 37.150  4.4   1
     4756  26.840574  102.973161    13.222     3316.5   -11998.8     7228.8    150.0    152.0    110.3 2023  3  7 14 40 28.990  5.1   1
     4759  26.841060  102.969751    11.422     2977.8   -11945.0     5428.5     89.1     63.9     85.3 2023  3  7 15 16 58.030  4.7   1
     4764  26.853223  102.979508    11.424     3947.2   -10597.3     5430.9     66.4     70.9     71.4 2023  3  7 19  1 47.760  3.4   1
     4765  26.854879  102.965682    10.829     2573.1   -10413.9     4836.3    103.1     92.4     77.5 2023  3  7 19 34 57.800  3.5   1
     4769  26.850867  102.967993    15.377     2802.6   -10858.5     9383.7     92.2     56.6     81.9 2023  3  7 21 13 56.800  4.2   1
     4770  26.845435  102.981868    10.463     4181.4   -11460.3     4470.0     77.5     63.3     65.2 2023  3  7 21 21 38.080  4.7   1
     4771  26.855070  102.967611     7.157     2764.8   -10392.7     1163.6    121.6     98.6    174.0 2023  3  7 21 31 15.840  3.3   1
     4773  26.854755  102.969352     7.247     2937.8   -10427.7     1254.0     84.2    103.8    119.0 2023  3  7 21 37  4.420  3.1   1
     4774  26.851552  102.962085    16.099     2215.6   -10782.6    10106.0    104.4     58.1     74.0 2023  3  7 21 44 29.740  4.6   1
     4775  26.857174  102.942074    10.957      228.1   -10159.7     4964.3     96.7     87.7    122.1 2023  3  7 21 58 11.320  3.5   1
     4776  26.844706  102.945711     6.556      589.6   -11541.1      562.6    163.0    148.5    141.2 2023  3  7 22 12 13.060  3.0   1
     4777  26.868239  102.937777    11.238     -198.9    -8933.5     5244.9     75.0     83.6     73.9 2023  3  7 22 18  8.440  2.5   1
     4778  26.852350  102.932707     9.993     -702.2   -10694.1     4000.0    218.9    150.4    193.2 2023  3  7 22 33 19.200  3.1   1
     4784  26.854352  102.984896    12.607     4482.0   -10472.3     6613.9    158.5    127.2    156.7 2023  3  7 23 35 24.520  3.5   1
     4789  26.856250  102.939103    14.847      -66.8   -10262.0     8854.2    193.6    133.2     87.3 2023  3  8  0 57 17.160  4.1   1
     4790  26.838137  102.968538     8.883     2857.6   -12269.0     2890.3     53.1     45.3     65.3 2023  3  8  1  6 50.680  2.6   1
     4791  26.850049  102.978573    11.903     3853.5   -10949.1     5909.8    167.1    200.5    114.4 2023  3  8  3  2 53.700  3.9   1
     4792  26.839884  102.942293     7.564      249.9   -12075.2     1570.8     97.8     65.0     85.6 2023  3  8  3 38 24.440  3.5   1
     4796  26.850411  102.987256    10.521     4716.9   -10908.8     4528.4     72.9     62.7     63.1 2023  3  8  4 57 33.230  3.8   1
     4797  26.850842  102.953475    11.868     1360.8   -10861.1     5875.0    173.8    165.6    137.5 2023  3  8  5 35 57.320  3.5   1
     4800  26.864591  102.963265    12.607     2332.7    -9337.7     6613.7    159.0    116.0    119.4 2023  3  8  8 34 31.720  2.9   1
     4804  26.861993  102.971305    13.889     3131.9    -9625.6     7895.7    107.6    105.2     72.7 2023  3  8 10 57 26.430  3.6   1
     4807  26.852722  102.987728    11.769     4763.2   -10652.8     5776.2    100.4    111.4    133.6 2023  3  8 11 16  2.730  4.7   1
     4808  26.842924  102.995418    11.431     5527.4   -11738.5     5438.2    131.0    116.8    170.6 2023  3  8 11 32  1.250  4.6   1
     4811  26.848232  102.979557    13.866     3951.4   -11150.3     7873.2    104.6     92.8     87.1 2023  3  8 12 16  0.270  3.5   1
     4812  27.120683  102.872168    12.590    -6708.5    19037.9     6596.7    233.3    130.6    168.0 2023  3  8 12 28 57.760  4.6   1
     4815  26.851949  102.924691     9.409    -1498.8   -10738.5     3416.3    230.7    166.4    196.3 2023  3  8 13 18 43.040  4.4   1
     4817  26.858716  102.976986     8.427     3696.2    -9988.8     2434.2    109.6    116.9    129.9 2023  3  8 14 11 31.600  3.5   1
     4819  26.870581  102.927498    13.564    -1220.0    -8674.1     7571.1    262.3    213.5    165.9 2023  3  8 14 20 24.160  3.3   1
     4826  26.859829  103.000285    12.201     6010.3    -9865.4     6207.4    220.4    173.4    213.7 2023  3  8 16 15 45.670  3.2   1
     4829  27.128257  102.838778    10.525   -10021.7    19877.1     4531.8     61.0     57.0    113.5 2023  3  8 16 47  0.080  4.2   1
     4831  26.850942  102.936792     8.011     -296.4   -10850.0     2018.4    170.3    119.9    174.8 2023  3  8 17 18 39.800  3.2   1
     4842  26.838291  102.955640     7.985     1576.0   -12251.8     1991.5     89.8     66.1     82.3 2023  3  8 18 28  0.140  3.5   1
     4844  26.852708  102.938371    14.313     -139.6   -10654.5     8319.6    115.7     98.7     85.1 2023  3  8 18 45 27.760  2.8   1
     4845  26.830166  102.955046     6.219     1516.9   -13152.1      225.6    151.4    123.8    246.8 2023  3  8 18 49 30.880  3.0   1
     4847  26.844808  102.975911     7.368     3589.3   -11529.8     1374.6     46.3     44.1     82.8 2023  3  8 18 57 27.600  2.7   1
     4849  26.959436  102.810221     7.646   -12864.3     1171.4     1652.5     85.3    147.5    132.0 2023  3  8 19  8 18.620  2.2   1
     4851  26.847778  102.931087     8.193     -863.6   -11200.7     2200.4    166.8    154.0    184.6 2023  3  8 19 33  5.040  3.0   1
     4861  26.840564  102.956201     6.621     1631.7   -12000.0      628.1    178.3    156.0    221.4 2023  3  8 21  9 17.160  3.3   1
     4863  26.851691  102.949862     9.965     1001.3   -10767.2     3971.5     79.9     68.0     94.8 2023  3  8 22  6  3.880  2.9   1
     4866  26.829624  102.981177     6.384     4112.6   -13212.2      390.8    322.2    255.6    425.5 2023  3  8 22 33 58.560  2.5   1
     4867  26.850000  102.977498    14.231     3747.0   -10954.4     8238.1    130.9    172.3     78.0 2023  3  8 22 37 23.320  5.3   1
     4869  26.844128  102.973796     9.042     3379.3   -11605.0     3049.1     72.4     52.7     68.7 2023  3  8 22 47 56.720  3.4   1
     4870  26.849056  102.956510    11.102     1662.5   -11059.0     5108.8    139.0    118.2     96.6 2023  3  8 22 53 20.080  4.4   1
     4871  26.858663  102.958138    11.229     1824.1    -9994.6     5235.8    162.5    171.6    111.3 2023  3  8 23  1 14.240  4.4   1
     4873  26.850197  102.966349     8.204     2639.8   -10932.7     2211.0    225.1    162.5    229.8 2023  3  8 23 12 30.480  3.6   1
     4874  26.852749  103.023413     7.375     8308.4   -10650.0     1382.4     48.4     32.3     82.8 2023  3  8 23 13 55.680  3.0   1
     4875  26.849874  102.946411     9.633      658.9   -10968.5     3640.2     84.6     65.7     87.1 2023  3  8 23 18 10.680  3.7   1
     4876  26.847339  102.928695    11.101    -1101.2   -11249.2     5108.2     84.2     59.4     63.2 2023  3  8 23 31 30.160  3.5   1
     4878  26.858592  102.993864    15.085     5372.9   -10002.6     9092.4     74.0     60.4     71.7 2023  3  8 23 45 23.320  3.4   1
     4879  26.840029  102.936255    10.900     -350.5   -12059.4     4907.1    111.9     91.1     94.8 2023  3  8 23 46 48.580  3.6   1
     4881  26.859971  102.938346     8.140     -141.9    -9849.7     2147.1     77.4     87.5     52.6 2023  3  9  0  8 16.170  3.0   1
     4882  26.842161  102.995459     9.928     5531.9   -11822.9     3934.8     65.7     60.3     84.3 2023  3  9  0 11 33.010  3.5   1
     4883  26.850427  102.933822    11.319     -591.9   -10907.2     5326.3     97.3     66.8     94.1 2023  3  9  0 20 14.340  4.0   1
     4884  26.865210  102.961556    17.632     2163.0    -9269.2    11638.9    168.5    101.7    104.5 2023  3  9  0 23 50.010  4.0   1
     4886  26.888391  102.784285    17.102   -15444.3    -6700.6    11109.0      0.0      0.0      0.0 2023  3  9  0 34 17.400  2.9   1
     4890  26.848934  102.922103    12.014    -1755.9   -11072.6     6020.5    126.4    122.6    101.6 2023  3  9  1 40 14.960  3.8   1
     4893  26.854067  102.961230    10.144     2130.9   -10503.8     4150.9    125.0    111.5    115.2 2023  3  9  5 13 22.700  5.9   1
     4894  26.857957  102.989665    14.051     4955.8   -10072.8     8058.1     68.4     50.6     45.6 2023  3  9  5 38 48.930  3.3   1
     4897  26.880408  102.889795    10.880    -4964.6    -7585.3     4886.4    110.1     99.6     63.6 2023  3  9  6 15  2.590  3.8   1
     4898  26.862864  102.971191     8.895     3120.1    -9529.2     2901.8    100.5     88.2    104.3 2023  3  9  6 15 57.280  3.5   1
     4900  26.857461  102.973071    10.666     3307.3   -10127.8     4673.4    127.6    137.6    160.7 2023  3  9  6 32  3.540  4.3   1
     4902  26.857473  102.968555    10.889     2858.2   -10126.5     4895.6    102.2    107.7     76.0 2023  3  9  6 45 48.880  4.0   1
     4903  26.861715  102.949561    11.809      972.0    -9656.5     5816.2    137.1    107.0     98.9 2023  3  9  6 46 51.560  3.8   1
     4905  26.844448  102.955770     4.789     1589.0   -11569.6    -1203.8     52.5     57.9     83.5 2023  3  9  7  8 25.460  3.1   1
     4909  26.867326  102.951758    14.747     1189.8    -9034.6     8753.8    188.9    153.3    131.9 2023  3  9  7 34 40.850  4.3   1
     4910  26.863584  102.959741    11.662     1982.7    -9449.2     5668.8     71.2     71.9     74.9 2023  3  9  7 45 49.050  3.3   1
     4911  26.858765  102.981722    10.375     4166.7    -9983.3     4382.4     59.4     75.1     67.4 2023  3  9  7 50 26.180  3.9   1
     4912  26.842684  102.975716    11.667     3570.0   -11765.1     5673.8    105.9     69.5     96.2 2023  3  9  8  5  8.630  4.8   1
     4914  26.851461  102.945247     6.877      543.5   -10792.7      883.6    127.8     93.8    137.9 2023  3  9  8 52 12.370  3.2   1
     4916  26.854362  102.980168    11.202     4012.4   -10471.1     5208.6     80.8     71.8     71.6 2023  3  9  9  0 32.420  4.1   1
     4917  26.850098  102.974740     7.718     3472.9   -10943.7     1725.4     80.8     48.2     82.1 2023  3  9  9  4 21.020  3.5   1
     4918  26.854059  102.928475    10.458    -1123.3   -10504.7     4464.7    194.6    193.7    157.5 2023  3  9  9 17 12.240  4.3   1
     4926  27.117914  102.842432    10.782    -9659.7    18731.1     4789.4    149.8     80.7    136.0 2023  3  9 10 41  7.130  4.5   1
     4928  26.840597  102.958358     4.232     1845.9   -11996.4    -1761.2    289.2    243.3    398.1 2023  3  9 10 55  9.960  2.9   1
     4929  26.868252  102.966097    13.327     2614.3    -8932.1     7334.2    143.4    139.7     92.7 2023  3  9 11 29 18.650  3.4   1
     4930  26.859159  102.990495     9.996     5037.8    -9939.7     4003.0     65.3     97.4     81.4 2023  3  9 11 30 47.930  3.3   1
     4948  26.841919  102.991154    11.317     5104.1   -11849.9     5324.3     67.9     79.6     86.6 2023  3  9 14 21 16.690  3.2   1
     4952  26.840904  102.987703     8.140     4761.1   -11962.3     2147.4     98.0     75.7    156.3 2023  3  9 16 32  5.440  4.1   1
     4958  26.865275  102.862655     9.698    -7661.0    -9262.0     3705.3     47.9     74.7    123.0 2023  3  9 19  9 13.540  4.3   1
     4959  26.851019  102.915877    11.317    -2374.6   -10841.6     5324.0    134.7    142.2    113.1 2023  3  9 19 16 19.620  2.8   1
     4963  26.851156  102.943473    11.292      366.7   -10826.4     5298.7    104.7     89.7     73.4 2023  3  9 20 12 33.500  2.8   1
     4966  26.856248  102.941886    13.919      209.2   -10262.1     7926.1    117.2    111.2     69.8 2023  3  9 20 28 34.180  3.9   1
     4968  26.855607  102.934188    13.804     -555.3   -10333.2     7810.7    343.1    272.8    287.2 2023  3  9 20 45 26.880  3.4   1
     4969  26.850671  102.948275    11.010      844.1   -10880.2     5016.9     68.7     52.3     80.1 2023  3  9 20 49 10.180  3.5   1
     4971  26.842110  102.969271     6.998     2930.3   -11828.8     1004.9    339.2    267.6    406.3 2023  3  9 20 56  0.000  2.7   1
     4972  26.856405  102.938306    13.996     -146.4   -10244.9     8003.1    294.0    226.3    225.0 2023  3  9 20 59 26.520  3.3   1
     4974  26.867218  102.961157    13.498     2123.8    -9046.7     7505.0    143.3    124.1     96.9 2023  3  9 21  6 49.720  5.2   1
     4975  26.868530  102.942008    16.092      221.9    -8901.2    10099.0    186.8    161.0    158.0 2023  3  9 21 12 28.800  3.3   1
     4977  26.889750  102.869206     7.258    -7009.5    -6550.0     1265.0     20.4     17.7     31.5 2023  3  9 21 21 14.400  2.6   1
     4981  26.855406  102.947103    11.580      727.2   -10355.5     5586.5    111.6     59.2     91.4 2023  3  9 21 36  5.360  3.9   1
     4984  26.844216  102.996200    10.218     5605.0   -11595.3     4224.5    123.9     93.7    151.1 2023  3  9 21 46 59.720  2.8   1
     4988  26.879112  102.896615    13.052    -4287.6    -7728.7     7058.9     37.2     37.2     21.0 2023  3  9 22 21 41.340  2.9   1
     4992  26.851780  102.973820    10.885     3382.0   -10757.2     4892.1     74.0     75.2     48.8 2023  3  9 22 48 34.400  3.8   1
     4997  26.864278  102.948462    13.177      862.5    -9372.4     7184.1    134.6     81.5     99.7 2023  3 10  0 20 44.950  5.5   1
     4999  26.850240  102.944637    11.794      482.9   -10927.8     5800.8    145.1    114.8    130.4 2023  3 10  0 50 10.610  4.2   1
     5000  26.854146  102.977189    15.912     3716.1   -10495.0     9919.4    143.1    113.4    121.4 2023  3 10  1 32 17.130  4.6   1
     5001  26.860354  102.962801    12.290     2287.0    -9807.3     6296.8     82.9     89.7     75.5 2023  3 10  1 58 31.600  2.6   1
     5004  26.866661  102.905949     9.198    -3360.7    -9108.6     3205.2     66.1     54.0     85.1 2023  3 10  2 51 15.710  3.4   1
     5005  26.941014  102.828223     8.886   -11078.1     -869.8     2892.9     25.4     28.4     21.3 2023  3 10  2 53 24.800  3.2   1
     5007  26.842806  102.971061     9.222     3108.0   -11751.7     3229.4     64.3     70.3     70.6 2023  3 10  3 17 29.440  3.0   1
     5009  26.847811  103.016309    14.416     7603.0   -11196.9     8422.6    108.9     86.5     79.6 2023  3 10  3 28 22.810  3.7   1
     5010  26.842480  102.940356     9.624       57.8   -11787.7     3631.0    140.6     93.6    154.1 2023  3 10  3 57 59.450  3.5   1
     5011  26.867399  102.934863    11.203     -488.2    -9026.5     5210.3    131.4    136.3    133.8 2023  3 10  5 39 33.770  2.9   1
     5014  26.866966  102.952051    11.840     1218.9    -9074.6     5846.9     73.7     68.4     64.4 2023  3 10  6 35 52.600  3.3   1
     5015  26.966683  102.793278     7.058   -14546.7     1974.4     1064.9    139.8    178.5    213.7 2023  3 10  6 36 58.260  2.9   1
     5021  26.861700  102.917448     9.114    -2218.0    -9658.0     3121.0    148.0    156.2    167.5 2023  3 10 10 18  2.270  2.9   1
     5022  26.844210  102.991805    10.205     5168.5   -11596.0     4212.1     62.0     42.1     62.8 2023  3 10 11 21 23.550  3.4   1
     5023  26.849575  102.962573    13.315     2264.6   -11001.6     7321.6    142.3    104.4    130.9 2023  3 10 12 19 19.430  3.5   1
     5024  26.831972  102.988273    12.869     4818.1   -12952.1     6876.2     43.6     56.5     83.1 2023  3 10 13 19 22.060  4.1   1
     5030  26.869718  102.925407    10.619    -1427.8    -8769.6     4625.7    101.7     83.9     81.2 2023  3 10 14 54 40.440  2.6   1
     5032  26.841488  102.936092    14.607     -366.5   -11897.6     8613.5    191.3    130.7     67.0 2023  3 10 16 13 27.840  3.8   1
     5036  27.035465  102.885685    11.399    -5369.4     9595.5     5405.6    264.9    156.1    155.9 2023  3 10 18  8  4.040  4.8   1
     5041  27.027244  102.901912    12.014    -3758.9     8684.6     6020.7     76.1     89.6     39.1 2023  3 10 18 52 49.780  3.7   1
     5043  27.038196  102.909530     9.884    -3002.9     9898.2     3890.6    203.1    119.7    111.7 2023  3 10 18 57 22.840  3.7   1
     5044  27.018648  102.890422    11.037    -4899.5     7732.3     5044.1    182.7    135.5     95.1 2023  3 10 19  2 23.560  3.3   1
     5045  27.028752  102.897103     9.815    -4236.5     8851.7     3822.0     73.8     45.5     32.6 2023  3 10 19  5 56.440  3.2   1
     5048  27.014412  102.896493    11.944    -4296.9     7262.9     5950.9     84.4     73.0     45.0 2023  3 10 19 23 42.860  2.3   1
     5049  26.866718  102.938468    10.631     -129.8    -9102.0     4638.4    117.7    117.4     85.4 2023  3 10 19 42 54.160  3.0   1
     5052  27.025852  102.904541     9.530    -3497.9     8530.6     3537.0    109.8     65.2     52.6 2023  3 10 19 55 36.560  3.2   1
     5054  26.851471  102.970264     6.895     3028.7   -10791.4      902.0     91.5     81.5    121.6 2023  3 10 20 14 21.840  3.4   1
     5055  27.026774  102.890999    10.110    -4841.8     8632.6     4116.7    107.3     72.3     42.9 2023  3 10 20 25 37.900  3.9   1
     5061  26.856165  102.960718     8.566     2080.0   -10271.4     2572.8    209.6    186.7    235.6 2023  3 10 21  1 11.540  3.5   1
     5064  26.847203  102.969897     5.656     2992.5   -11264.5     -336.9    156.2    132.2    196.5 2023  3 10 21 25  8.900  3.2   1
     5065  26.845764  102.938086     8.858     -168.6   -11423.8     2865.0    159.2    161.1    190.6 2023  3 10 21 37 59.520  3.1   1
     5070  26.854598  102.968872     8.647     2890.0   -10445.1     2653.6    101.9     95.9    112.0 2023  3 10 22 15  6.200  3.0   1
     5071  27.113180  102.860701    13.287    -7847.0    18206.4     7293.7    172.7    178.9    141.0 2023  3 10 22 20 47.880  3.5   1
     5072  26.866911  102.942733    12.760      293.3    -9080.8     6766.7    115.2    114.3     83.5 2023  3 10 22 47  7.080  2.2   1
     5079  26.858927  102.948861     6.898      902.5    -9965.3      905.2    113.0     79.8    134.9 2023  3 10 23 16  8.140  3.5   1
     5080  26.861979  102.972282     8.394     3228.7    -9627.2     2401.2    109.4     95.1    114.6 2023  3 10 23 23 55.640  3.3   1
     5083  27.108405  102.830648     9.757   -10829.3    17677.4     3763.5     52.8     30.0     41.1 2023  3 11  0  8 26.740  3.5   1
     5087  26.850305  102.960758    11.904     2084.4   -10920.8     5910.7    166.0    154.7    164.0 2023  3 11 13  1 44.270  3.3   1
     5091  26.918119  102.791821    10.585   -14694.3    -3406.8     4592.2    129.0    166.8    137.2 2023  3 11 14 29 21.430  2.3   1
     5092  27.100730  102.823910     9.457   -11497.9    16827.0     3464.1     98.5     58.2     91.0 2023  3 11 14 41 36.040  2.8   1
     5106  26.875578  102.873039     7.793    -6629.7    -8120.4     1800.0     25.2     14.9     32.9 2023  3 11 21  1 59.360  2.7   1
     5115  27.159743  103.120166    12.304    17895.7    23365.9     6310.7     67.0     51.1    104.0 2023  3 11 23 30 29.120  4.9   1
     5121  26.840859  102.938721    12.587     -105.0   -11967.2     6593.7    184.3    131.5    140.4 2023  3 12  1 19  0.220  4.1   1
     5132  26.844578  102.962093     9.184     2216.9   -11555.3     3191.1    163.0    106.6    159.4 2023  3 12  8 12 14.250  3.6   1
     5136  27.117371  102.794206     2.573   -14445.0    18670.9    -3420.2     75.7     73.6    301.9 2023  3 12  9 45 22.730  4.0   1
     5148  26.875303  102.895785    14.557    -4370.4    -8150.7     8564.2     39.1     38.0     19.8 2023  3 12 15 10  5.380  3.3   1
     5152  26.862526  102.929932     8.804     -978.4    -9566.5     2810.5    159.0     95.4    114.5 2023  3 12 16  1 19.410  2.5   1
     5157  26.880806  102.912760    15.178    -2684.0    -7541.1     9184.6    163.8    117.3     94.2 2023  3 12 19  9 25.120  3.2   1
     5158  26.998297  102.800627     4.977   -13814.4     5477.1    -1016.5     79.8     92.9    107.7 2023  3 12 19 23 38.260  3.5   1
     5162  27.127755  102.844360    10.129    -9467.4    19821.5     4135.5    155.7    117.1    192.9 2023  3 12 20 30 52.180  2.9   1
     5165  26.946252  102.823633     8.060   -11533.4     -289.4     2067.3     24.3     27.4     24.7 2023  3 12 21 27  6.560  3.0   1
