        3  26.919114  102.842171    12.061    -9693.8    -3296.5     6067.8     78.2     98.1     67.1 2022  8 23 16 29 48.550  1.9   1
       91  26.531984  103.169263    18.650    22829.2   -46191.5    12656.5     42.8     37.3     43.0 2022  8 31 10 53 13.050  2.7   1
      135  27.032947  103.117708    10.497    17661.5     9316.5     4503.5     18.6     19.3     26.3 2022  9  2 20 12 18.120  2.3   1
      141  26.538098  103.177401    19.686    23638.5   -45513.9    13692.9     42.4     38.1     42.3 2022  9  3  2 56 53.270  2.8   1
      144  26.593441  102.939535     4.334      -24.3   -39381.9    -1659.3    233.7    129.0    330.2 2022  9  3  9 16  5.250  3.6   1
      222  26.878402  102.777197    15.800   -16149.2    -7807.4     9806.5      0.0      0.0      0.0 2022  9  8 17 34 28.040  3.0   1
      257  27.037923  103.002686     2.437     6243.8     9867.9    -3556.2    112.5     34.1     52.0 2022  9 12  0 14 51.300  2.7   1
      269  27.237956  102.963420     1.513     2344.9    32032.1    -4480.3     14.3     50.8     50.2 2022  9 12 17 33 19.000 -0.5   1
      276  26.959930  103.004517     9.368     6427.9     1226.2     3375.3      7.5      7.0     15.4 2022  9 13  0 33 14.780  1.3   1
      371  27.215049  102.961263     1.726     2130.8    29493.9    -4266.8     11.8     15.8     22.6 2022  9 18  5 49 58.600  1.3   1
      392  26.921814  102.735116     5.443   -20325.1    -2997.4     -549.7      6.9      7.9      8.4 2022  9 19 21  5  7.620  2.8   1
      439  27.298484  103.015682     4.835     7526.0    38738.8    -1158.0      0.0      0.0      0.0 2022  9 24  1 45 33.660  2.9   1
      444  27.014874  102.765373     8.121   -17313.6     7314.1     2128.1    188.2    230.0    347.5 2022  9 24  7 41 55.320  2.6   1
      489  27.230255  102.962907     1.596     2293.5    31178.8    -4397.1     14.0     43.2     34.2 2022  9 27 19 23 18.840  0.0   1
      523  27.054012  102.848519     8.045    -9058.1    11650.6     2051.8     45.0     34.0     46.2 2022  9 29 17 23 38.880  2.1   1
      536  27.229333  102.962720     0.930     2275.3    31076.6    -5063.5     12.7     35.4     56.0 2022  9 30  9 49 58.940  1.2   1
      543  26.675614  103.097323     0.771    15662.7   -30276.8    -5222.1    101.0     53.3     63.0 2022  9 30 20 38 44.360  2.2   1
      563  27.304211  103.017236     5.396     7679.6    39373.3     -597.5      0.0      0.0      0.0 2022 10  2 12 44 16.360  2.3   1
      624  26.922323  102.997054     6.510     5688.2    -2940.8      516.8      2.6      3.8      2.9 2022 10  6 19 23 17.160  0.7   1
      663  26.543268  103.000895     3.769     6079.4   -44941.3    -2224.1     16.2     24.0     19.6 2022 10  9 11 37 14.950  2.2   1
      672  26.809469  102.900968    10.672    -3856.1   -15445.5     4678.8      1.3      0.8      1.1 2022 10 10  3 35  1.940  3.7   1
      811  26.538928  102.963037     5.438     2313.6   -45422.1     -555.2     85.1     39.4    111.1 2022 10 19 14 46 46.080  3.0   1
      839  26.745732  103.023234     9.176     8294.3   -22507.7     3183.4      7.1      5.7      8.1 2022 10 20 17 33 27.740  2.5   1
      903  27.208944  102.978109     1.615     3801.8    28817.5    -4378.5     77.5     92.2    169.5 2022 10 26  7 44 50.780  2.5   1
      959  26.930198  102.815177     4.625   -12373.6    -2068.2    -1368.2     93.4    277.2    155.4 2022 11  1  0 13 34.950  2.8   1
     1011  26.938904  102.881510     5.525    -5786.7    -1103.6     -468.5    254.3    356.0    237.1 2022 11  8 16 46  5.690  2.4   1
     1016  26.568746  103.072965     2.762    13247.7   -42118.1    -3230.7      5.8      3.8      4.7 2022 11  9  5 41  9.940  2.7   1
     1090  26.860785  103.104118     2.018    16324.8    -9759.5    -3975.1    200.6    239.1    255.4 2022 12 11  7  3 23.660  2.7   1
     1101  26.849923  103.094222     1.200    15342.6   -10963.1    -4793.3    177.4    349.0    333.9 2022 12 25 14 50 26.040  2.8   1
     1104  26.869710  102.902083     9.423    -3744.4    -8770.4     3430.4     45.3     28.4     54.9 2023  1  1  1  2 48.170  2.7   1
     1120  27.213765  102.960767     1.644     2081.5    29351.6    -4348.7     18.8     24.5     36.2 2023  1  1  8 59 58.740  1.1   1
     1150  26.924253  102.919198     7.418    -2043.6    -2726.9     1425.3     79.9     57.6     67.6 2023  1  1 17 54 31.060  2.5   1
     1172  26.904765  102.810693     4.186   -12820.8    -4886.4    -1806.9     72.5     75.2    119.8 2023  1  2  2 44 50.100  3.0   1
     1194  26.823844  102.941398    13.423      161.1   -13852.5     7430.3     68.6     84.6     51.2 2023  1  2 13 15 59.500  3.7   1
     1199  26.847805  102.920418    17.856    -1923.1   -11197.7    11863.0    102.7     89.2     61.8 2023  1  2 14 42 20.610  3.5   1
     1210  26.745235  102.902555    14.482    -3699.3   -22562.6     8488.9     19.3     21.4     15.4 2023  1  2 19 33 14.920  1.4   1
     1213  26.979091  102.899072     8.978    -4041.2     3349.2     2985.4     60.6    124.3     37.4 2023  1  2 20 38 12.040  2.4   1
     1214  26.984644  102.904004    19.786    -3552.2     3964.4    13792.9     11.1     16.3     26.1 2023  1  2 20 43 14.180  0.7   1
     1246  26.960077  103.004427     9.223     6419.4     1242.3     3229.5      7.2      7.3     19.7 2023  1  3  9 53 14.500  1.3   1
     1269  26.530054  102.969491     4.450     2955.7   -46405.4    -1543.0     79.1     39.9     97.4 2023  1  3 17  5 17.760  3.4   1
     1270  27.093791  102.771379     2.249   -16711.6    16058.1    -3744.2     67.9     57.6     96.7 2023  1  3 17  7 56.840  2.8   1
     1280  26.913479  103.008993     6.403     6874.2    -3920.8      410.0      2.5      3.9      3.1 2023  1  3 18 37 22.120  2.0   1
     1304  27.113776  102.833407    13.105   -10554.9    18272.5     7112.0    154.6    131.2    134.6 2023  1  4  2 22 33.690  2.9   1
     1338  26.984656  102.903646    21.057    -3587.7     3965.7    15064.1     38.2     21.8     35.6 2023  1  4 16 33 13.890  0.9   1
     1350  26.851213  102.959481    14.020     1957.6   -10820.1     8026.8     67.4     68.4     71.9 2023  1  4 19 27 11.020  3.5   1
     1360  26.970626  102.928939     5.738    -1076.0     2411.2     -254.7     49.4     62.3     84.1 2023  1  4 22 34  8.940  2.1   1
     1371  27.175041  102.809448     1.554   -12929.2    25060.9    -4438.7      8.2      6.1     10.2 2023  1  5  5  3  4.960  3.6   1
     1395  26.923610  102.916414     7.361    -2320.6    -2798.3     1368.1     88.0     58.4     73.8 2023  1  5 16 58 37.710  3.2   1
     1405  26.793929  102.976978    14.372     3696.6   -17167.2     8379.4     42.1     43.9     50.3 2023  1  5 18 48 23.160  3.0   1
     1406  26.980483  102.905550    19.646    -3398.7     3503.4    13652.5     18.1     30.5     15.0 2023  1  5 18 53 13.880  1.2   1
     1410  26.846277  102.946956     4.535      712.9   -11367.1    -1458.2     23.8     30.5     59.3 2023  1  5 19 19 20.860  2.6   1
     1411  26.921916  102.847713    10.776    -9142.8    -2986.1     4782.7     77.1     96.3     68.0 2023  1  5 19 20 31.660  2.4   1
     1412  26.850503  102.943620     4.207      381.8   -10898.8    -1786.3     18.4     32.9     58.0 2023  1  5 19 34 36.200  2.3   1
     1425  26.821474  102.954655    14.233     1478.3   -14115.2     8239.8    130.3    107.7     87.3 2023  1  5 21  4 48.560  3.5   1
     1428  26.830764  102.970516    16.834     3053.8   -13085.8    10841.4     72.7     25.9     50.0 2023  1  5 21 57 36.580  5.6   1
     1431  26.827730  102.949064    10.927      922.8   -13421.9     4934.4    141.3    135.2    119.8 2023  1  5 22  4  9.800  4.9   1
     1433  26.837248  102.947445    11.316      761.3   -12367.5     5323.4     41.8     49.0     50.0 2023  1  5 22 15 54.360  2.9   1
     1436  26.823362  102.955713    14.160     1582.8   -13906.1     8166.8     69.7     62.8     56.2 2023  1  5 22 21  5.480  5.6   1
     1439  26.849512  102.999666    14.508     5949.3   -11008.5     8515.4     44.4     43.6     31.8 2023  1  5 22 43 29.800  5.2   1
     1440  26.830019  102.961043    13.547     2113.1   -13168.5     7554.0     48.0     77.1     32.7 2023  1  5 22 45 17.520  4.8   1
     1441  26.836405  102.963875    12.128     2394.4   -12460.8     6135.0    105.4     64.5     59.3 2023  1  5 22 47 20.320  3.1   1
     1442  26.807819  102.943937    16.947      413.3   -15628.3    10954.1    178.7    108.7    109.7 2023  1  5 22 55 34.980  3.9   1
     1444  26.836247  102.966569    16.136     2661.7   -12478.5    10143.0     78.5     98.3     50.2 2023  1  5 23  2 29.760  3.2   1
     1445  26.832249  102.964518    11.638     2457.7   -12921.3     5645.0     63.7     45.8     64.5 2023  1  5 23  5 44.480  4.0   1
     1448  26.821763  102.964380    14.840     2443.9   -14083.1     8846.5     82.5     78.4     49.3 2023  1  5 23 27 57.080  5.4   1
     1450  26.813328  102.932975    15.626     -676.0   -15017.8     9633.4    174.1    106.1    109.9 2023  1  5 23 38 26.920  3.7   1
     1460  26.594208  103.019556     3.356     7934.0   -39297.0    -2637.3     51.3     49.6     52.2 2023  1  6  1 44  6.960  2.5   1
     1461  26.836035  102.921794    11.816    -1786.8   -12501.7     5822.6    124.6     75.2    108.6 2023  1  6  2  9 13.140  3.6   1
     1465  26.824054  102.971501    17.494     3151.5   -13829.3    11501.1    151.5    108.7    110.2 2023  1  6  2 50 22.410  5.9   1
     1467  26.833704  102.962492    11.909     2256.8   -12760.2     5916.3     97.1     66.5     44.8 2023  1  6  2 57  1.020  3.8   1
     1469  26.834800  102.952026    12.428     1217.2   -12638.6     6434.7     66.8     85.3     55.1 2023  1  6  3  0 59.270  3.6   1
     1470  26.828959  102.948462    13.448      862.9   -13285.8     7454.5     58.3     64.8     49.5 2023  1  6  3 25  4.030  3.7   1
     1474  26.819098  102.955290    15.670     1541.5   -14378.5     9677.4    129.6    167.4    148.8 2023  1  6  3 41 32.280  3.4   1
     1479  26.831856  102.961304    14.244     2138.3   -12964.8     8250.6     72.5     69.8     60.1 2023  1  6  4 27 46.330  3.9   1
     1480  26.830564  102.979753    13.132     3971.2   -13108.0     7139.2    100.1     89.6     89.3 2023  1  6  4 51 23.310  3.7   1
     1489  26.809416  102.965259    12.237     2531.4   -15451.3     6244.0     67.3     65.1     49.9 2023  1  6  6  5 52.330  3.0   1
     1490  26.836196  102.966219    13.025     2626.9   -12484.1     7031.7    125.5    132.9     98.5 2023  1  6  6  8 33.500  3.0   1
     1496  26.832436  102.962671    13.664     2274.7   -12900.7     7671.4     90.7     85.0     47.3 2023  1  6  7 51  6.930  4.0   1
     1509  26.832831  102.979061    17.549     3902.7   -12856.9    11555.9    124.7    100.5     78.1 2023  1  6 11  5  1.410  3.2   1
     1510  26.969637  102.908016     8.816    -3153.6     2301.6     2823.1    170.1    204.6    143.4 2023  1  6 11 15 40.300  5.4   1
     1511  26.837893  102.957699    13.820     1780.5   -12296.0     7826.6     52.4     51.4     58.9 2023  1  6 11 24 59.760  3.7   1
     1520  26.836267  102.950911    13.829     1105.9   -12476.1     7836.0     79.3    134.4     86.3 2023  1  6 14 37 17.560  3.7   1
     1530  26.831714  102.943075    10.008      327.7   -12980.6     4015.3    138.5     98.6    126.9 2023  1  6 16 14 42.600  2.7   1
     1531  26.876428  102.932406     8.242     -732.4    -8026.3     2248.7     59.9     69.2    100.5 2023  1  6 16 35 36.810  2.5   1
     1546  26.874412  102.840755     3.760    -9836.4    -8249.5    -2232.7    159.9     73.4    162.5 2023  1  6 18 53 36.500  2.2   1
     1551  26.823653  102.950456    13.221     1060.8   -13873.9     7227.7     61.7     70.4     58.3 2023  1  6 20 36  5.420  3.7   1
     1558  26.827891  102.962850    13.238     2292.2   -13404.3     7244.8     78.7     93.2     45.4 2023  1  6 21 38 29.200  4.3   1
     1562  27.018496  102.831868     3.564   -10712.3     7715.2    -2429.5     56.3     65.7     67.2 2023  1  6 22 19 21.680  1.4   1
     1566  26.820634  103.023551    13.889     8322.9   -14208.3     7895.7     35.8     41.5     30.7 2023  1  6 23 10 13.040  3.2   1
     1584  26.927091  102.658757    13.594   -27908.5    -2412.5     7600.5    214.1    380.5    272.5 2023  1  7  5 10 35.680  2.9   1
     1597  26.896712  102.922770    11.773    -1689.3    -5778.5     5780.0      5.7      3.5      3.9 2023  1  7 11 13 16.360  1.4   1
     1598  26.839988  102.936353    15.525     -340.4   -12063.8     9531.9    132.5    123.4    139.7 2023  1  7 11 38 45.550  3.3   1
     1607  26.962199  102.895964     7.993    -4350.5     1477.4     1999.5    102.7     87.9    145.1 2023  1  7 15 39 14.060  2.9   1
     1610  26.809165  103.070565     4.886    12994.7   -15479.1    -1107.3     64.4     70.2    104.8 2023  1  7 16 25  3.150  1.9   1
     1611  26.834271  102.950081    14.339     1023.6   -12697.3     8345.8     82.5     82.7     58.0 2023  1  7 16 37 55.380  2.6   1
     1620  26.803986  102.959009    12.644     1911.1   -16052.9     6650.6     69.6     68.7     64.6 2023  1  7 20 13  6.540  3.4   1
     1641  26.749072  102.858065    11.089    -8121.6   -22137.4     5096.4      0.0      0.0      0.0 2023  1  8  4 26  9.320  3.1   1
     1644  26.833405  102.921973    12.920    -1768.7   -12793.3     6927.1    215.7    174.8    160.4 2023  1  8  5 28 16.570  3.7   1
     1653  26.833226  102.953776    14.151     1390.8   -12813.0     8158.1     66.6     62.2     54.8 2023  1  8  9 21  3.240  3.7   1
     1662  26.820062  102.916040    11.855    -2358.8   -14271.6     5862.0    274.0    353.0    219.0 2023  1  8 12 18 53.450  3.6   1
     1675  26.830479  102.957267    11.649     1737.2   -13117.4     5656.4     92.6     49.2     82.0 2023  1  8 17  5 43.960  3.1   1
     1678  26.679104  103.007430    14.914     6726.0   -29890.3     8921.2     94.8     33.2     49.1 2023  1  8 18  3 48.840  3.2   1
     1688  26.829806  102.963094    14.832     2316.2   -13192.0     8838.7     76.0     93.8     78.4 2023  1  8 20 59 20.120  3.0   1
     1690  27.000114  102.877889    16.257    -6144.1     5678.6    10263.8     22.3     23.1     19.2 2023  1  8 21 29 31.160  2.8   1
     1691  26.933771  102.857780    12.596    -8142.8    -1672.4     6602.6     98.2     62.3     75.3 2023  1  8 21 39 13.640  3.3   1
     1692  26.935606  102.872087    13.143    -6722.5    -1469.1     7150.1     99.0     63.0     74.1 2023  1  8 21 47 29.700  3.2   1
     1696  26.893337  102.924105    11.087    -1557.2    -6152.6     5094.0      5.6      3.6      3.9 2023  1  9  1  2 25.250  3.1   1
     1719  26.883226  102.931266     9.147     -845.3    -7273.0     3154.3    101.7     79.4     85.0 2023  1  9 16  6 17.470  3.2   1
     1720  26.874760  102.932349    10.927     -738.3    -8211.0     4934.2     77.9    100.3     54.8 2023  1  9 16 14 24.770  3.0   1
     1721  26.878223  102.939616     9.316      -15.9    -7827.4     3323.3    118.8    105.1     99.5 2023  1  9 16 39 28.720  3.0   1
     1722  26.873077  102.960913    14.992     2099.2    -8397.5     8998.6     71.7     94.0     80.6 2023  1  9 16 57 16.400  4.2   1
     1727  26.895681  102.963599    11.196     2366.0    -5893.0     5202.5    201.4    161.8    142.8 2023  1  9 19  8 37.980  2.9   1
     1730  26.866172  102.951343     7.696     1148.6    -9162.5     1702.9    129.5    109.9    159.1 2023  1  9 19 27 32.440  2.9   1
     1732  26.884570  102.965715     9.762     2576.3    -7123.9     3768.5    181.3    149.3    124.4 2023  1  9 20 35 17.380  4.9   1
     1733  26.880573  102.942000    11.133      220.8    -7566.9     5139.6     82.7     59.1     42.1 2023  1  9 20 39 20.860  3.4   1
     1734  26.874788  102.933984     8.292     -575.6    -8207.8     2298.8     61.3     62.5     77.2 2023  1  9 21 45  5.440  3.0   1
     1737  26.884251  102.937394    11.016     -236.9    -7159.5     5022.5     85.3     51.2     53.1 2023  1  9 22  7  4.500  3.6   1
     1738  26.899365  102.946053    12.432      623.0    -5484.7     6439.2    286.3    249.6    216.0 2023  1  9 22 12 25.440  3.7   1
     1748  26.884979  102.934603    10.110     -514.2    -7078.6     4116.8    122.9     91.5     75.5 2023  1 10  1 44 54.780  2.7   1
     1770  26.873700  102.928711     8.410    -1099.1    -8328.6     2417.0    102.3     81.0     67.4 2023  1 10  9 51  7.700  3.4   1
     1772  27.242881  102.963680     1.808     2370.6    32577.7    -4184.9     23.5     54.9     54.2 2023  1 10 10 46 38.980  1.5   1
     1778  26.863059  102.953849    19.375     1397.9    -9507.3    13382.1     63.0     39.4     33.8 2023  1 10 13 34 23.820  3.4   1
     1779  26.848875  102.929427    11.377    -1028.2   -11079.2     5383.8     53.3     53.7     55.7 2023  1 10 13 36 48.280  3.4   1
     1781  26.822666  102.945996    10.785      617.9   -13983.1     4792.3     40.5     51.2     49.3 2023  1 10 15  7 20.700  2.9   1
     1785  26.852710  102.937443    11.547     -231.6   -10654.1     5553.4     52.3     71.2     67.6 2023  1 10 16 19 19.210  2.9   1
     1790  26.968245  102.922974     6.616    -1668.5     2147.4      622.9    102.2     97.7     43.6 2023  1 10 18 32 50.840  2.7   1
     1795  27.015090  102.791447     8.627   -14724.8     7337.8     2634.0      0.0      0.0      0.0 2023  1 10 20 13 13.680  0.7   1
     1810  26.839075  102.925423    15.665    -1425.9   -12165.0     9672.2    148.6    107.3     98.6 2023  1 11  0  7 17.780  3.6   1
     1812  26.947959  102.912858     8.886    -2673.4     -100.2     2892.7    103.5     78.1     41.6 2023  1 11  0 36  5.800  2.7   1
     1820  26.877195  102.932210     7.398     -751.5    -7941.1     1404.6     49.6     65.1    114.2 2023  1 11  4 17  3.990  2.8   1
     1823  27.108730  102.844767    14.912    -9428.2    17713.5     8919.3    121.4     75.9     87.1 2023  1 11  4 48 26.140  4.3   1
     1825  26.949736  103.015169    10.618     7486.1       96.5     4624.6     48.7     45.4     72.4 2023  1 11  5 46 50.880  3.1   1
     1846  26.877454  102.931974    12.053     -774.8    -7912.6     6059.5     92.5     92.7    108.7 2023  1 11 12 40 18.140  3.3   1
     1847  27.098515  102.869572    13.313    -6967.3    16581.6     7320.3     76.8     51.4     58.4 2023  1 11 12 47 56.460  2.5   1
     1855  26.884953  102.943652    10.597      384.4    -7081.7     4604.3     75.6     49.8     46.5 2023  1 11 15 39  2.760  3.5   1
     1862  26.889925  102.952498     9.834     1263.6    -6530.6     3840.5    129.5     91.9     80.8 2023  1 11 18 31 49.400  3.0   1
     1898  27.114974  102.823617    13.371   -11526.8    18405.4     7377.8    117.0     71.9    112.4 2023  1 12 11  0 25.500  4.2   1
     1918  26.981443  102.788330    14.884   -15036.7     3609.7     8891.4    148.7    456.3    146.1 2023  1 12 19 47 23.600  2.7   1
     1923  27.112874  102.829720    14.394   -10920.6    18172.8     8400.8     68.1     50.3     66.1 2023  1 12 21 27 16.860  4.8   1
     1926  27.108199  102.840373    14.453    -9864.0    17654.7     8459.7    119.3     86.5    112.9 2023  1 12 22 45 29.160  3.7   1
     1928  27.101377  102.866463    12.863    -7275.4    16898.8     6870.0     90.0     61.9     54.5 2023  1 13  0  2  4.850  3.5   1
     1934  27.107371  102.862809    12.079    -7638.0    17562.9     6085.6     95.4     68.0     73.8 2023  1 13  1 42 41.480  3.2   1
     1941  26.824432  102.980916    10.616     4087.4   -13787.5     4622.5    105.7     76.3     85.6 2023  1 13  5 13  5.790  3.6   1
     1947  27.111916  102.832821    14.425   -10613.2    18066.6     8432.1     78.2     57.9     67.5 2023  1 13  9 37 46.380  2.8   1
     1948  27.121651  102.847160    14.368    -9189.8    19145.2     8375.1    169.5    134.3    147.7 2023  1 13  9 48 48.310  3.4   1
     1957  27.116787  102.823869    10.571   -11501.3    18606.2     4578.4     82.4     46.3     42.8 2023  1 13 11 23 47.790  3.1   1
     1965  27.099821  102.820060    13.214   -11880.2    16726.2     7220.6    141.5    129.9    128.5 2023  1 13 13 55 47.290  3.4   1
     1983  27.107705  102.872266    13.022    -6699.0    17599.9     7029.2     89.0     62.4     72.5 2023  1 13 18 44 10.720  3.2   1
     1999  26.793563  102.972274    14.289     3229.1   -17207.9     8296.1     42.6     45.4     51.4 2023  1 14  2  9 10.410  3.6   1
     2008  26.860968  102.839176     4.423    -9993.8    -9739.1    -1570.0    164.9     73.6    149.4 2023  1 14  5 22 43.770  2.9   1
     2014  26.880009  102.926156     8.876    -1353.0    -7629.3     2883.0     79.5     73.4     75.4 2023  1 14  8 57 20.990  2.8   1
     2040  26.927411  102.752677     5.606   -18581.0    -2377.2     -387.2      6.9      8.3      9.7 2023  1 14 16  0 25.770  2.5   1
     2044  26.940456  102.909863     6.663    -2970.3     -931.8      669.4     37.2     27.3     40.7 2023  1 14 16 43 43.950  2.8   1
     2056  27.066439  102.845321     5.823    -9374.8    13027.6     -170.1     19.1     31.2     42.9 2023  1 14 21 23 21.280  2.7   1
     2057  26.959646  102.915942     8.380    -2367.0     1194.6     2387.1    101.6    127.4    100.8 2023  1 14 21 31 33.240  2.7   1
     2063  27.107945  102.825187    10.465   -11370.7    17626.6     4472.4     36.0     31.6     47.3 2023  1 14 23 36 57.880  3.7   1
     2077  27.069419  103.136727    12.930    19546.6    13357.8     6937.1      9.8      7.1     19.8 2023  1 15  3  5 26.790  3.6   1
     2081  27.126298  102.801074     0.429   -13762.4    19660.0    -5563.7     68.7     61.4    172.6 2023  1 15  4 24 51.860  3.0   1
     2084  27.049471  102.990568     2.898     5041.6    11147.4    -3094.6    103.8     34.7     52.7 2023  1 15  5 40 13.010  2.7   1
     2093  26.683167  103.090641     1.735    14998.2   -29440.1    -4257.8     76.8     50.8    157.2 2023  1 15  8 44 35.800  2.4   1
     2119  27.107729  102.845426    14.324    -9362.9    17602.5     8330.6    114.9     74.9     88.7 2023  1 15 17 11  5.080  3.8   1
     2121  26.905776  102.818937     4.897   -12001.5    -4774.4    -1096.2     74.3     75.1    104.2 2023  1 15 17 27 46.360  2.8   1
     2131  26.803406  103.055876     3.893    11535.8   -16117.1    -2100.2     65.6     66.1    163.9 2023  1 15 20  8 42.660  2.1   1
     2153  26.836062  102.956144    13.019     1625.7   -12498.9     7026.1     65.8     71.9     55.8 2023  1 16  2 13 26.450  3.6   1
     2157  27.169163  102.816992     1.644   -12180.9    24409.5    -4348.6      8.5      6.1     10.2 2023  1 16  3 47 40.300  3.3   1
     2173  26.853811  102.960295    11.351     2038.1   -10532.3     5357.6    102.5    108.3     92.2 2023  1 16  8 53 26.520  3.6   1
     2175  26.846747  102.964591    14.297     2465.1   -11315.0     8303.5     95.9     83.5     94.9 2023  1 16  8 58 50.730  3.3   1
     2195  26.840483  102.976790    13.003     3676.7   -12009.1     7009.9     32.3     39.2     54.5 2023  1 16 16  3 18.920  3.4   1
     2198  26.975403  102.923356     8.289    -1630.9     2940.5     2295.8     52.3     50.6     46.5 2023  1 16 16 16 44.450  3.2   1
     2199  26.970787  102.950277     8.489     1042.1     2429.0     2496.0    123.1    125.7    122.3 2023  1 16 16 20  5.830  3.0   1
     2215  26.474434  102.981519     5.852     4153.5   -52568.1     -141.3     41.1     34.3     52.6 2023  1 16 19 35 29.480  2.0   1
     2230  26.934711  103.056584    10.610    11599.8    -1568.3     4617.4    102.1     89.1     91.6 2023  1 16 23  4  7.160  2.5   1
     2231  26.583667  102.944303     4.043      450.4   -40464.8    -1949.9    249.7    128.0    377.8 2023  1 16 23 51 20.800  2.3   1
     2255  27.161135  103.116895    14.515    17571.1    23520.1     8522.3    134.4    148.2    122.5 2023  1 17  9 14 52.110  3.4   1
     2259  26.920268  103.063273    10.311    12264.8    -3168.5     4317.8    101.8     92.4     88.5 2023  1 17 10  7  6.440  2.6   1
     2276  27.025323  102.768490     6.901   -17003.7     8471.8      907.8    188.6    216.8    346.0 2023  1 17 14 35 43.370  3.3   1
     2294  27.125551  102.805168     2.111   -13356.7    19577.3    -3881.8     53.5     61.9    104.7 2023  1 17 18 47 54.980  3.6   1
     2305  27.047386  102.842619     7.068    -9643.8    10916.3     1075.4     49.2     23.3     70.8 2023  1 17 20 43 35.940  3.1   1
     2306  26.929338  102.921696    12.600    -1795.4    -2163.7     6606.7    121.4    112.9     81.1 2023  1 17 20 57  4.440  2.7   1
     2327  26.817576  103.025765    29.785     8543.0   -14547.1    23791.8    253.7    193.6    142.1 2023  1 18  1 23 41.130  3.2   1
     2339  27.102974  102.794458     1.061   -14420.2    17075.7    -4932.4     22.3     15.2     15.9 2023  1 18  6 11 30.060  3.3   1
     2348  26.991003  102.882682     5.120    -5668.4     4669.0     -873.0      3.9      2.4      1.1 2023  1 18  7 22 51.730  3.2   1
     2438  27.099430  102.998991     3.724     5875.9    16683.0    -2268.8     39.8     29.9     38.7 2023  1 19 17 24 12.840  2.9   1
     2443  26.572343  103.045931    12.872    10557.9   -41719.5     6880.1    115.5    118.3    112.9 2023  1 19 18 37 36.240  3.7   1
     2447  26.857772  102.930054    11.611     -966.4   -10093.4     5617.6    107.2     93.1     92.4 2023  1 19 22  6 22.960  3.6   1
     2451  26.861082  102.930111    11.918     -960.6    -9726.5     5925.1    129.8     81.0     69.3 2023  1 19 22 42 21.840  3.2   1
     2463  26.984863  102.821973    14.254   -11696.3     3988.7     8260.6    182.9    157.9    143.1 2023  1 20  8 24  0.370  3.4   1
     2468  27.043583  102.847510     7.725    -9158.9    10495.1     1731.8     48.0     22.2     52.5 2023  1 20 14 49 58.820  3.6   1
     2490  27.115177  102.826042    14.428   -11286.2    18428.0     8435.3     81.5     51.7     83.2 2023  1 20 19  7 17.640  3.4   1
     2499  26.745085  102.901953    14.453    -3759.2   -22579.3     8459.7      8.8     19.0     21.3 2023  1 20 20 43 15.000  1.3   1
     2537  26.981616  102.808236    14.159   -13060.7     3629.0     8166.4    234.4    128.9    172.0 2023  1 21 19 43 34.100  3.3   1
     2543  26.985270  102.847673    14.640    -9144.7     4033.9     8647.2     90.5     59.5     70.3 2023  1 21 23 20 39.120  2.4   1
     2544  27.121773  102.821094     2.917   -11776.6    19158.8    -3076.4     36.0     40.7     84.9 2023  1 21 23 20 59.640  2.4   1
     2595  26.923950  102.936051    11.973     -369.9    -2760.5     5979.5    109.2    109.1     84.4 2023  1 22 20 25 59.880  2.7   1
     2608  27.125511  102.792627    10.476   -14600.8    19572.8     4482.7     65.4     48.7     69.8 2023  1 22 23 57 49.340  3.1   1
     2630  27.062516  103.127327    11.750    18614.5    12592.9     5756.8     10.0      6.8     20.1 2023  1 23 13 50 46.020  3.2   1
     2654  27.104095  102.855013    14.714    -8411.2    17200.0     8720.6    138.9     77.3     80.2 2023  1 23 21 54 10.300  4.3   1
     2662  27.117653  102.795296     3.529   -14336.2    18702.3    -2464.0     54.8     57.0    205.4 2023  1 24  0 35 17.620  2.5   1
     2672  27.047473  103.067057     5.971    12632.9    10926.0      -21.6    128.0     70.4    224.4 2023  1 24  3 57  8.160  2.7   1
     2674  27.115281  102.821126    10.963   -11773.9    18439.4     4969.9    127.3    106.0    121.0 2023  1 24  5 27  3.620  3.5   1
     2700  26.983006  102.929362     9.577    -1034.0     3782.9     3584.0    112.4    118.6     77.9 2023  1 24 17  6 42.280  4.3   1
     2703  26.842680  102.929980    13.873     -973.3   -11765.5     7880.2     87.7     65.8     51.0 2023  1 24 18 28 40.720  5.3   1
     2705  26.842371  102.934603     9.821     -514.6   -11799.8     3827.8     46.9     78.3     42.1 2023  1 24 18 39  8.100  3.5   1
     2706  26.841783  102.939168    13.617      -60.4   -11864.9     7624.1     95.1     70.4     73.7 2023  1 24 19  2 19.360  4.5   1
     2729  26.868945  102.908049    15.670    -3152.0    -8855.3     9676.8     54.2     49.7     52.6 2023  1 25  2 54 46.450  3.1   1
     2735  26.920148  102.931934     6.224     -779.0    -3182.0      231.1    118.6    111.5    132.1 2023  1 25  7  1 11.130  2.1   1
     2747  27.220074  102.961890     2.031     2193.4    30050.8    -3961.9     10.0     25.6     34.3 2023  1 25 12 43 18.710  0.7   1
     2748  26.970422  102.918254     8.726    -2137.1     2388.7     2732.7     45.8     47.6     52.8 2023  1 25 12 51 58.640  3.5   1
     2751  26.975682  102.924259     9.792    -1540.6     2971.3     3798.9     66.2     80.9     60.2 2023  1 25 14  8 38.810  3.4   1
     2756  26.953772  102.901237     7.761    -3827.3      543.8     1767.7    245.3    207.3    205.0 2023  1 25 15 29  8.450  3.3   1
     2764  26.980414  102.900464     1.587    -3903.6     3495.7    -4406.2    115.9    270.1    167.8 2023  1 25 17 53 40.760  0.9   1
     2790  26.714396  103.009635    11.660     6943.9   -25979.7     5666.8    101.1     96.4     93.2 2023  1 25 22 18 21.720  4.1   1
     2804  26.743689  102.901611    14.583    -3793.8   -22734.1     8590.4     16.7     27.3     23.2 2023  1 25 23 33 14.880  3.5   1
     2823  26.984558  102.904004    19.588    -3551.5     3955.0    13594.6      9.1     13.6     28.9 2023  1 26  8 13 13.850  1.8   1
     2826  26.996250  102.815967    14.340   -12291.7     5250.4     8346.9    181.5    164.3    144.9 2023  1 26  8 57 51.390  3.5   1
     2827  27.178839  102.813037     7.670   -12572.4    25481.7     1677.0     58.2     91.0    142.0 2023  1 26  9  1 50.390  4.0   1
     2868  26.856453  102.938949    10.980      -82.3   -10239.4     4987.2    117.9     79.4     87.1 2023  1 27  3  4  5.290  3.2   1
     2873  26.958789  103.005884    10.973     6563.8     1099.7     4979.5     44.8     38.6     64.4 2023  1 27  6  3 14.460  1.4   1
     2876  26.856854  102.978312    12.677     3828.3   -10195.0     6683.4    109.1     99.1    119.0 2023  1 27  6 13 52.750  3.3   1
     2877  26.683862  103.009017    14.655     6883.5   -29363.1     8662.1     96.9     32.8     50.9 2023  1 27  6 25 49.430  3.5   1
     2889  26.988216  102.837630    13.064   -10141.9     4360.2     7070.8     37.0     35.0     28.7 2023  1 27 10 58 34.340  3.6   1
     2893  27.196224  102.955819     7.007     1590.7    27408.0     1014.1     55.5     39.2     40.1 2023  1 27 11 32  3.620  2.5   1
     2895  26.984047  102.901001     9.813    -3850.1     3898.2     3820.0     61.5    226.7     37.2 2023  1 27 12  9 22.740  3.3   1
     2898  26.975254  102.933577     9.349     -615.7     2924.0     3356.3     84.5    127.8     76.3 2023  1 27 13 50 19.660  3.3   1
     2904  26.993760  102.832886    13.436   -10612.6     4974.5     7442.6     32.7     35.5     29.0 2023  1 27 15 33 31.920  3.2   1
     2922  27.115444  102.847738     8.183    -9132.7    18457.4     2190.2     81.5     38.5     78.9 2023  1 27 20 21  5.380  3.1   1
     2929  27.045931  102.763224    14.010   -17524.1    10755.1     8016.9    109.0    106.6    109.4 2023  1 27 23 50 57.520  3.2   1
     2936  26.825708  102.973161    15.024     3316.8   -13646.2     9030.5    104.8     95.3     60.6 2023  1 28  2  0 52.420  3.3   1
     2956  26.881649  102.872144    10.088    -6718.1    -7447.8     4095.2    106.8    120.2     78.7 2023  1 28 10 40 14.790  2.7   1
     2958  26.982438  102.788420    14.672   -15027.5     3720.0     8679.2    148.0    311.5    146.4 2023  1 28 11 46 10.310  3.4   1
     2964  26.923863  102.900545     6.694    -3896.3    -2770.2      700.6     69.8     58.2     56.2 2023  1 28 12 13 23.580  3.3   1
     2970  27.024583  102.823885    14.121   -11504.6     8389.7     8127.7     33.4     31.5     28.7 2023  1 28 16 10 17.490  3.4   1
     2982  26.930385  102.885075    10.712    -5432.4    -2047.7     4719.4     73.0     93.8     46.0 2023  1 28 19 57 32.200  3.4   1
     3022  26.712563  103.026286    11.077     8599.3   -26182.9     5084.1     93.3     95.4     97.1 2023  1 29 13 41  6.720  3.2   1
     3042  27.099813  102.770801     4.413   -16768.6    16725.4    -1579.8     73.2     58.7     78.9 2023  1 29 20 41  5.560  1.4   1
     3045  26.877289  102.966960    15.577     2700.1    -7930.9     9584.2     55.4     55.3     76.4 2023  1 29 22 13  6.640  3.5   1
     3047  26.861820  102.940902     8.655      111.9    -9644.8     2662.4     33.8     37.9     66.6 2023  1 29 22 51 44.600  3.2   1
     3073  26.834574  102.942570     9.401      277.6   -12663.7     3408.3     47.1     81.2     57.5 2023  1 30 12  1 48.770  3.0   1
     3077  26.858051  102.952515    14.937     1265.3   -10062.4     8944.2    164.2    169.9    108.9 2023  1 30 12 26 51.580  3.5   1
     3101  26.865120  102.969198     5.947     2922.6    -9279.2      -46.5    155.3    205.5    229.7 2023  1 30 23 34 55.420  2.2   1
     3113  27.160852  103.108089    14.539    16698.0    23488.8     8545.7    143.3    151.7    125.4 2023  1 31  7  0 35.670  3.4   1
     3136  26.619053  103.015283    12.149     7508.7   -36544.0     6155.5     78.0     64.0     69.8 2023  1 31 16 27 59.290  3.8   1
     3140  26.881732  102.922559     8.616    -1710.7    -7438.6     2622.8     78.5     56.4     63.9 2023  1 31 17  3 23.640  3.8   1
     3152  27.021250  102.942806     4.303      300.7     8020.5    -1690.2     39.3     40.9     47.9 2023  1 31 19 52 21.760  2.3   1
     3153  26.928082  102.915332     8.372    -2428.0    -2302.7     2378.6     87.7     63.5     62.5 2023  1 31 20 31 50.780  2.5   1
     3156  26.952399  102.907666    10.315    -3189.1      391.5     4321.9    105.1    117.3     73.8 2023  1 31 21 28 23.660  2.7   1
     3161  26.933270  102.916276     8.579    -2333.8    -1727.9     2586.3    122.9     88.3    106.9 2023  1 31 22 23 52.560  2.7   1
     3178  26.945060  102.896655     7.803    -4282.1     -421.6     1809.6     99.5     71.0     53.9 2023  2  1  8 53 40.230  3.3   1
     3199  27.017285  102.810050     6.200   -12877.9     7581.1      206.9    101.5    103.8    115.0 2023  2  1 19 32 33.220  2.8   1
     3200  27.056101  102.869784     4.549    -6947.2    11882.0    -1443.7    129.3     76.3    163.1 2023  2  1 20  5  3.440  3.0   1
     3205  26.991817  102.884318     3.752    -5506.3     4759.3    -2241.1      3.5      2.3      1.3 2023  2  1 21 43 10.840  1.7   1
     3219  26.976687  102.947648     6.547      781.0     3082.7      553.9     96.1    101.2     78.7 2023  2  2  4 41  3.020  2.7   1
     3256  27.091290  102.770719     3.975   -16777.0    15781.1    -2018.1     69.6     59.9     79.8 2023  2  2 18 28 39.720  2.2   1
     3257  27.032823  103.069466     4.934    12873.5     9302.7    -1058.8    125.5     70.4    127.8 2023  2  2 18 33 15.720  1.0   1
     3264  26.945272  102.891097    11.382    -4834.3     -398.1     5388.8    116.2    108.7     55.7 2023  2  2 20 27  4.280  2.9   1
     3291  27.109851  102.836523     8.185   -10245.9    17837.7     2192.0    126.5     66.8    110.8 2023  2  3  9 59 32.770  3.5   1
     3310  27.026265  102.832650    15.333   -10634.4     8576.3     9340.1     36.7     31.7     29.0 2023  2  3 20 44 11.440  1.8   1
     3335  27.236625  102.898722     1.740    -4071.4    31884.7    -4252.6    111.3    132.2    123.1 2023  2  4  9 55  4.260  2.1   1
     3336  27.167916  103.119840    13.410    17862.9    24271.4     7416.6     79.1     74.7     85.8 2023  2  4 10 29 17.550  4.6   1
     3356  26.978424  102.906258     1.103    -3328.2     3275.3    -4889.6    112.7    241.9    211.4 2023  2  4 16 28 44.010  2.2   1
     3366  26.981596  102.913770    20.169    -2582.3     3626.7    14175.5     68.8     42.4     20.3 2023  2  4 20  3 14.540  1.6   1
     3367  26.853170  102.950179    13.531     1033.5   -10603.2     7538.3     92.0    101.7     65.8 2023  2  4 20  7 36.480  2.5   1
     3395  26.987522  102.770101    12.012   -16846.1     4283.4     6018.5     76.0     79.8     53.4 2023  2  5 12 41 57.150  3.3   1
     3396  27.010451  102.881608     6.760    -5774.9     6823.8      767.2     44.5    104.2     78.7 2023  2  5 13 31  8.540  2.5   1
     3405  26.985966  102.884253    15.939    -5512.9     4111.0     9945.7     20.8     23.9     18.6 2023  2  5 20 21 55.300  2.4   1
     3419  26.967230  102.920841    10.024    -1880.1     2035.0     4030.4     50.0     56.4     36.8 2023  2  6  1 12 27.600  4.9   1
     3421  26.991439  102.956079     5.672     1618.5     4717.4     -320.9     82.9     62.3     92.0 2023  2  6  1 43 57.790  3.2   1
     3423  27.017462  102.935311     4.678     -443.7     7600.7    -1314.7     39.3     41.9     44.4 2023  2  6  2 11 43.840  2.9   1
     3434  26.967010  102.917944    10.239    -2168.2     2010.6     4245.8     53.8     58.4     41.1 2023  2  6  8 30 31.150  4.5   1
     3437  27.025450  103.116634    11.036    17555.5     8485.8     5042.5     18.5     19.5     25.4 2023  2  6 11 44 13.880  1.6   1
     3478  26.743154  102.858390    12.822    -8089.4   -22793.3     6829.2      0.0      0.0      0.0 2023  2  7  0 34 55.370  2.5   1
     3497  26.577179  103.060742    11.160    12031.3   -41183.8     5166.8     64.7     72.1     76.2 2023  2  7 12 22 33.570  3.9   1
     3499  26.565944  103.063566    10.986    12312.7   -42428.5     4993.4    110.3    104.1    123.9 2023  2  7 12 51 49.860  3.6   1
     3506  26.978835  102.932511     5.743     -721.4     3320.9     -249.8     85.3     83.1     80.4 2023  2  7 14 24 46.020  2.7   1
     3521  26.573621  103.054020    11.924    11363.2   -41578.0     5931.4     64.9     76.2     78.9 2023  2  7 18 46 48.700  4.0   1
     3533  27.101023  102.864616    14.115    -7458.3    16859.6     8121.9    119.2     65.7     50.2 2023  2  7 22 51 25.800  4.0   1
     3558  27.010805  102.870166     6.659    -6910.7     6863.1      665.5     44.8    101.5     76.0 2023  2  8 12  8 20.810  3.0   1
     3564  27.106478  102.800895     2.548   -13781.4    17464.0    -3445.4     23.0     15.5     30.0 2023  2  8 16 55 27.230  2.5   1
     3603  26.926359  102.924129     8.498    -1553.8    -2493.8     2505.1    114.9     91.6     83.3 2023  2  9 17 12 51.860  1.9   1
     3621  26.981116  102.897909     4.258    -4157.0     3573.6    -1734.7     69.6     41.5     74.9 2023  2  9 22 14 15.300  2.2   1
     3641  26.829043  102.957275    12.182     1738.3   -13276.7     6189.2     92.8     93.4     55.4 2023  2 10  3 51 17.800  3.1   1
     3643  26.867810  102.938110     5.903     -165.9    -8981.0      -90.4     93.2     78.3    143.2 2023  2 10  4 12 31.530  3.3   1
     3661  26.961825  102.925431     7.944    -1424.4     1436.0     1950.9     88.6    116.3     91.8 2023  2 10 13 44 34.240  3.2   1
     3676  26.865674  102.942082     4.351      228.7    -9217.8    -1642.5     25.4     45.7    107.5 2023  2 10 18  5 36.080  2.7   1
     3677  26.988981  102.764746    12.776   -17377.5     4444.9     6782.9     71.6     80.3     50.0 2023  2 10 18 13 48.420  2.2   1
     3679  26.824516  102.964225    11.729     2428.6   -13778.1     5735.6    104.7    119.8     83.2 2023  2 10 18 51 51.000  2.9   1
     3681  26.830048  102.954582    15.822     1470.9   -13165.2     9829.1     96.5    174.3     85.3 2023  2 10 18 59 17.160  3.7   1
     3682  26.850387  103.000659    14.776     6048.4   -10911.7     8783.1     43.1     44.5     31.6 2023  2 10 20  1 54.320  2.5   1
     3689  26.809521  102.981152    14.816     4110.9   -15439.6     8822.7     77.2     60.7     62.1 2023  2 10 21 25 36.460  3.2   1
     3694  26.833671  102.958415    16.860     1851.2   -12763.7    10867.1     71.1     70.5     56.5 2023  2 10 22 52 55.800  3.0   1
     3696  26.815403  102.958911    12.708     1900.9   -14788.0     6715.3     51.6     54.7     84.5 2023  2 10 23 21 27.120  3.0   1
     3697  27.003412  102.813737     5.891   -12513.1     6043.9     -101.9     97.7    124.1    124.0 2023  2 10 23 27 25.760  2.8   1
     3703  26.932558  102.901164    10.709    -3835.1    -1806.8     4715.8     98.5     99.9     44.8 2023  2 11  0 34 33.290  3.9   1
     3721  27.128446  102.852612    10.843    -8649.0    19898.2     4850.4     73.8     67.4     63.2 2023  2 11  8 41  3.690  2.8   1
     3737  27.015924  102.839160     3.530    -9988.4     7430.4    -2463.6     62.6     65.6     63.3 2023  2 11 12 38 24.070  3.2   1
     3744  26.869167  102.943644     6.583      383.8    -8830.6      590.3     94.2     78.5    124.3 2023  2 11 15  5 42.430  2.9   1
     3786  27.179808  102.837020     8.126   -10193.7    25589.0     2132.6     97.7     91.9    158.2 2023  2 12  3 32 54.620  4.6   1
     3787  27.007019  102.810994     4.789   -12785.4     6443.7    -1203.8     89.2     99.7    100.0 2023  2 12  3 34  5.200  4.2   1
     3788  26.849048  102.952523    12.532     1266.4   -11060.0     6538.5    181.5    222.0    180.8 2023  2 12  3 36 55.170  3.0   1
     3810  26.841176  102.765299     4.265   -17334.0   -11932.1    -1728.2     15.4      7.5     15.1 2023  2 12  9 16 52.860  2.7   1
     3830  26.872443  102.928947    15.850    -1076.2    -8467.8     9856.8    139.6    122.1     84.3 2023  2 12 15 24 31.290  3.6   1
     3890  26.478375  102.976668     5.408     3671.0   -52131.4     -584.8     39.3     34.7     57.1 2023  2 13 12 44 44.880  3.3   1
     3906  26.831063  102.758146     2.913   -18045.4   -13052.7    -3079.8     13.2      7.4     22.1 2023  2 13 19 30 15.820  1.4   1
     3943  26.879683  102.972257    14.382     3226.1    -7665.4     8388.7    114.2    100.2     92.7 2023  2 14 21 11 56.760  3.0   1
     3948  27.121023  102.811987    13.143   -12680.2    19075.5     7150.4    113.5     75.9    115.7 2023  2 14 23  2 21.120  3.0   1
     3954  26.972904  102.849699    13.521    -8943.8     2663.6     7527.9     85.6     64.3     70.4 2023  2 15  2 44 14.520  3.0   1
     3970  27.115127  102.817952     9.114   -12088.7    18422.2     3120.5     89.1     55.8     80.9 2023  2 15 11 38  6.520  3.0   1
     3973  26.971012  102.903800     8.400    -3572.5     2454.0     2407.4    119.8    172.7     88.8 2023  2 15 14 54  0.720  2.3   1
     3976  27.110933  102.842619     8.039    -9641.3    17957.6     2046.1     98.9     63.0    116.6 2023  2 15 15 17 29.780  2.8   1
     3977  26.838564  102.971623    12.211     3163.5   -12221.7     6217.9     48.3     47.4     68.4 2023  2 15 16  9 19.260  4.2   1
     3983  26.837085  102.970044    16.884     3006.8   -12385.6    10890.8     97.7     89.0     78.0 2023  2 15 20 50 46.760  2.9   1
     4024  27.120258  102.817928     2.131   -12090.7    18990.8    -3862.3     33.0     68.8    145.5 2023  2 17  0 14 51.630  3.4   1
     4041  26.951263  102.917643     7.450    -2198.3      265.7     1456.7     42.0     31.8     37.4 2023  2 17 13 22  2.790  2.8   1
     4048  26.837653  102.934375    18.301     -536.8   -12322.5    12307.7     96.0     93.8     61.0 2023  2 17 17 50 30.180  2.9   1
     4055  26.549536  103.011393     3.518     7123.8   -44246.7    -2474.6     12.5     13.9     14.2 2023  2 17 22 21 14.240  1.9   1
     4058  26.828261  102.969946    13.297     2997.0   -13363.2     7304.4    106.2     58.2     69.5 2023  2 17 23  0 31.120  3.8   1
     4070  27.079608  102.773763    29.141   -16475.9    14486.7    23148.3      0.0      0.0      0.0 2023  2 18  6 23 13.990  2.5   1
     4084  26.832444  103.013346    14.848     7308.8   -12899.7     8855.2     22.7     30.2     28.0 2023  2 18 11 25  4.350  3.4   1
     4116  27.098551  103.007422     2.108     6712.3    16585.6    -3884.7     41.3     31.6     53.6 2023  2 19  6 32 11.650  3.1   1
     4127  26.920164  102.642969    14.338   -29476.6    -3180.1     8344.8    213.9    373.0    274.7 2023  2 19 17 14  2.520  2.8   1
     4128  27.208195  102.961157     0.488     2120.6    28734.5    -5505.6     16.4     40.4    112.3 2023  2 19 19 13 18.680  0.8   1
     4135  26.950403  102.872046     4.363    -6725.5      170.4    -1630.2    234.5    288.3    268.1 2023  2 19 21 46 38.960  1.5   1
     4145  27.190206  102.961499     5.760     2154.6    26741.2     -232.8     50.5     36.9     44.0 2023  2 20  2 42 49.690  2.0   1
     4208  27.104612  102.866423    14.284    -7279.4    17257.3     8290.6    123.2     87.0    106.7 2023  2 21 17 57 10.720  4.4   1
     4224  26.916516  102.905355     6.771    -3419.0    -3584.4      777.5     74.1     53.7     53.6 2023  2 21 23 18 40.080  4.2   1
     4231  26.606173  103.016064     3.848     7586.6   -37971.2    -2144.6     54.1     46.7     54.1 2023  2 22  4 44 59.660  2.3   1
     4249  27.231217  102.895483     2.103    -4393.4    31285.5    -3890.4    113.6    129.3    124.3 2023  2 22 13 53 29.500  2.2   1
     4257  27.117342  102.852677     9.125    -8643.0    18667.8     3132.1    115.0     71.7     94.8 2023  2 22 16 22 50.940  3.6   1
     4273  27.212280  102.807812    10.879   -13089.1    29187.1     4886.1     74.9     89.7     77.2 2023  2 22 23 31 42.920  3.7   1
     4282  26.546045  103.018172     3.725     7798.1   -44633.6    -2268.5     11.5     12.9     12.1 2023  2 23  7  6 45.310  2.5   1
     4289  26.812797  102.906527    10.680    -3303.8   -15076.6     4687.4      1.3      0.8      1.1 2023  2 23 11 33 42.170  3.2   1
     4311  27.216665  102.783350     6.710   -15514.8    29673.0      716.5     32.0     31.6     53.4 2023  2 24  1 42  1.350  3.7   1
     4315  26.967830  102.894352     9.368    -4510.3     2101.5     3375.3    135.1     93.7    104.7 2023  2 24  5 13 31.620  3.6   1
     4322  26.562541  103.067204     2.771    12674.4   -42805.7    -3221.7      6.3      4.1      4.5 2023  2 24 12 38 47.950  3.1   1
     4349  27.211717  102.808179    10.772   -13052.5    29124.7     4779.0    108.8     96.2    111.5 2023  2 25  5 47 20.360  3.6   1
     4354  27.178648  102.814022     8.416   -12474.7    25460.7     2422.9     58.8     91.6    112.4 2023  2 25  8 59 17.600  2.5   1
     4359  26.918667  102.919816     7.161    -1982.7    -3346.1     1167.8    142.0    102.8    102.5 2023  2 25 10  3 21.110  2.7   1
     4367  27.221356  102.780216    12.420   -15825.9    30192.8     6426.9    107.8    177.0     79.2 2023  2 25 12  5 31.040  3.5   1
     4379  26.816848  103.041089    29.485    10066.0   -14627.9    23492.1    236.7    193.8    143.2 2023  2 25 14 34  6.980  3.2   1
     4386  26.854700  102.952515     9.837     1264.9   -10433.8     3844.3     67.4     64.5     94.8 2023  2 25 17 28  3.480  3.4   1
     4419  27.216652  102.796818    12.302   -14179.4    29671.5     6308.5     75.5     53.1     79.6 2023  2 26  2 50 36.150  4.6   1
     4422  27.216138  102.801318    11.991   -13733.0    29614.4     5997.7     70.6     52.2     77.4 2023  2 26  3 56 46.530  4.0   1
     4445  26.848846  102.969963     7.987     2998.2   -11082.4     1994.1     67.8     63.9     76.1 2023  2 26 16 17  1.720  2.8   1
     4464  26.919029  102.926180     7.850    -1350.9    -3305.8     1857.0     92.5     72.7     62.3 2023  2 27  1 33 45.570  4.1   1
     4471  26.862478  102.951318    13.617     1146.7    -9571.9     7623.5     91.2     81.6     42.6 2023  2 27  5 56 53.330  3.4   1
     4472  27.068876  102.853857     5.645    -8527.1    13297.6     -347.9     22.9     27.7     39.9 2023  2 27  6  6 59.560  2.5   1
     4476  27.018589  102.803158     9.767   -13562.0     7725.8     3773.6      0.0      0.0      0.0 2023  2 27 10 16 56.540  3.3   1
     4478  27.136308  102.848031    10.546    -9103.5    20769.2     4553.0     94.3     55.0     99.3 2023  2 27 11 59 33.760  4.3   1
     4491  26.828910  102.964583    10.437     2464.3   -13291.2     4443.8    115.6     75.3     87.4 2023  2 27 20 25 38.820  3.6   1
     4508  26.980865  102.915560     3.834    -2404.2     3545.7    -2158.9     64.9     41.9     74.9 2023  2 28  9 41 52.130  2.7   1
     4517  26.870111  102.919019    14.539    -2062.4    -8726.0     8546.0    137.8    101.6     71.2 2023  2 28 15 11  5.610  3.4   1
     4526  26.756799  103.010474     9.994     7025.7   -21281.3     4001.8      6.3      4.3      7.9 2023  2 28 18 42 34.080  2.2   1
     4530  26.622284  103.009342    12.439     6917.3   -36186.1     6445.6     77.4     64.6     71.2 2023  2 28 21 42 45.880  3.9   1
     4540  26.910162  102.792106    10.407   -14666.3    -4288.3     4414.2     72.9     88.8     78.3 2023  3  1  5 57 41.830  3.5   1
     4544  27.082937  102.764958    28.164   -17349.7    14855.5    22170.5      0.0      0.0      0.0 2023  3  1 10 14  7.510  3.8   1
     4549  26.845349  102.972689     7.358     3269.4   -11469.9     1364.8    136.6    143.9    135.6 2023  3  1 11 36  8.330  4.1   1
     4551  26.856685  102.942236    11.457      244.3   -10213.8     5464.1     83.1     74.2     80.6 2023  3  1 11 57 26.400  3.6   1
     4560  26.838918  102.970093     6.278     3011.3   -12182.4      284.5     86.4     84.5    142.7 2023  3  1 16 21 48.300  2.7   1
     4563  27.212209  102.783716     4.538   -15479.2    29179.3    -1454.6      5.1      9.2     13.8 2023  3  1 18 54 27.200  3.0   1
     4565  26.850468  102.966195    13.064     2624.4   -10902.6     7070.9     70.4     68.0     74.6 2023  3  1 21 29 18.360  3.0   1
     4568  26.957874  102.802751     8.560   -13606.3      998.3     2566.6    155.5    135.4    194.0 2023  3  2  0 30 50.080  2.5   1
     4579  26.991789  102.765373    11.467   -17315.4     4756.2     5473.5     70.8    118.1     57.7 2023  3  2 11 35 43.970  2.1   1
     4588  26.929592  102.797819     5.057   -14097.8    -2135.6     -935.9     93.1    307.0    217.1 2023  3  2 15 53 24.000  2.5   1
     4591  27.005481  102.807821     6.339   -13100.3     6273.3      346.4     97.0    119.7    117.1 2023  3  2 16 50 48.560  4.2   1
     4596  26.858724  102.953654    13.952     1378.0    -9987.8     7959.0     90.0     86.5     71.7 2023  3  2 22 25 24.180  5.2   1
     4597  26.853648  103.019873     6.309     7956.7   -10550.3      315.5     35.4     21.3     41.3 2023  3  2 22 32 59.520  2.6   1
     4599  26.844580  102.973633     6.899     3363.1   -11555.1      907.4     65.5     67.7     96.7 2023  3  2 22 48 55.160  3.7   1
     4601  26.839653  102.928882    14.311    -1082.8   -12100.9     8318.4    109.6     74.8     67.5 2023  3  3  1 24  8.360  3.3   1
     4615  26.825354  102.958789    11.341     1888.4   -13685.4     5347.8     73.3     64.1     71.4 2023  3  3 18 35 13.960  2.7   1
     4618  27.120827  102.796761     1.731   -14190.7    19053.9    -4262.2     57.9     56.6    100.1 2023  3  4  3  1  2.620  3.2   1
     4629  26.871004  102.935327    10.800     -441.9    -8627.2     4807.3    146.7    121.9    112.4 2023  3  4 14 18 51.790  2.9   1
     4641  27.188007  102.847355     8.769    -9167.9    26497.6     2775.8    102.8     93.0    128.4 2023  3  4 20 26 14.320  3.4   1
     4645  27.214154  102.784106     4.617   -15440.2    29394.8    -1375.9      5.3      9.3    218.0 2023  3  4 22 23 24.320  2.7   1
     4646  27.112628  102.851147     8.636    -8794.4    18145.4     2643.2    123.3     66.3     84.6 2023  3  4 22 34 25.720  3.0   1
     4647  27.207062  102.814600    12.516   -12416.2    28609.0     6523.3    153.9    190.1    112.5 2023  3  4 22 58 19.380  3.1   1
     4648  27.132869  102.795890     9.780   -14276.2    20388.2     3787.4     65.4     48.7     89.7 2023  3  5  0  8  8.700  3.6   1
     4651  26.853440  102.968465     7.281     2850.0   -10573.2     1288.2     88.0     87.3    118.3 2023  3  5  8 40 14.220  2.9   1
     4659  26.856486  102.950342    11.638     1049.7   -10235.9     5645.2     82.5     70.5     67.3 2023  3  5 15 55  1.790  3.5   1
     4673  26.863312  102.956144    12.213     1625.4    -9479.5     6219.9     53.9     54.5     53.0 2023  3  6  3 24 59.860  3.1   1
     4682  27.130044  102.856958    10.175    -8217.9    20075.0     4182.4     90.1     61.6     63.6 2023  3  6  7 43  0.390  2.5   1
     4690  27.213477  102.961198     1.454     2124.7    29319.6    -4539.6      9.8     22.5     35.7 2023  3  6 17 43 18.820  1.0   1
     4693  27.061584  102.855396     5.942    -8374.9    12489.5      -51.1     54.4     20.1     25.9 2023  3  6 18 33 21.060  3.4   1
     4699  26.841949  102.949984    13.659     1013.6   -11846.4     7666.3    143.1    128.7     84.3 2023  3  6 20 48 46.520  6.1   1
     4702  26.839465  102.989404     8.353     4930.3   -12121.7     2360.4     64.0     64.8     93.8 2023  3  6 21  4 33.560  2.8   1
     4709  26.838536  102.988265    10.853     4817.3   -12224.8     4860.0    119.6     76.5     81.2 2023  3  6 21 58  3.300  3.2   1
     4710  26.860498  102.940723    11.035       94.2    -9791.2     5042.3     78.7     76.6     69.1 2023  3  6 22 22 54.720  3.4   1
     4713  26.797223  102.989705    13.779     4961.1   -16802.3     7785.7     91.0     69.5     64.9 2023  3  6 23 10 34.880  3.3   1
     4716  26.863757  102.957202    11.947     1730.6    -9430.2     5953.8     54.7     47.3     46.9 2023  3  6 23 32 30.960  2.8   1
     4718  26.841791  102.994157     6.318     5402.0   -11864.1      325.3    106.2    114.4    170.9 2023  3  6 23 47  1.200  2.9   1
     4719  26.859798  102.968783    14.276     2881.6    -9868.8     8283.1     71.9     53.8     57.0 2023  3  6 23 51 24.000  3.8   1
     4727  26.855524  102.969792    11.746     2981.4   -10342.5     5752.7     88.1     87.6     66.3 2023  3  7  1 31 58.920  3.6   1
     4728  26.845064  102.958285    10.799     1838.7   -11501.3     4806.0     91.9     61.7    105.1 2023  3  7  2 24 32.150  4.1   1
     4730  26.847516  102.938330     7.618     -144.1   -11229.8     1624.7     95.3     85.3    104.7 2023  3  7  3 21 32.720  3.4   1
     4731  26.847670  102.985783    13.071     4570.3   -11212.6     7078.2     84.0     84.2     93.7 2023  3  7  3 41 30.630  4.1   1
     4734  26.866636  102.924056    10.683    -1561.6    -9111.1     4689.5    121.5     93.3     65.8 2023  3  7  4 37  7.440  3.5   1
     4738  27.043376  102.771834    13.726   -16669.9    10472.1     7733.0    110.5    106.5    109.8 2023  3  7  5 32 22.230  4.8   1
     4741  26.853040  102.967163    13.513     2720.1   -10617.7     7520.1     51.6     51.8     57.4 2023  3  7  7  3 58.910  4.4   1
     4744  26.851988  102.950537    12.821     1068.8   -10734.2     6828.4    156.2    112.2    127.0 2023  3  7  8 29 47.790  3.6   1
     4745  26.852321  102.960946     6.403     2102.9   -10697.1      410.4    108.3     96.2    162.9 2023  3  7  9  0 10.610  3.3   1
     4753  26.848228  102.940356    13.870       57.2   -11150.8     7876.8     99.8     73.9     82.7 2023  3  7 14  7 58.450  3.7   1
     4754  26.857206  102.918978    10.799    -2066.6   -10156.1     4805.8     91.8     64.4     75.7 2023  3  7 14 12 42.270  4.2   1
     4755  26.855878  102.942220    11.014      242.7   -10303.3     5021.4     66.2     61.9     44.9 2023  3  7 14 38 37.150  4.4   1
     4756  26.839992  102.972819    13.224     3282.2   -12063.3     7231.1     98.5     91.0     86.4 2023  3  7 14 40 28.990  5.1   1
     4759  26.841219  102.969214    11.373     2924.4   -11927.3     5380.1     89.4     46.1     66.5 2023  3  7 15 16 58.030  4.7   1
     4764  26.853375  102.979370    11.352     3932.8   -10580.5     5359.3     64.2     55.8     65.7 2023  3  7 19  1 47.760  3.4   1
     4765  26.854045  102.964722    10.826     2477.8   -10506.3     4833.2     86.4     70.1     70.0 2023  3  7 19 34 57.800  3.5   1
     4769  26.850779  102.969035    15.365     2906.3   -10868.2     9372.0     81.3     51.8     60.3 2023  3  7 21 13 56.800  4.2   1
     4770  26.845347  102.981071    10.539     4102.6   -11470.1     4546.4     72.1     55.2     69.9 2023  3  7 21 21 38.080  4.7   1
     4771  26.854744  102.967399     7.133     2744.0   -10428.9     1140.1     81.9     77.3    137.1 2023  3  7 21 31 15.840  3.3   1
     4773  26.853837  102.969181     7.219     2920.5   -10529.4     1226.3     66.8     61.7     68.5 2023  3  7 21 37  4.420  3.1   1
     4774  26.851821  102.961580    16.062     2165.9   -10752.7    10069.3     80.7     72.6     73.2 2023  3  7 21 44 29.740  4.6   1
     4775  26.857591  102.942261    11.051      246.2   -10113.5     5057.6     69.7     62.6     98.8 2023  3  7 21 58 11.320  3.5   1
     4776  26.843982  102.945402     6.446      558.3   -11621.2      453.4    144.0    141.8    140.7 2023  3  7 22 12 13.060  3.0   1
     4777  26.868616  102.937451    11.282     -231.3    -8891.9     5289.1     61.4     76.1     62.6 2023  3  7 22 18  8.440  2.5   1
     4778  26.848975  102.930518    10.392     -920.2   -11068.0     4398.5    190.7    157.7    143.2 2023  3  7 22 33 19.200  3.1   1
     4784  26.855098  102.983659    12.784     4358.8   -10389.5     6791.0     84.8     95.7     95.7 2023  3  7 23 35 24.520  3.5   1
     4789  26.855943  102.940983    14.795      119.6   -10295.9     8801.5    138.9     91.1     83.8 2023  3  8  0 57 17.160  4.1   1
     4790  26.838224  102.968384     8.905     2841.5   -12259.3     2912.1     41.0     34.1     49.2 2023  3  8  1  6 50.680  2.6   1
     4791  26.849239  102.979159    11.885     3912.5   -11038.7     5892.0    137.7    124.4    134.7 2023  3  8  3  2 53.700  3.9   1
     4792  26.840167  102.942537     7.529      273.9   -12043.9     1535.5     93.0     63.5     90.3 2023  3  8  3 38 24.440  3.5   1
     4796  26.850350  102.987752    10.486     4765.8   -10915.6     4492.5     68.4     56.6     62.2 2023  3  8  4 57 33.230  3.8   1
     4797  26.852356  102.956266    11.883     1637.9   -10693.3     5890.2    134.9    138.2    117.2 2023  3  8  5 35 57.320  3.5   1
     4800  26.863511  102.966496    12.442     2653.8    -9457.5     6448.8    138.3     94.5    115.1 2023  3  8  8 34 31.720  2.9   1
     4804  26.862238  102.972567    13.911     3256.7    -9598.5     7918.3     69.8     64.0     49.9 2023  3  8 10 57 26.430  3.6   1
     4807  26.852323  102.987402    11.927     4731.3   -10697.1     5934.3     79.2     86.9    102.4 2023  3  8 11 16  2.730  4.7   1
     4808  26.844859  102.995679    11.153     5553.2   -11524.1     5160.4    116.9    133.6    121.7 2023  3  8 11 32  1.250  4.6   1
     4811  26.848798  102.979826    13.768     3978.6   -11087.6     7774.7     97.7     94.0     72.8 2023  3  8 12 16  0.270  3.5   1
     4817  26.860105  102.977946     8.503     3791.4    -9834.7     2509.9    106.7    102.6    119.3 2023  3  8 14 11 31.600  3.5   1
     4826  26.860286  103.000326    12.378     6014.8    -9814.8     6385.1    147.8    171.1    147.6 2023  3  8 16 15 45.670  3.2   1
     4829  27.127612  102.838428    10.566   -10056.1    19805.8     4572.6     57.7     62.2     93.2 2023  3  8 16 47  0.080  4.2   1
     4831  26.851064  102.940682     7.670       90.0   -10836.6     1676.5    118.4     84.8    139.2 2023  3  8 17 18 39.800  3.2   1
     4842  26.837952  102.955558     8.020     1567.7   -12289.5     2027.0     88.6     64.1     89.2 2023  3  8 18 28  0.140  3.5   1
     4844  26.851459  102.939209    14.336      -56.6   -10792.9     8342.5     84.4     75.1     76.4 2023  3  8 18 45 27.760  2.8   1
     4847  26.844727  102.976017     7.329     3600.5   -11538.7     1335.6     37.7     33.3     60.2 2023  3  8 18 57 27.600  2.7   1
     4849  26.958144  102.809139     7.766   -12971.7     1028.1     1772.7    155.5    134.0    214.7 2023  3  8 19  8 18.620  2.2   1
     4851  26.847561  102.927620     8.327    -1208.0   -11224.9     2334.1    153.2    130.6    165.8 2023  3  8 19 33  5.040  3.0   1
     4861  26.841317  102.954362     6.658     1448.8   -11916.6      664.9    165.6    127.6    203.4 2023  3  8 21  9 17.160  3.3   1
     4863  26.851636  102.950342     9.849     1049.4   -10773.3     3855.8     61.0     47.3     85.1 2023  3  8 22  6  3.880  2.9   1
     4866  26.829478  102.982650     5.354     4258.9   -13228.4     -639.0    166.9    122.0    332.7 2023  3  8 22 33 58.560  2.5   1
     4867  26.849148  102.976204    14.225     3618.7   -11048.9     8231.6     91.0     83.2     81.3 2023  3  8 22 37 23.320  5.3   1
     4869  26.843858  102.974040     8.987     3403.8   -11635.0     2994.3     45.5     44.8     64.0 2023  3  8 22 47 56.720  3.4   1
     4870  26.849156  102.955900    11.095     1601.9   -11048.0     5102.3    126.8     91.0    106.9 2023  3  8 22 53 20.080  4.4   1
     4871  26.856836  102.957227    11.330     1733.1   -10197.0     5337.4    108.8    123.4     87.5 2023  3  8 23  1 14.240  4.4   1
     4874  26.852755  103.023633     7.355     8330.3   -10649.2     1362.4     35.9     22.4     57.7 2023  3  8 23 13 55.680  3.0   1
     4875  26.850411  102.946444     9.572      662.5   -10908.8     3579.1     75.1     80.9    100.6 2023  3  8 23 18 10.680  3.7   1
     4876  26.846940  102.928076    11.089    -1162.9   -11293.4     5095.9     58.0     51.9     53.9 2023  3  8 23 31 30.160  3.5   1
     4878  26.858907  102.993538    15.131     5340.8    -9967.4     9138.0     46.4     59.7     52.5 2023  3  8 23 45 23.320  3.4   1
     4879  26.839958  102.937223    10.921     -253.9   -12067.2     4927.8     76.4     66.9     70.7 2023  3  8 23 46 48.580  3.6   1
     4881  26.859792  102.938200     8.138     -157.2    -9869.5     2145.0     56.8     39.7     51.2 2023  3  9  0  8 16.170  3.0   1
     4882  26.842200  102.995207     9.960     5506.9   -11818.8     3966.9     63.7     61.4     69.6 2023  3  9  0 11 33.010  3.5   1
     4883  26.850452  102.933577    11.357     -616.0   -10904.4     5363.8     65.9     50.1     79.5 2023  3  9  0 20 14.340  4.0   1
     4884  26.865293  102.961157    17.619     2123.5    -9259.8    11626.4     60.1     38.8     34.8 2023  3  9  0 23 50.010  4.0   1
     4886  26.888391  102.784285    17.102   -15444.3    -6700.6    11109.0      0.0      0.0      0.0 2023  3  9  0 34 17.400  2.9   1
     4890  26.848482  102.920858    12.018    -1879.9   -11122.6     6025.3     71.3     56.5     77.0 2023  3  9  1 40 14.960  3.8   1
     4893  26.852716  102.960620     9.983     2070.8   -10653.6     3990.0    114.7    111.4    102.1 2023  3  9  5 13 22.700  5.9   1
     4894  26.858110  102.989901    14.036     4979.1   -10055.9     8043.2     42.1     45.6     30.8 2023  3  9  5 38 48.930  3.3   1
     4897  26.880408  102.889795    10.880    -4964.7    -7585.3     4886.5    131.5    118.9     75.9 2023  3  9  6 15  2.590  3.8   1
     4898  26.863051  102.970866     8.869     3088.0    -9508.2     2876.3     79.2     59.9     60.1 2023  3  9  6 15 57.280  3.5   1
     4900  26.859605  102.970443    10.702     3045.8    -9890.3     4708.9    147.6    110.3    137.5 2023  3  9  6 32  3.540  4.3   1
     4902  26.857583  102.968831    10.928     2886.4   -10114.2     4935.3     74.3     63.5     66.5 2023  3  9  6 45 48.880  4.0   1
     4903  26.861324  102.949967    11.812     1012.4    -9699.8     5818.9     83.0     51.2     63.7 2023  3  9  6 46 51.560  3.8   1
     4905  26.844659  102.955941     4.786     1605.8   -11546.3    -1207.0     37.8     45.6     80.3 2023  3  9  7  8 25.460  3.1   1
     4909  26.866520  102.953874    14.771     1400.1    -9124.0     8777.5    113.4     72.8     81.0 2023  3  9  7 34 40.850  4.3   1
     4910  26.864054  102.959969    11.715     2005.5    -9397.3     5721.8     54.2     58.6     56.8 2023  3  9  7 45 49.050  3.3   1
     4911  26.858667  102.981567    10.370     4151.6    -9994.2     4376.7     51.0     50.4     49.1 2023  3  9  7 50 26.180  3.9   1
     4912  26.843087  102.975090    11.702     3508.0   -11720.5     5709.0     74.4     59.8     86.8 2023  3  9  8  5  8.630  4.8   1
     4914  26.851951  102.944906     7.038      509.0   -10738.3     1044.5     93.4     76.2    106.4 2023  3  9  8 52 12.370  3.2   1
     4916  26.854586  102.980265    11.209     4022.1   -10446.4     5216.1     83.9     65.1     82.1 2023  3  9  9  0 32.420  4.1   1
     4917  26.850037  102.973576     7.788     3357.7   -10950.3     1794.5     77.0     40.8     93.3 2023  3  9  9  4 21.020  3.5   1
     4918  26.854964  102.927734    10.537    -1196.9   -10404.5     4543.6    135.1    107.5    132.3 2023  3  9  9 17 12.240  4.3   1
     4926  27.117468  102.842017    10.850    -9700.7    18681.8     4856.7    116.5     75.3     77.9 2023  3  9 10 41  7.130  4.5   1
     4929  26.868671  102.966984    13.293     2702.3    -8885.7     7299.7     70.8     87.6     76.0 2023  3  9 11 29 18.650  3.4   1
     4930  26.858791  102.990853     9.938     5073.8    -9980.3     3945.1     79.3     77.0     92.6 2023  3  9 11 30 47.930  3.3   1
     4948  26.842098  102.991203    11.378     5108.5   -11830.1     5384.6     64.9     63.1     77.0 2023  3  9 14 21 16.690  3.2   1
     4952  26.841148  102.987264     8.108     4717.7   -11935.3     2115.3     63.9     64.6     95.7 2023  3  9 16 32  5.440  4.1   1
     4959  26.850448  102.916382    11.241    -2324.4   -10904.9     5247.7     84.4     67.0     59.2 2023  3  9 19 16 19.620  2.8   1
     4963  26.850653  102.942855    11.241      305.5   -10882.1     5248.1     66.3     58.1     54.6 2023  3  9 20 12 33.500  2.8   1
     4966  26.855452  102.942497    13.966      269.7   -10350.3     7973.4     92.3     68.1     58.9 2023  3  9 20 28 34.180  3.9   1
     4969  26.850680  102.947721    11.027      788.8   -10879.1     5033.6     59.0     43.0     45.7 2023  3  9 20 49 10.180  3.5   1
     4972  26.856321  102.937337    13.988     -242.6   -10254.0     7995.2     98.8     98.3     71.4 2023  3  9 20 59 26.520  3.3   1
     4974  26.868294  102.961214    13.581     2129.6    -8927.5     7587.5    111.7    128.8     93.2 2023  3  9 21  6 49.720  5.2   1
     4975  26.867094  102.943221    15.925      341.6    -9060.5     9932.2    124.7     80.1     94.3 2023  3  9 21 12 28.800  3.3   1
     4977  26.889736  102.869165     7.248    -7013.8    -6551.7     1254.7     14.8     13.2     24.8 2023  3  9 21 21 14.400  2.6   1
     4981  26.855554  102.945467    11.649      564.9   -10339.1     5656.0     84.7     49.6     53.4 2023  3  9 21 36  5.360  3.9   1
     4984  26.844680  102.996899    10.106     5674.7   -11544.0     4113.3    147.8    146.9    153.9 2023  3  9 21 46 59.720  2.8   1
     4988  26.879055  102.896460    13.049    -4302.8    -7735.1     7056.0     39.3     38.9     21.8 2023  3  9 22 21 41.340  2.9   1
     4992  26.851813  102.972949    10.876     3295.5   -10753.5     4882.7     67.4     57.7     54.2 2023  3  9 22 48 34.400  3.8   1
     4997  26.864107  102.947184    13.307      735.5    -9391.4     7313.6    101.8     78.9     78.8 2023  3 10  0 20 44.950  5.5   1
     4999  26.849152  102.943929    11.826      412.7   -11048.4     5833.1    109.3     91.4     83.4 2023  3 10  0 50 10.610  4.2   1
     5000  26.854051  102.975212    16.171     3519.8   -10505.7    10178.0    124.4     97.7    118.4 2023  3 10  1 32 17.130  4.6   1
     5001  26.861049  102.962378    12.318     2245.1    -9730.2     6325.1     77.7     73.5     69.3 2023  3 10  1 58 31.600  2.6   1
     5004  26.866636  102.906209     9.261    -3335.0    -9111.1     3268.4     45.1     23.1     56.3 2023  3 10  2 51 15.710  3.4   1
     5005  26.940914  102.828198     8.883   -11080.5     -881.0     2890.2     26.5     29.7     24.1 2023  3 10  2 53 24.800  3.2   1
     5007  26.842824  102.971045     9.226     3106.3   -11749.5     3233.4     47.9     54.7     62.5 2023  3 10  3 17 29.440  3.0   1
     5009  26.847697  103.016732    14.421     7644.6   -11209.7     8427.8     75.1     35.9     49.1 2023  3 10  3 28 22.810  3.7   1
     5010  26.842354  102.940975     9.619      119.0   -11801.7     3625.6    106.4     68.3     99.1 2023  3 10  3 57 59.450  3.5   1
     5011  26.867778  102.936410    10.980     -334.5    -8984.7     4986.5    102.7    108.8    114.7 2023  3 10  5 39 33.770  2.9   1
     5014  26.867143  102.952197    11.847     1233.6    -9054.9     5854.1     57.1     51.4     48.5 2023  3 10  6 35 52.600  3.3   1
     5015  26.966085  102.792301     7.318   -14643.4     1908.0     1324.8    149.8    180.4    252.3 2023  3 10  6 36 58.260  2.9   1
     5021  26.862211  102.917285     8.935    -2234.2    -9601.4     2941.8     71.0     55.7     91.3 2023  3 10 10 18  2.270  2.9   1
     5022  26.844012  102.991870    10.184     5174.7   -11618.0     4190.7     56.9     54.6     59.2 2023  3 10 11 21 23.550  3.4   1
     5023  26.849239  102.963729    13.187     2379.7   -11038.7     7193.7    106.8     76.7     93.7 2023  3 10 12 19 19.430  3.5   1
     5024  26.831842  102.988184    12.816     4808.9   -12966.3     6823.4     33.9     35.5     66.0 2023  3 10 13 19 22.060  4.1   1
     5030  26.869472  102.924487    10.594    -1518.8    -8797.0     4601.2     86.6     76.5     59.6 2023  3 10 14 54 40.440  2.6   1
     5032  26.841069  102.937484    14.557     -228.2   -11944.1     8564.1    128.5     92.5     77.0 2023  3 10 16 13 27.840  3.8   1
     5036  27.036151  102.882576    11.327    -5678.0     9671.6     5333.4    210.7    107.0    116.1 2023  3 10 18  8  4.040  4.8   1
     5041  27.027439  102.902091    12.019    -3740.7     8706.3     6026.4     34.0     34.1     23.0 2023  3 10 18 52 49.780  3.7   1
     5043  27.038367  102.908496    10.009    -3105.2     9917.1     4015.8    210.1    106.4     89.3 2023  3 10 18 57 22.840  3.7   1
     5044  27.018245  102.890511    10.899    -4890.9     7687.5     4905.6    166.4    132.1    105.6 2023  3 10 19  2 23.560  3.3   1
     5045  27.028965  102.896281     9.827    -4317.8     8875.4     3834.2     90.1     44.8     38.5 2023  3 10 19  5 56.440  3.2   1
     5048  27.014191  102.896436    11.933    -4303.0     7238.2     5939.9     25.2     37.4     25.2 2023  3 10 19 23 42.860  2.3   1
     5049  26.866996  102.937874    10.657     -189.5    -9071.2     4663.6     93.1     86.9     67.7 2023  3 10 19 42 54.160  3.0   1
     5052  27.026121  102.903491     9.566    -3602.3     8560.3     3572.8    126.7     70.7     57.6 2023  3 10 19 55 36.560  3.2   1
     5054  26.851469  102.969173     6.898     2920.5   -10791.7      904.6     86.0     75.8    130.5 2023  3 10 20 14 21.840  3.4   1
     5055  27.026286  102.893555    10.091    -4588.6     8578.5     4097.4    133.3     74.5     38.5 2023  3 10 20 25 37.900  3.9   1
     5061  26.854596  102.959448     8.422     1954.2   -10445.2     2428.9    226.9    173.8    211.7 2023  3 10 21  1 11.540  3.5   1
     5064  26.845937  102.969971     5.522     2999.2   -11404.6     -470.6     96.3     85.1    146.9 2023  3 10 21 25  8.900  3.2   1
     5065  26.846737  102.938175     8.792     -159.3   -11316.0     2799.2    148.6    129.3    153.5 2023  3 10 21 37 59.520  3.1   1
     5070  26.854976  102.968571     8.762     2860.3   -10403.0     2769.1     76.2     79.0     89.5 2023  3 10 22 15  6.200  3.0   1
     5071  27.111318  102.862142    13.192    -7704.2    18000.1     7199.2    152.5    115.1     90.8 2023  3 10 22 20 47.880  3.5   1
     5072  26.866256  102.944425    12.632      461.8    -9153.3     6638.9     97.9     89.7     77.0 2023  3 10 22 47  7.080  2.2   1
     5079  26.859369  102.949455     6.842      961.2    -9916.4      848.8     65.6     84.1    114.6 2023  3 10 23 16  8.140  3.5   1
     5080  26.862183  102.971989     8.307     3199.8    -9604.6     2314.2     69.9     60.4     69.9 2023  3 10 23 23 55.640  3.3   1
     5083  27.108490  102.830306     9.733   -10863.1    17686.9     3739.5     48.1     26.0     36.2 2023  3 11  0  8 26.740  3.5   1
     5087  26.850513  102.960685    11.792     2076.7   -10897.6     5798.7     50.5     47.9     78.9 2023  3 11 13  1 44.270  3.3   1
     5091  26.918134  102.791813    10.585   -14695.3    -3405.0     4591.8     72.4     93.4     76.9 2023  3 11 14 29 21.430  2.3   1
     5092  27.100230  102.825057     9.573   -11383.9    16771.6     3579.9     87.5     54.3     90.0 2023  3 11 14 41 36.040  2.8   1
     5106  26.875586  102.873112     7.804    -6622.5    -8119.5     1811.2     19.0     11.3     25.8 2023  3 11 21  1 59.360  2.7   1
     5115  27.159709  103.120581    12.229    17937.1    23362.1     6235.6     64.7     49.6     95.7 2023  3 11 23 30 29.120  4.9   1
     5121  26.840076  102.943213    12.357      341.6   -12054.2     6364.3    166.4    126.2    117.2 2023  3 12  1 19  0.220  4.1   1
     5132  26.844533  102.962850     9.085     2291.7   -11560.2     3092.4    194.9    163.6    230.6 2023  3 12  8 12 14.250  3.6   1
     5136  27.117375  102.794482     2.486   -14417.1    18671.3    -3506.7     56.9     60.6    275.6 2023  3 12  9 45 22.730  4.0   1
     5148  26.875364  102.895947    14.560    -4354.1    -8144.1     8567.2     41.1     39.7     20.6 2023  3 12 15 10  5.380  3.3   1
     5152  26.862758  102.931388     8.712     -833.6    -9540.7     2719.4    164.3     91.9     99.5 2023  3 12 16  1 19.410  2.5   1
     5157  26.881777  102.911491    15.215    -2810.1    -7433.6     9221.8     75.2     65.4     53.5 2023  3 12 19  9 25.120  3.2   1
     5158  26.997434  102.800073     4.934   -13869.8     5381.7    -1059.3     91.9     99.8    109.5 2023  3 12 19 23 38.260  3.5   1
     5162  27.127734  102.846777    10.302    -9228.0    19819.3     4309.0    163.6    154.2    156.1 2023  3 12 20 30 52.180  2.9   1
     5165  26.946348  102.823649     8.062   -11531.4     -278.8     2068.9     25.5     28.7     27.2 2023  3 12 21 27  6.560  3.0   1
