        3  26.919145  102.842196    12.059    -9691.6    -3293.1     6066.2     59.1     74.1     50.7 2022  8 23 16 29 48.550  1.9   1
        4  27.233944  102.885059     0.601    -5427.0    31587.5    -5392.0    340.0    154.7    233.9 2022  8 24  0  4  1.570  2.7   1
       91  26.531984  103.169263    18.650    22829.2   -46191.5    12656.5     41.4     36.1     41.6 2022  8 31 10 53 13.050  2.7   1
      135  27.032947  103.117700    10.497    17661.5     9316.5     4503.5     43.8     45.4     62.0 2022  9  2 20 12 18.120  2.3   1
      141  26.538098  103.177401    19.686    23638.5   -45513.9    13692.9     41.0     36.8     40.9 2022  9  3  2 56 53.270  2.8   1
      144  26.593441  102.939535     4.334      -24.3   -39381.9    -1659.2    334.1    184.3    472.1 2022  9  3  9 16  5.250  3.6   1
      222  26.878402  102.777197    15.800   -16149.2    -7807.4     9806.5      0.0      0.0      0.0 2022  9  8 17 34 28.040  3.0   1
      257  27.037923  103.002677     2.437     6243.7     9868.0    -3556.2    335.9    101.7    155.1 2022  9 12  0 14 51.300  2.7   1
      269  27.238188  102.963411     1.490     2343.9    32057.7    -4503.5     25.5     77.9     77.6 2022  9 12 17 33 19.000 -0.5   1
      276  26.959926  103.004508     9.367     6427.3     1225.7     3374.2     16.2     15.3     33.8 2022  9 13  0 33 14.780  1.3   1
      371  27.215035  102.961255     1.729     2130.3    29492.4    -4263.7     16.3     20.8     29.9 2022  9 18  5 49 58.600  1.3   1
      392  26.921828  102.735107     5.444   -20326.4    -2995.6     -549.5     11.1     13.5     14.8 2022  9 19 21  5  7.620  2.8   1
      439  27.298484  103.015682     4.835     7526.0    38738.8    -1158.0     24.3     32.6     35.4 2022  9 24  1 45 33.660  2.9   1
      444  27.014874  102.765373     8.121   -17313.5     7314.0     2127.9    283.9    347.1    524.2 2022  9 24  7 41 55.320  2.6   1
      489  27.230302  102.962891     1.598     2292.0    31184.1    -4394.7     24.6     65.7     57.9 2022  9 27 19 23 18.840  0.0   1
      523  27.053780  102.848218     8.071    -9088.0    11624.9     2078.4     54.7     54.5     66.2 2022  9 29 17 23 38.880  2.1   1
      536  27.229417  102.962712     0.907     2274.4    31085.9    -5086.1     26.2     57.2     92.0 2022  9 30  9 49 58.940  1.2   1
      543  26.675283  103.098503     0.825    15780.1   -30313.5    -5168.1    158.3     82.8    134.7 2022  9 30 20 38 44.360  2.2   1
      563  27.304211  103.017236     5.396     7679.6    39373.3     -597.5     24.8     31.7     38.8 2022 10  2 12 44 16.360  2.3   1
      624  26.922325  102.997054     6.510     5688.2    -2940.8      516.8      8.2     10.1      9.1 2022 10  6 19 23 17.160  0.7   1
      663  26.543427  103.000977     3.757     6087.4   -44923.6    -2235.9     25.7     38.1     31.2 2022 10  9 11 37 14.950  2.2   1
      672  26.809469  102.900968    10.672    -3856.1   -15445.5     4678.8      0.9      0.6      0.4 2022 10 10  3 35  1.940  3.7   1
      811  26.538621  102.962826     5.401     2292.9   -45456.1     -591.7    117.8     45.9    159.7 2022 10 19 14 46 46.080  3.0   1
      839  26.745738  103.023218     9.174     8292.9   -22506.9     3181.3     11.0      8.8     12.8 2022 10 20 17 33 27.740  2.5   1
      903  27.209371  102.976587     1.295     3650.8    28864.9    -4697.8    194.4     66.6    219.4 2022 10 26  7 44 50.780  2.5   1
      959  26.930318  102.815169     4.629   -12375.1    -2054.9    -1364.0     47.8    141.0     79.5 2022 11  1  0 13 34.950  2.8   1
     1011  26.938908  102.881502     5.525    -5786.9    -1103.2     -468.3    467.9    655.1    436.3 2022 11  8 16 46  5.690  2.4   1
     1016  26.568746  103.072965     2.762    13247.8   -42118.1    -3230.7      3.5      2.2      2.5 2022 11  9  5 41  9.940  2.7   1
     1090  26.860785  103.104110     2.018    16324.8    -9759.4    -3974.9    276.1    328.9    351.3 2022 12 11  7  3 23.660  2.7   1
     1101  26.849921  103.094222     1.200    15342.7   -10963.4    -4793.5    244.0    480.1    459.4 2022 12 25 14 50 26.040  2.8   1
     1104  26.869869  102.902645     9.499    -3688.3    -8753.0     3506.1     86.6     66.6     95.5 2023  1  1  1  2 48.170  2.7   1
     1120  27.213674  102.960750     1.666     2079.9    29341.6    -4327.4     26.4     36.2     53.9 2023  1  1  8 59 58.740  1.1   1
     1148  26.920949  102.900472     9.570    -3903.9    -3093.0     3577.4    298.4    231.8    203.4 2023  1  1 17  9 12.760  2.5   1
     1150  26.925437  102.919694     7.563    -1994.6    -2595.8     1570.2    110.2     89.6    104.5 2023  1  1 17 54 31.060  2.5   1
     1172  26.904769  102.810685     4.185   -12821.3    -4886.0    -1807.6     53.2     55.2     88.0 2023  1  2  2 44 50.100  3.0   1
     1194  26.823332  102.942236    13.425      244.2   -13909.5     7431.9     84.0     61.6     86.0 2023  1  2 13 15 59.500  3.7   1
     1199  26.846942  102.920565    17.877    -1908.6   -11293.4    11883.7     90.8     83.8     73.0 2023  1  2 14 42 20.610  3.5   1
     1210  26.745329  102.902661    14.478    -3688.7   -22552.3     8484.9     30.3     32.6     25.0 2023  1  2 19 33 14.920  1.4   1
     1213  26.979425  102.898991     8.975    -4049.9     3386.3     2982.1     48.7    103.2     30.0 2023  1  2 20 38 12.040  2.4   1
     1214  26.984650  102.904004    19.804    -3551.5     3965.1    13811.2     15.0     20.9     37.9 2023  1  2 20 43 14.180  0.7   1
     1246  26.960077  103.004427     9.219     6419.1     1242.3     3226.4     15.9     15.4     36.2 2023  1  3  9 53 14.500  1.3   1
     1269  26.530275  102.969466     4.395     2953.4   -46380.8    -1598.4    109.2     46.8    134.9 2023  1  3 17  5 17.760  3.4   1
     1270  27.094031  102.771753     2.323   -16674.6    16084.7    -3669.9    104.7     89.0    147.2 2023  1  3 17  7 56.840  2.8   1
     1280  26.913479  103.008993     6.403     6874.2    -3920.8      410.0      8.0     11.6      9.7 2023  1  3 18 37 22.120  2.0   1
     1304  27.114364  102.833268    12.945   -10568.4    18337.8     6952.1    319.5    184.1    269.7 2023  1  4  2 22 33.690  2.9   1
     1338  26.984713  102.903296    21.085    -3622.5     3972.1    15092.1     48.3     28.7     59.6 2023  1  4 16 33 13.890  0.9   1
     1350  26.850136  102.959473    13.961     1956.3   -10939.5     7968.2    126.9    106.8    102.2 2023  1  4 19 27 11.020  3.5   1
     1360  26.969067  102.929069     5.869    -1063.3     2238.6     -124.3    151.4    147.7    129.0 2023  1  4 22 34  8.940  2.1   1
     1371  27.175041  102.809448     1.554   -12929.3    25060.8    -4438.6      4.8      3.9      6.4 2023  1  5  5  3  4.960  3.6   1
     1387  26.845013  102.948584     8.695      874.6   -11507.1     2702.4    217.2    246.5    157.3 2023  1  5 13 36 43.040  3.8   1
     1395  26.923521  102.915495     7.259    -2412.1    -2808.1     1266.1    122.6     92.9    101.0 2023  1  5 16 58 37.710  3.2   1
     1405  26.793766  102.976318    14.461     3630.8   -17185.4     8468.4    139.2    164.3     95.6 2023  1  5 18 48 23.160  3.0   1
     1406  26.980389  102.905599    19.644    -3393.3     3492.9    13650.4     27.7     45.4     25.9 2023  1  5 18 53 13.880  1.2   1
     1410  26.846395  102.946956     4.515      713.3   -11353.9    -1478.0     26.6     48.2     80.3 2023  1  5 19 19 20.860  2.6   1
     1411  26.921885  102.847697    10.777    -9144.9    -2989.4     4784.3     58.3     72.8     51.4 2023  1  5 19 20 31.660  2.4   1
     1412  26.850517  102.943669     4.245      386.4   -10897.2    -1748.4     26.3     35.4     80.3 2023  1  5 19 34 36.200  2.3   1
     1417  26.853640  102.912142    14.255    -2745.8   -10551.1     8261.7    157.2    113.2     96.7 2023  1  5 19 57 22.800  2.6   1
     1425  26.823173  102.956942    14.412     1705.2   -13927.1     8419.0    178.7    134.2    108.4 2023  1  5 21  4 48.560  3.5   1
     1428  26.830691  102.971663    16.890     3167.6   -13093.9    10897.3     86.3     69.2     85.4 2023  1  5 21 57 36.580  5.6   1
     1431  26.829635  102.949967    10.841     1012.7   -13211.0     4847.8     98.0     79.0    106.8 2023  1  5 22  4  9.800  4.9   1
     1432  26.867021  102.872013    11.339    -6731.5    -9068.6     5345.5     66.1     92.8    134.5 2023  1  5 22  8 18.040  2.8   1
     1433  26.836623  102.946948    11.244      712.6   -12436.7     5250.8    158.5    180.8    183.1 2023  1  5 22 15 54.360  2.9   1
     1436  26.823637  102.958236    14.141     1834.0   -13875.5     8147.9    148.5    103.6     92.9 2023  1  5 22 21  5.480  5.6   1
     1439  26.849587  102.999797    14.508     5962.3   -11000.1     8515.4     86.4     73.8     52.7 2023  1  5 22 43 29.800  5.2   1
     1440  26.829108  102.961125    13.547     2120.8   -13269.4     7554.2     57.2     92.2     54.7 2023  1  5 22 45 17.520  4.8   1
     1441  26.836749  102.962435    12.197     2250.5   -12422.6     6203.8     96.6     50.6     65.2 2023  1  5 22 47 20.320  3.1   1
     1442  26.808575  102.941846    17.034      205.5   -15544.4    11041.3    203.3    151.2    114.2 2023  1  5 22 55 34.980  3.9   1
     1444  26.835103  102.965137    16.111     2519.1   -12605.1    10117.5    170.5    162.7    128.1 2023  1  5 23  2 29.760  3.2   1
     1445  26.832363  102.964225    11.749     2428.4   -12908.6     5755.6     71.7     48.0     85.5 2023  1  5 23  5 44.480  4.0   1
     1446  26.834951  102.954606    16.930     1473.4   -12622.0    10936.5    204.1    179.5    131.7 2023  1  5 23 11 18.480  3.4   1
     1448  26.820996  102.965234    14.836     2529.6   -14168.2     8842.5    101.0     98.3     74.9 2023  1  5 23 27 57.080  5.4   1
     1450  26.812899  102.934904    15.549     -484.0   -15065.4     9555.8    196.8    145.7    101.1 2023  1  5 23 38 26.920  3.7   1
     1460  26.594094  103.019694     3.342     7947.6   -39309.6    -2651.4     63.6     61.5     64.8 2023  1  6  1 44  6.960  2.5   1
     1461  26.837282  102.923096    11.926    -1657.8   -12363.7     5932.5    184.8    120.2    119.4 2023  1  6  2  9 13.140  3.6   1
     1465  26.826813  102.967985    17.404     2802.7   -13523.8    11410.9    144.6    161.3    121.4 2023  1  6  2 50 22.410  5.9   1
     1467  26.832977  102.961344    11.895     2142.9   -12840.7     5902.1     96.4     74.4     47.2 2023  1  6  2 57  1.020  3.8   1
     1469  26.835130  102.952995    12.443     1312.8   -12602.1     6450.3     80.8     72.4     78.6 2023  1  6  3  0 59.270  3.6   1
     1470  26.828160  102.949683    13.413      983.7   -13374.5     7420.3     73.3     72.0     87.5 2023  1  6  3 25  4.030  3.7   1
     1474  26.815833  102.954801    15.560     1492.9   -14740.2     9566.9    197.9    260.5    172.6 2023  1  6  3 41 32.280  3.4   1
     1479  26.832005  102.961263    14.228     2134.6   -12948.3     8234.6     68.2    108.5    102.0 2023  1  6  4 27 46.330  3.9   1
     1480  26.828902  102.977474    13.312     3745.4   -13292.1     7318.7    116.7     87.9    103.7 2023  1  6  4 51 23.310  3.7   1
     1489  26.809243  102.965625    12.316     2568.0   -15470.5     6323.1     70.9     75.6     91.1 2023  1  6  6  5 52.330  3.0   1
     1490  26.833333  102.963826    13.191     2389.4   -12801.2     7197.7    154.4    137.0    101.8 2023  1  6  6  8 33.500  3.0   1
     1496  26.832912  102.961938    13.727     2202.0   -12847.9     7733.8     85.3     72.8     54.7 2023  1  6  7 51  6.930  4.0   1
     1509  26.832393  102.979712    17.621     3967.5   -12905.3    11627.5    151.3    113.0    125.0 2023  1  6 11  5  1.410  3.2   1
     1510  26.970490  102.912931     8.854    -2666.0     2396.2     2860.9    222.2    218.4    143.6 2023  1  6 11 15 40.300  5.4   1
     1511  26.838104  102.957690    13.882     1779.3   -12272.6     7888.9     79.7     99.3     82.7 2023  1  6 11 24 59.760  3.7   1
     1520  26.835087  102.951099    13.930     1124.7   -12606.8     7936.6    112.0    126.0    113.6 2023  1  6 14 37 17.560  3.7   1
     1530  26.831018  102.943522    10.107      371.8   -13057.7     4114.3    178.1    106.2    169.7 2023  1  6 16 14 42.600  2.7   1
     1531  26.876076  102.931543     8.251     -818.1    -8065.3     2257.8     80.1     84.1    126.6 2023  1  6 16 35 36.810  2.5   1
     1546  26.874398  102.840674     3.768    -9844.2    -8251.1    -2224.7    129.0     59.4    131.0 2023  1  6 18 53 36.500  2.2   1
     1551  26.822943  102.951489    13.272     1163.4   -13952.4     7278.5     77.5     64.8     88.8 2023  1  6 20 36  5.420  3.7   1
     1558  26.828770  102.962134    13.207     2220.7   -13306.7     7214.0     63.7    102.1     51.3 2023  1  6 21 38 29.200  4.3   1
     1562  27.017834  102.832731     3.410   -10626.6     7641.9    -2583.4    179.6    122.8    195.8 2023  1  6 22 19 21.680  1.4   1
     1566  26.820695  103.023584    13.893     8326.7   -14201.4     7899.7     77.1     93.7     70.3 2023  1  6 23 10 13.040  3.2   1
     1584  26.927089  102.658757    13.594   -27908.6    -2412.8     7600.6    282.5    502.1    359.6 2023  1  7  5 10 35.680  2.9   1
     1597  26.896712  102.922770    11.773    -1689.4    -5778.6     5780.0      6.3      4.4      4.8 2023  1  7 11 13 16.360  1.4   1
     1598  26.838637  102.938615    15.521     -115.5   -12213.4     9528.3    180.1    136.8    169.9 2023  1  7 11 38 45.550  3.3   1
     1607  26.961578  102.897290     8.453    -4219.2     1408.6     2460.4    139.6     69.0    172.8 2023  1  7 15 39 14.060  2.9   1
     1608  27.102395  102.892318    13.917    -4709.6    17011.5     7923.7    412.7    240.4    254.1 2023  1  7 15 40  8.830  4.2   1
     1610  26.809184  103.070540     4.886    12992.8   -15476.9    -1106.6    210.5    229.4    342.5 2023  1  7 16 25  3.150  1.9   1
     1611  26.834916  102.949634    14.285      978.9   -12625.9     8291.7     89.5     72.3     74.4 2023  1  7 16 37 55.380  2.6   1
     1620  26.804020  102.960002    12.630     2009.1   -16049.1     6636.9     67.9     69.4    100.6 2023  1  7 20 13  6.540  3.4   1
     1641  26.749072  102.858065    11.089    -8121.6   -22137.4     5096.4      0.0      0.0      0.0 2023  1  8  4 26  9.320  3.1   1
     1644  26.834656  102.930282    13.248     -943.7   -12654.6     7255.1    333.8    245.1    199.5 2023  1  8  5 28 16.570  3.7   1
     1653  26.833573  102.952946    14.152     1308.5   -12774.6     8158.7     79.0     50.1     60.3 2023  1  8  9 21  3.240  3.7   1
     1662  26.825106  102.930314    12.394     -940.5   -13712.9     6400.8    189.1    156.8    213.4 2023  1  8 12 18 53.450  3.6   1
     1675  26.830237  102.958146    11.455     1824.8   -13144.3     5462.3     83.9     53.4    106.7 2023  1  8 17  5 43.960  3.1   1
     1678  26.679277  103.006665    14.868     6650.0   -29871.1     8874.8     86.5     32.9     49.0 2023  1  8 18  3 48.840  3.2   1
     1688  26.827997  102.963110    14.698     2317.9   -13392.5     8704.6    106.2    119.0     92.7 2023  1  8 20 59 20.120  3.0   1
     1690  26.999976  102.878019    16.247    -6131.3     5663.2    10253.5     51.4     42.9     38.1 2023  1  8 21 29 31.160  2.8   1
     1691  26.934035  102.858643    12.614    -8057.6    -1643.2     6621.3     72.1     56.4     51.3 2023  1  8 21 39 13.640  3.3   1
     1692  26.935447  102.870955    13.121    -6834.4    -1486.7     7127.4     72.7     54.9     51.6 2023  1  8 21 47 29.700  3.2   1
     1696  26.893337  102.924105    11.087    -1557.2    -6152.6     5094.0      6.3      4.4      4.9 2023  1  9  1  2 25.250  3.1   1
     1719  26.883736  102.932812     9.145     -692.3    -7216.4     3151.9    108.3     86.3     91.1 2023  1  9 16  6 17.470  3.2   1
     1720  26.876579  102.933700    10.873     -603.7    -8009.5     4879.4    155.0    147.8    137.3 2023  1  9 16 14 24.770  3.0   1
     1721  26.877083  102.938818     9.451      -95.2    -7953.5     3458.1    242.0    234.0    179.8 2023  1  9 16 39 28.720  3.0   1
     1722  26.872400  102.961117    14.979     2119.3    -8472.6     8986.2     95.6     92.6     80.4 2023  1  9 16 57 16.400  4.2   1
     1727  26.891872  102.963094    11.167     2315.5    -6314.8     5173.7    257.6    208.9    229.7 2023  1  9 19  8 37.980  2.9   1
     1730  26.863617  102.954061     7.472     1418.4    -9445.7     1479.2    194.1    152.8    189.8 2023  1  9 19 27 32.440  2.9   1
     1732  26.883950  102.958268    10.073     1836.3    -7192.7     4079.9    226.2    159.1    130.3 2023  1  9 20 35 17.380  4.9   1
     1733  26.880229  102.940788    11.155       99.9    -7605.0     5162.1    129.8     87.6     82.5 2023  1  9 20 39 20.860  3.4   1
     1734  26.875287  102.934432     8.321     -531.1    -8152.6     2327.8     77.7     74.0    106.0 2023  1  9 21 45  5.440  3.0   1
     1737  26.884047  102.939771    10.902       -0.4    -7181.9     4908.5    132.5     83.9     71.0 2023  1  9 22  7  4.500  3.6   1
     1738  26.894132  102.949341    12.216      949.9    -6064.5     6223.1    317.2    260.9    289.3 2023  1  9 22 12 25.440  3.7   1
     1742  27.040181  102.833529    11.389   -10546.7    10118.0     5396.0    166.6    123.2    138.0 2023  1  9 23 27  6.800  3.3   1
     1748  26.883868  102.937223    10.026     -254.0    -7201.8     4033.0    127.1     88.4    106.3 2023  1 10  1 44 54.780  2.7   1
     1770  26.872129  102.927645     8.332    -1205.2    -8502.5     2339.3    106.9     90.9     94.7 2023  1 10  9 51  7.700  3.4   1
     1772  27.243011  102.963631     1.801     2365.9    32592.3    -4192.5     42.6     83.4     83.1 2023  1 10 10 46 38.980  1.5   1
     1778  26.863409  102.953385    19.349     1351.8    -9468.7    13355.9    205.6    123.8    118.3 2023  1 10 13 34 23.820  3.4   1
     1779  26.849209  102.928817    11.320    -1088.9   -11042.1     5327.0    102.9     99.4     78.5 2023  1 10 13 36 48.280  3.4   1
     1781  26.823348  102.946460    10.856      663.8   -13907.7     4862.7    154.8    188.8    180.4 2023  1 10 15  7 20.700  2.9   1
     1783  26.851213  102.907983    15.647    -3158.3   -10820.1     9653.8    140.9    293.2    307.4 2023  1 10 15 13 25.930  3.7   1
     1785  26.851796  102.937541    11.529     -222.3   -10755.4     5535.9    115.1    142.1    135.4 2023  1 10 16 19 19.210  2.9   1
     1790  26.968762  102.920931     6.586    -1871.0     2204.8      593.2    171.6    130.5    129.8 2023  1 10 18 32 50.840  2.7   1
     1795  27.015090  102.791447     8.627   -14724.8     7337.8     2634.0      0.0      0.0      0.0 2023  1 10 20 13 13.680  0.7   1
     1810  26.838222  102.928670    15.548    -1103.7   -12259.4     9554.6    242.4    164.7    114.3 2023  1 11  0  7 17.780  3.6   1
     1812  26.948346  102.912427     8.887    -2716.2      -57.4     2893.9     68.1     58.3     61.5 2023  1 11  0 36  5.800  2.7   1
     1820  26.876324  102.931649     7.439     -807.7    -8037.8     1446.0     60.5     92.0    181.4 2023  1 11  4 17  3.990  2.8   1
     1823  27.108927  102.847030    14.961    -9203.3    17735.5     8967.6    126.2     73.7     99.6 2023  1 11  4 48 26.140  4.3   1
     1825  26.949766  103.015210    10.626     7490.0       99.9     4633.4     76.0     70.9    113.0 2023  1 11  5 46 50.880  3.1   1
     1846  26.877704  102.929207    12.014    -1050.0    -7884.8     6020.6    164.8    178.9    113.9 2023  1 11 12 40 18.140  3.3   1
     1847  27.099184  102.868359    13.256    -7087.5    16655.7     7263.3    158.7     96.7    103.1 2023  1 11 12 47 56.460  2.5   1
     1855  26.884721  102.943034    10.627      323.3    -7107.4     4633.4    118.4     84.3     60.0 2023  1 11 15 39  2.760  3.5   1
     1862  26.890070  102.948071     9.982      823.3    -6514.7     3988.7    194.5    143.1     96.5 2023  1 11 18 31 49.400  3.0   1
     1898  27.114445  102.825228    13.470   -11366.5    18346.6     7476.6     98.4     98.6     88.8 2023  1 12 11  0 25.500  4.2   1
     1918  26.979352  102.788550    14.863   -15014.7     3378.0     8870.2    110.9    387.1    109.0 2023  1 12 19 47 23.600  2.7   1
     1923  27.113352  102.829142    14.277   -10978.3    18225.6     8283.7     87.8     63.4     74.2 2023  1 12 21 27 16.860  4.8   1
     1924  27.119248  102.824618    12.487   -11426.7    18878.9     6494.2    125.6     99.5    116.6 2023  1 12 22 30 23.240  3.9   1
     1926  27.106657  102.839746    14.681    -9926.6    17483.8     8688.0    199.4    155.2    230.6 2023  1 12 22 45 29.160  3.7   1
     1928  27.100539  102.869246    12.923    -6998.9    16805.9     6930.0    165.9    117.9    123.6 2023  1 13  0  2  4.850  3.5   1
     1934  27.107174  102.863916    12.092    -7527.7    17541.0     6098.9    146.9    130.9    139.5 2023  1 13  1 42 41.480  3.2   1
     1941  26.826231  102.978174    10.798     3814.5   -13588.2     4805.2    116.9     92.0    124.9 2023  1 13  5 13  5.790  3.6   1
     1947  27.112227  102.832886    14.391   -10607.2    18101.0     8398.2    107.0     76.4     89.7 2023  1 13  9 37 46.380  2.8   1
     1948  27.119706  102.848397    14.245    -9067.3    18929.6     8252.0    198.0    130.0    169.5 2023  1 13  9 48 48.310  3.4   1
     1957  27.116683  102.825350    10.549   -11354.6    18594.7     4555.7    110.0     65.3     72.5 2023  1 13 11 23 47.790  3.1   1
     1965  27.102281  102.818107    13.035   -12073.6    16998.8     7042.1    134.6    108.5    119.0 2023  1 13 13 55 47.290  3.4   1
     1983  27.106104  102.873966    12.895    -6530.6    17422.6     6902.3    166.2    143.4    131.6 2023  1 13 18 44 10.720  3.2   1
     1999  26.793677  102.972909    14.201     3291.7   -17195.2     8208.4    138.8    162.4     97.2 2023  1 14  2  9 10.410  3.6   1
     2008  26.860984  102.839258     4.416    -9985.5    -9737.5    -1576.8    133.6     59.5    121.0 2023  1 14  5 22 43.770  2.9   1
     2014  26.881582  102.925716     9.042    -1396.8    -7455.1     3048.5    131.2    100.3    119.6 2023  1 14  8 57 20.990  2.8   1
     2040  26.927393  102.752694     5.604   -18579.7    -2379.1     -389.0     11.1     13.9     15.5 2023  1 14 16  0 25.770  2.5   1
     2044  26.940312  102.909326     6.616    -3024.3     -947.6      622.8     93.9     69.7     78.7 2023  1 14 16 43 43.950  2.8   1
     2056  27.066423  102.845052     5.814    -9401.7    13025.8     -178.8    110.8    180.1    239.2 2023  1 14 21 23 21.280  2.7   1
     2057  26.957442  102.917537     8.323    -2208.5      950.5     2330.1    158.0    125.1    116.3 2023  1 14 21 31 33.240  2.7   1
     2063  27.107776  102.825081    10.485   -11381.5    17607.7     4491.6     49.6     39.8     37.0 2023  1 14 23 36 57.880  3.7   1
     2077  27.069415  103.136735    12.940    19547.5    13357.4     6946.8     11.4     11.3     35.6 2023  1 15  3  5 26.790  3.6   1
     2081  27.126467  102.801864     0.707   -13684.4    19678.7    -5286.3    135.0    105.2    192.8 2023  1 15  4 24 51.860  3.0   1
     2084  27.049471  102.990576     2.899     5041.6    11147.4    -3094.5    309.8    103.6    157.2 2023  1 15  5 40 13.010  2.7   1
     2093  26.683466  103.090031     1.460    14937.4   -29406.9    -4533.4    111.6     77.6    223.7 2023  1 15  8 44 35.800  2.4   1
     2119  27.107723  102.843465    14.283    -9557.6    17601.8     8290.3    126.1     72.9     99.1 2023  1 15 17 11  5.080  3.8   1
     2121  26.905772  102.818945     4.897   -12000.9    -4774.8    -1095.8     54.5     55.1     76.5 2023  1 15 17 27 46.360  2.8   1
     2131  26.803389  103.055892     3.905    11537.7   -16119.1    -2088.1    214.6    216.1    532.4 2023  1 15 20  8 42.660  2.1   1
     2149  26.917102  103.120492     2.390    17947.0    -3519.5    -3603.2    169.9    213.8    276.2 2023  1 15 23 45 28.480  3.5   1
     2153  26.837183  102.956087    13.003     1619.9   -12374.6     7010.3     87.8     82.2     75.9 2023  1 16  2 13 26.450  3.6   1
     2157  27.169163  102.816992     1.644   -12180.7    24409.6    -4348.7      4.9      3.9      6.4 2023  1 16  3 47 40.300  3.3   1
     2173  26.853546  102.957666    11.475     1776.6   -10561.5     5481.6    137.0    126.3     88.0 2023  1 16  8 53 26.520  3.6   1
     2175  26.846887  102.964168    14.495     2423.4   -11299.3     8501.9    130.9     92.1    137.5 2023  1 16  8 58 50.730  3.3   1
     2195  26.840175  102.976912    12.943     3688.9   -12043.0     6949.7     44.6     59.3     94.9 2023  1 16 16  3 18.920  3.4   1
     2198  26.975307  102.923560     8.306    -1610.6     2930.0     2312.8    151.6     81.6     97.6 2023  1 16 16 16 44.450  3.2   1
     2199  26.972611  102.946606     8.762      677.7     2631.1     2769.4    229.8    154.6    197.5 2023  1 16 16 20  5.830  3.0   1
     2215  26.474640  102.981852     5.798     4186.3   -52545.3     -195.3    236.7    197.3    305.7 2023  1 16 19 35 29.480  2.0   1
     2230  26.934631  103.056706    10.601    11611.5    -1577.2     4608.0    135.1    117.9    121.2 2023  1 16 23  4  7.160  2.5   1
     2231  26.583667  102.944303     4.043      450.4   -40464.8    -1949.9    357.0    182.9    540.1 2023  1 16 23 51 20.800  2.3   1
     2255  27.161230  103.116805    14.508    17562.4    23530.8     8515.0    211.2    232.9    192.4 2023  1 17  9 14 52.110  3.4   1
     2259  26.920355  103.063159    10.320    12253.2    -3159.0     4326.6    134.7    122.3    117.2 2023  1 17 10  7  6.440  2.6   1
     2276  27.025326  102.768481     6.901   -17003.7     8471.9      908.0    284.6    327.0    522.1 2023  1 17 14 35 43.370  3.3   1
     2294  27.125305  102.804663     2.184   -13406.4    19550.0    -3809.4    123.7     99.4    175.4 2023  1 17 18 47 54.980  3.6   1
     2305  27.047237  102.843368     7.219    -9569.9    10900.0     1226.1     78.0     53.6    108.8 2023  1 17 20 43 35.940  3.1   1
     2306  26.929262  102.921794    12.604    -1785.9    -2171.9     6610.9    165.5    154.0    110.7 2023  1 17 20 57  4.440  2.7   1
     2327  26.817578  103.025757    29.785     8542.9   -14547.0    23791.7    369.7    282.1    207.1 2023  1 18  1 23 41.130  3.2   1
     2339  27.102911  102.794621     1.054   -14404.7    17068.7    -4939.3     35.2     24.0     28.6 2023  1 18  6 11 30.060  3.3   1
     2348  26.991003  102.882682     5.120    -5668.5     4669.0     -873.1      4.7      2.8      1.4 2023  1 18  7 22 51.730  3.2   1
     2385  27.038902  102.818815    12.596   -12006.6     9976.3     6602.8    160.3    126.4    136.7 2023  1 18 21 12 59.400  3.2   1
     2402  26.901676  103.126025     2.339    18498.0    -5228.6    -3654.0    171.8    210.3    262.5 2023  1 19  3 45  0.380  2.3   1
     2438  27.099266  102.999325     3.695     5909.2    16664.8    -2298.0     61.3     45.7     61.8 2023  1 19 17 24 12.840  2.9   1
     2443  26.572589  103.046403    12.870    10605.4   -41692.3     6877.9    218.3    171.0    177.8 2023  1 19 18 37 36.240  3.7   1
     2447  26.858278  102.931405    11.669     -831.6   -10037.3     5676.0    131.6    144.2    132.2 2023  1 19 22  6 22.960  3.6   1
     2451  26.860608  102.933439    11.835     -629.6    -9779.1     5841.6    230.5    149.1    148.8 2023  1 19 22 42 21.840  3.2   1
     2463  26.984713  102.822030    14.169   -11690.4     3972.1     8175.8    146.0    123.6    119.6 2023  1 20  8 24  0.370  3.4   1
     2468  27.043768  102.846842     7.653    -9224.4    10515.6     1659.7     78.3     53.2     90.6 2023  1 20 14 49 58.820  3.6   1
     2490  27.114535  102.827091    14.585   -11181.9    18356.7     8591.5    120.3     70.1    102.0 2023  1 20 19  7 17.640  3.4   1
     2499  26.745144  102.901921    14.446    -3762.4   -22572.9     8452.8     19.7     29.7     32.9 2023  1 20 20 43 15.000  1.3   1
     2537  26.982528  102.800627    14.420   -13815.5     3729.9     8426.6    137.5     65.6     90.2 2023  1 21 19 43 34.100  3.3   1
     2543  26.984485  102.846908    14.541    -9220.7     3946.7     8548.1    137.5     93.1    108.5 2023  1 21 23 20 39.120  2.4   1
     2544  27.121519  102.820866     2.793   -11798.8    19130.4    -3200.2    174.0    196.4    410.1 2023  1 21 23 20 59.640  2.4   1
     2576  26.839258  102.914128    12.987    -2548.7   -12144.7     6993.6    146.4    102.1    101.9 2023  1 22 14 38 34.180  3.1   1
     2595  26.924021  102.935978    11.968     -377.7    -2752.8     5974.8    149.0    148.8    115.0 2023  1 22 20 25 59.880  2.7   1
     2608  27.126003  102.791699    10.406   -14692.5    19627.4     4412.7     66.2     49.5     92.1 2023  1 22 23 57 49.340  3.1   1
     2630  27.062522  103.127327    11.740    18614.5    12593.5     5746.6     11.8     11.2     36.0 2023  1 23 13 50 46.020  3.2   1
     2654  27.102920  102.856795    14.897    -8234.6    17069.6     8903.8    175.3    110.4    110.3 2023  1 23 21 54 10.300  4.3   1
     2662  27.117529  102.795890     3.960   -14277.1    18688.6    -2033.0    159.6    173.6    395.7 2023  1 24  0 35 17.620  2.5   1
     2672  27.047473  103.067057     5.971    12632.9    10926.0      -21.7    237.4    130.6    416.3 2023  1 24  3 57  8.160  2.7   1
     2674  27.115619  102.819076    10.993   -11977.2    18476.8     4999.7    141.3    132.2    120.0 2023  1 24  5 27  3.620  3.5   1
     2700  26.978351  102.928320     9.372    -1137.8     3267.1     3379.1    143.1    161.6    120.1 2023  1 24 17  6 42.280  4.3   1
     2703  26.842944  102.930745    13.845     -897.3   -11736.2     7851.7    153.7     83.6     91.6 2023  1 24 18 28 40.720  5.3   1
     2705  26.842558  102.934985     9.779     -476.5   -11779.1     3786.3     62.6     67.1     69.2 2023  1 24 18 39  8.100  3.5   1
     2706  26.841107  102.939103    13.523      -66.9   -11939.8     7529.5    120.1    104.1    121.0 2023  1 24 19  2 19.360  4.5   1
     2720  26.491703  102.981307     9.628     4132.0   -50654.6     3635.4     63.9     68.0    103.8 2023  1 24 23 44 49.420  3.2   1
     2729  26.869086  102.908358    15.697    -3121.5    -8839.8     9704.1    153.8    119.4    123.3 2023  1 25  2 54 46.450  3.1   1
     2735  26.919720  102.932471     6.290     -725.6    -3229.2      297.2    194.3    182.9    215.8 2023  1 25  7  1 11.130  2.1   1
     2747  27.220258  102.961922     1.999     2196.4    30071.1    -3994.2     17.4     40.0     53.0 2023  1 25 12 43 18.710  0.7   1
     2748  26.970341  102.918245     8.803    -2137.9     2379.5     2810.2     99.3     70.9     88.6 2023  1 25 12 51 58.640  3.5   1
     2751  26.975403  102.924259     9.699    -1541.2     2940.4     3706.4    136.0    127.0    113.1 2023  1 25 14  8 38.810  3.4   1
     2754  26.502643  102.996688    10.130     5662.0   -49442.7     4137.1     70.0     71.6     81.4 2023  1 25 14 54 48.050  3.8   1
     2756  26.951853  102.907251     7.637    -3229.7      331.1     1644.0    260.3    183.8    179.4 2023  1 25 15 29  8.450  3.3   1
     2764  26.980672  102.900407     1.576    -3908.8     3524.4    -4417.1     25.7     61.7     37.3 2023  1 25 17 53 40.760  0.9   1
     2790  26.715346  103.010238    11.508     7003.6   -25874.4     5515.0     85.2     84.2     69.5 2023  1 25 22 18 21.720  4.1   1
     2804  26.743549  102.901554    14.592    -3799.0   -22749.6     8598.9     25.9     41.8     36.0 2023  1 25 23 33 14.880  3.5   1
     2823  26.984556  102.904020    19.566    -3550.2     3954.7    13573.3     14.6     20.0     44.8 2023  1 26  8 13 13.850  1.8   1
     2826  26.996513  102.815877    14.425   -12300.8     5279.6     8432.3    145.6    129.5    121.0 2023  1 26  8 57 51.390  3.5   1
     2827  27.178839  102.813037     7.670   -12572.4    25481.7     1677.0     83.4    130.5    203.6 2023  1 26  9  1 50.390  4.0   1
     2868  26.857556  102.939290    11.255      -48.8   -10117.3     5262.1    202.5    145.5    150.7 2023  1 27  3  4  5.290  3.2   1
     2873  26.958850  103.006022    10.982     6577.5     1106.4     4988.5     72.0     62.7    100.8 2023  1 27  6  3 14.460  1.4   1
     2876  26.859387  102.977637    12.907     3761.0    -9914.3     6913.6    159.0    241.1    137.9 2023  1 27  6 13 52.750  3.3   1
     2877  26.683738  103.010050    14.699     6985.8   -29376.7     8706.1     95.7     31.2     50.1 2023  1 27  6 25 49.430  3.5   1
     2889  26.988304  102.837655    13.081   -10139.4     4369.8     7087.7     51.0     44.4     42.4 2023  1 27 10 58 34.340  3.6   1
     2893  27.196226  102.955811     7.007     1590.1    27408.3     1013.7     81.0     57.3     58.6 2023  1 27 11 32  3.620  2.5   1
     2895  26.983101  102.901090     9.816    -3841.2     3793.6     3823.3     49.3    150.3     29.9 2023  1 27 12  9 22.740  3.3   1
     2898  26.977325  102.933561     9.402     -617.5     3153.5     3408.5    108.5    124.6    114.3 2023  1 27 13 50 19.660  3.3   1
     2904  26.993640  102.832837    13.421   -10616.9     4961.2     7427.9     45.2     43.8     42.6 2023  1 27 15 33 31.920  3.2   1
     2922  27.115411  102.847510     8.408    -9155.7    18453.7     2414.9    167.6     78.4    169.2 2023  1 27 20 21  5.380  3.1   1
     2929  27.044814  102.764176    14.076   -17430.0    10631.3     8083.1    122.0    108.4    123.1 2023  1 27 23 50 57.520  3.2   1
     2936  26.823236  102.972144    14.955     3215.8   -13919.9     8961.9    108.2    125.5     94.6 2023  1 28  2  0 52.420  3.3   1
     2956  26.881649  102.872144    10.088    -6718.1    -7447.8     4095.2    109.4    123.2     80.7 2023  1 28 10 40 14.790  2.7   1
     2958  26.981889  102.789665    14.638   -14904.0     3659.3     8644.6    106.2     56.7     76.8 2023  1 28 11 46 10.310  3.4   1
     2964  26.923879  102.901888     6.695    -3762.9    -2768.4      701.9    169.3    118.2     81.6 2023  1 28 12 13 23.580  3.3   1
     2970  27.024727  102.824040    14.136   -11489.0     8405.8     8142.7     57.1     53.3     49.5 2023  1 28 16 10 17.490  3.4   1
     2982  26.932644  102.885921    10.806    -5348.6    -1797.4     4813.3    192.0    207.3     83.8 2023  1 28 19 57 32.200  3.4   1
     3022  26.711607  103.025944    11.238     8565.3   -26288.7     5245.3     78.7     83.6     71.5 2023  1 29 13 41  6.720  3.2   1
     3042  27.099827  102.770825     4.416   -16766.0    16727.1    -1576.8    113.0     90.6    121.7 2023  1 29 20 41  5.560  1.4   1
     3045  26.877258  102.966927    15.571     2696.9    -7934.1     9578.0     38.9     38.9     53.8 2023  1 29 22 13  6.640  3.5   1
     3047  26.862272  102.940983     8.655      120.0    -9594.8     2661.7     99.7    104.4    110.6 2023  1 29 22 51 44.600  3.2   1
     3073  26.834444  102.942244     9.416      245.1   -12678.0     3423.4     58.2     78.1    100.4 2023  1 30 12  1 48.770  3.0   1
     3077  26.853977  102.949544    14.907      970.0   -10513.7     8913.8    237.6    155.5    120.9 2023  1 30 12 26 51.580  3.5   1
     3101  26.861538  102.969206     6.533     2923.5    -9676.0      539.8    162.6    175.1    152.4 2023  1 30 23 34 55.420  2.2   1
     3113  27.160765  103.108179    14.545    16706.6    23479.1     8552.3    223.0    236.0    195.1 2023  1 31  7  0 35.670  3.4   1
     3136  26.619275  103.012646    12.092     7246.3   -36519.5     6099.0    193.6    120.1    153.1 2023  1 31 16 27 59.290  3.8   1
     3140  26.882312  102.923079     8.478    -1658.5    -7374.2     2485.0    138.5     88.5    119.5 2023  1 31 17  3 23.640  3.8   1
     3152  27.021254  102.942798     4.303      299.6     8021.0    -1690.0     82.2     86.0    100.6 2023  1 31 19 52 21.760  2.3   1
     3153  26.928168  102.913883     8.453    -2571.4    -2293.2     2459.5    167.2    128.3    109.3 2023  1 31 20 31 50.780  2.5   1
     3156  26.951170  102.910343    10.267    -2922.9      255.4     4273.9    146.0    162.2    133.4 2023  1 31 21 28 23.660  2.7   1
     3161  26.931356  102.916854     8.338    -2276.5    -1940.1     2345.3    153.6    130.5    151.5 2023  1 31 22 23 52.560  2.7   1
     3178  26.944680  102.896932     7.786    -4254.7     -463.6     1793.0     56.2     56.5     60.9 2023  2  1  8 53 40.230  3.3   1
     3199  27.015395  102.811182     6.293   -12766.1     7371.7      299.8    105.2    131.3    122.3 2023  2  1 19 32 33.220  2.8   1
     3200  27.056260  102.866390     5.096    -7284.1    11899.8     -897.5    238.8    128.8    231.4 2023  2  1 20  5  3.440  3.0   1
     3205  26.991817  102.884318     3.752    -5506.2     4759.3    -2241.1      4.2      2.7      1.6 2023  2  1 21 43 10.840  1.7   1
     3219  26.977842  102.950798     6.538     1094.2     3210.9      544.6    150.3    188.7    133.8 2023  2  2  4 41  3.020  2.7   1
     3256  27.091272  102.770695     3.971   -16779.7    15779.0    -2021.7    107.4     92.4    123.1 2023  2  2 18 28 39.720  2.2   1
     3257  27.032823  103.069466     4.934    12873.5     9302.7    -1058.8    232.8    130.5    237.1 2023  2  2 18 33 15.720  1.0   1
     3264  26.947976  102.891520    11.457    -4791.8      -98.4     5464.4    284.4    213.7    181.3 2023  2  2 20 27  4.280  2.9   1
     3291  27.109086  102.841756     8.355    -9727.1    17752.9     2361.5    135.4    106.1    123.5 2023  2  3  9 59 32.770  3.5   1
     3310  27.026125  102.832422    15.319   -10657.1     8560.6     9325.7     63.7     53.3     49.8 2023  2  3 20 44 11.440  1.8   1
     3335  27.234993  102.900423     1.724    -3903.1    31703.8    -4269.3    211.2    162.1    235.2 2023  2  4  9 55  4.260  2.1   1
     3336  27.167692  103.120475    13.342    17925.7    24246.5     7349.2     76.1     61.8     95.1 2023  2  4 10 29 17.550  4.6   1
     3356  26.978223  102.906307     1.121    -3323.3     3252.9    -4872.5     25.1     53.0     46.6 2023  2  4 16 28 44.010  2.2   1
     3366  26.981921  102.912720    20.154    -2686.2     3662.8    14161.4     99.0     60.6     27.7 2023  2  4 20  3 14.540  1.6   1
     3367  26.849211  102.948787    13.482      894.9   -11041.9     7488.5    120.2    147.9     96.0 2023  2  4 20  7 36.480  2.5   1
     3395  26.988261  102.770410    12.014   -16815.7     4365.2     6020.6     66.5     69.5     41.9 2023  2  5 12 41 57.150  3.3   1
     3396  27.010449  102.881608     6.760    -5774.9     6823.8      767.2     65.7    153.7    116.2 2023  2  5 13 31  8.540  2.5   1
     3405  26.986117  102.884147    15.949    -5523.4     4127.7     9955.5     50.2     44.2     37.1 2023  2  5 20 21 55.300  2.4   1
     3419  26.967869  102.921183    10.030    -1846.3     2105.8     4037.0     66.3     82.6     76.6 2023  2  6  1 12 27.600  4.9   1
     3421  26.991034  102.953556     5.706     1367.8     4672.4     -287.1    147.0     93.0    152.2 2023  2  6  1 43 57.790  3.2   1
     3423  27.017456  102.935319     4.678     -442.4     7600.2    -1314.8     82.1     88.2     93.2 2023  2  6  2 11 43.840  2.9   1
     3434  26.967375  102.917855    10.290    -2176.7     2050.9     4297.0     99.5     94.1     75.6 2023  2  6  8 30 31.150  4.5   1
     3437  27.025450  103.116634    11.036    17555.5     8485.8     5042.5     43.6     45.9     59.7 2023  2  6 11 44 13.880  1.6   1
     3478  26.743154  102.858390    12.822    -8089.4   -22793.3     6829.2      0.0      0.0      0.0 2023  2  7  0 34 55.370  2.5   1
     3497  26.577519  103.060352    11.244    11992.2   -41146.1     5251.2    133.2    111.4    123.2 2023  2  7 12 22 33.570  3.9   1
     3499  26.566638  103.062435    11.158    12200.2   -42351.8     5164.8    157.9    152.4    170.6 2023  2  7 12 51 49.860  3.6   1
     3506  26.979104  102.935002     5.962     -473.9     3350.5      -31.1    160.9    209.8    147.1 2023  2  7 14 24 46.020  2.7   1
     3521  26.573002  103.054883    11.791    11448.6   -41646.7     5798.0    128.2     97.1    102.2 2023  2  7 18 46 48.700  4.0   1
     3533  27.102279  102.860693    14.037    -7848.3    16998.7     8043.9    128.6    109.0     76.0 2023  2  7 22 51 25.800  4.0   1
     3558  27.010805  102.870166     6.659    -6910.7     6863.2      665.5     66.0    149.8    112.1 2023  2  8 12  8 20.810  3.0   1
     3564  27.106543  102.800732     2.519   -13797.9    17471.2    -3474.4     36.3     24.4     49.3 2023  2  8 16 55 27.230  2.5   1
     3603  26.927690  102.924333     8.670    -1534.3    -2346.3     2677.0    130.1    137.0    134.1 2023  2  9 17 12 51.860  1.9   1
     3621  26.981236  102.898283     4.215    -4119.8     3586.8    -1777.8    219.0    130.7    236.0 2023  2  9 22 14 15.300  2.2   1
     3641  26.829930  102.957951    12.289     1805.5   -13178.3     6295.7     78.9     77.1    101.2 2023  2 10  3 51 17.800  3.1   1
     3643  26.868221  102.938745     6.068     -102.3    -8935.6       75.1    128.7     72.9    171.3 2023  2 10  4 12 31.530  3.3   1
     3658  27.037514  102.765837    11.984   -17265.6     9822.5     5990.5    113.8    110.6    136.2 2023  2 10 11 42 25.830  3.6   1
     3661  26.963269  102.924585     7.850    -1508.3     1595.9     1857.4    182.1    108.6    114.6 2023  2 10 13 44 34.240  3.2   1
     3676  26.865306  102.942114     4.296      232.4    -9258.6    -1696.7     35.8     57.1    152.7 2023  2 10 18  5 36.080  2.7   1
     3677  26.988302  102.764526    12.772   -17399.6     4369.8     6778.5     61.5     70.2     37.5 2023  2 10 18 13 48.420  2.2   1
     3679  26.824904  102.964006    11.824     2407.2   -13735.2     5830.5    113.2    108.3    121.6 2023  2 10 18 51 51.000  2.9   1
     3681  26.825297  102.954598    15.915     1472.2   -13691.6     9921.7    189.8    193.8    208.7 2023  2 10 18 59 17.160  3.7   1
     3682  26.850281  103.000602    14.777     6042.7   -10923.4     8783.6     72.7     77.7     51.5 2023  2 10 20  1 54.320  2.5   1
     3689  26.810175  102.982625    14.727     4257.2   -15367.2     8734.2    209.4    144.8    113.2 2023  2 10 21 25 36.460  3.2   1
     3694  26.833282  102.958431    16.868     1853.1   -12806.8    10875.4    179.1    200.0    140.4 2023  2 10 22 52 55.800  3.0   1
     3696  26.814787  102.959188    12.531     1928.7   -14856.3     6537.9     71.7     90.4    145.6 2023  2 10 23 21 27.120  3.0   1
     3697  27.004218  102.812638     5.700   -12622.3     6133.2     -293.4     80.8     97.7    117.7 2023  2 10 23 27 25.760  2.8   1
     3703  26.930221  102.898608    10.617    -4088.6    -2065.8     4623.7    224.0    186.9     86.3 2023  2 11  0 34 33.290  3.9   1
     3721  27.127647  102.853825    10.955    -8528.4    19809.6     4962.4    197.1    101.2    142.3 2023  2 11  8 41  3.690  2.8   1
     3737  27.016600  102.838354     3.615   -10068.8     7505.2    -2378.1    189.3    125.2    166.7 2023  2 11 12 38 24.070  3.2   1
     3744  26.868754  102.942928     6.604      313.1    -8876.5      610.6    128.9     72.9    144.0 2023  2 11 15  5 42.430  2.9   1
     3786  27.180172  102.836662     7.829   -10229.1    25629.4     1836.1     77.2     63.9    117.5 2023  2 12  3 32 54.620  4.6   1
     3787  27.007853  102.811841     4.855   -12700.7     6536.0    -1138.1     72.8     98.9    102.3 2023  2 12  3 34  5.200  4.2   1
     3788  26.846179  102.953809    12.981     1393.7   -11377.9     6988.1    156.9    255.8    186.2 2023  2 12  3 36 55.170  3.0   1
     3810  26.841176  102.765299     4.265   -17334.0   -11932.1    -1728.2     38.3     18.5     37.4 2023  2 12  9 16 52.860  2.7   1
     3830  26.873873  102.928092    15.787    -1160.5    -8309.3     9793.7    245.7    154.8    173.1 2023  2 12 15 24 31.290  3.6   1
     3868  26.867338  102.921558    12.065    -1809.8    -9033.5     6072.3    176.6    102.8    147.0 2023  2 13  3 57 56.990  3.5   1
     3890  26.478164  102.976367     5.471     3641.0   -52154.9     -522.1    226.4    200.3    323.9 2023  2 13 12 44 44.880  3.3   1
     3906  26.831063  102.758146     2.913   -18045.4   -13052.7    -3079.8     32.8     18.4     55.0 2023  2 13 19 30 15.820  1.4   1
     3943  26.879299  102.970882    14.255     3089.2    -7708.0     8262.1     83.5     52.4    121.1 2023  2 14 21 11 56.760  3.0   1
     3948  27.120494  102.810677    13.127   -12810.3    19016.9     7134.4    225.2    181.9    204.3 2023  2 14 23  2 21.120  3.0   1
     3954  26.973737  102.849300    13.617    -8983.2     2755.9     7623.9    122.2    108.5    109.1 2023  2 15  2 44 14.520  3.0   1
     3964  27.103365  102.850122    12.128    -8896.7    17119.1     6134.9    213.0    165.0    201.3 2023  2 15 10 22 17.840  3.4   1
     3970  27.114923  102.818953     9.277   -11989.0    18399.7     3283.4    115.2     73.5    108.1 2023  2 15 11 38  6.520  3.0   1
     3973  26.966907  102.905623     8.257    -3391.0     1999.1     2264.1    184.6    198.4    145.2 2023  2 15 14 54  0.720  2.3   1
     3976  27.110482  102.840674     8.066    -9834.5    17907.6     2072.7    138.1     82.2    151.5 2023  2 15 15 17 29.780  2.8   1
     3977  26.839528  102.971126    12.018     3114.7   -12114.7     6024.8    197.4    166.3    203.0 2023  2 15 16  9 19.260  4.2   1
     3983  26.836171  102.970483    16.835     3050.1   -12486.7    10841.7    123.2    141.9     76.9 2023  2 15 20 50 46.760  2.9   1
     4024  27.120435  102.817749     1.925   -12108.0    19010.4    -4068.4    161.5    160.2    285.4 2023  2 17  0 14 51.630  3.4   1
     4041  26.951475  102.918286     7.489    -2134.5      289.2     1496.0     91.6     72.4     80.2 2023  2 17 13 22  2.790  2.8   1
     4048  26.838599  102.934180    18.283     -556.3   -12217.7    12290.0     83.3     86.6     72.7 2023  2 17 17 50 30.180  2.9   1
     4055  26.549481  103.011344     3.525     7118.9   -44252.7    -2468.3     20.6     22.4     23.4 2023  2 17 22 21 14.240  1.9   1
     4058  26.828703  102.969173    13.296     2920.6   -13314.3     7302.8    105.9     79.0     89.7 2023  2 17 23  0 31.120  3.8   1
     4070  27.079608  102.773763    29.141   -16475.9    14486.7    23148.3      0.0      0.0      0.0 2023  2 18  6 23 13.990  2.5   1
     4084  26.832503  103.013379    14.854     7312.5   -12893.2     8860.7     43.0     57.1     52.9 2023  2 18 11 25  4.350  3.4   1
     4116  27.098735  103.007056     2.167     6676.6    16606.0    -3825.8     63.3     48.2     80.2 2023  2 19  6 32 11.650  3.1   1
     4127  26.920166  102.642977    14.338   -29476.5    -3179.9     8344.6    282.2    492.2    362.4 2023  2 19 17 14  2.520  2.8   1
     4128  27.207900  102.961214     0.705     2126.3    28701.9    -5287.7     23.9     60.6    123.6 2023  2 19 19 13 18.680  0.8   1
     4134  27.191233  103.124202     9.362    18294.0    26855.0     3369.1    114.8    131.3    163.4 2023  2 19 21 32 17.360  3.1   1
     4135  26.950401  102.872054     4.363    -6725.3      170.2    -1630.5    431.4    530.5    493.3 2023  2 19 21 46 38.960  1.5   1
     4145  27.190204  102.961507     5.761     2155.1    26741.0     -232.4     73.7     53.8     64.3 2023  2 20  2 42 49.690  2.0   1
     4191  27.125090  102.844694    14.407    -9434.7    19526.2     8413.8    250.4    180.2    213.0 2023  2 21 10 20 53.620  4.4   1
     4208  27.103333  102.868726    14.439    -7050.9    17115.5     8446.1    321.2    184.6    217.5 2023  2 21 17 57 10.720  4.4   1
     4224  26.915816  102.908529     6.813    -3103.4    -3661.9      820.1    164.7    129.5    100.7 2023  2 21 23 18 40.080  4.2   1
     4226  27.123077  102.856315     7.181    -8281.8    19303.1     1188.4    220.4    112.4    272.1 2023  2 21 23 53 52.720  4.6   1
     4231  26.606274  103.015918     3.864     7571.6   -37959.9    -2129.5     67.0     57.9     67.0 2023  2 22  4 44 59.660  2.3   1
     4249  27.232902  102.893734     2.117    -4566.2    31472.0    -3876.1    205.5    162.0    233.4 2023  2 22 13 53 29.500  2.2   1
     4255  27.120160  102.880648    14.216    -5867.3    18980.0     8223.3    215.4    108.3    134.7 2023  2 22 15 42 47.490  5.8   1
     4257  27.117712  102.849544     8.826    -8953.9    18708.8     2833.1    154.4     94.2    168.6 2023  2 22 16 22 50.940  3.6   1
     4273  27.212779  102.807690    10.939   -13101.3    29242.4     4946.1     98.6    158.5    124.4 2023  2 22 23 31 42.920  3.7   1
     4282  26.546090  103.018213     3.720     7802.1   -44628.5    -2273.0     19.2     20.7     20.0 2023  2 23  7  6 45.310  2.5   1
     4289  26.812797  102.906527    10.680    -3303.8   -15076.6     4687.4      1.0      0.6      0.4 2023  2 23 11 33 42.170  3.2   1
     4311  27.216394  102.783626     6.634   -15487.9    29643.0      640.7     51.0     51.2     85.9 2023  2 24  1 42  1.350  3.7   1
     4315  26.968490  102.891829     9.119    -4761.0     2174.4     3125.9    137.7     81.1    162.3 2023  2 24  5 13 31.620  3.6   1
     4322  26.562541  103.067204     2.771    12674.3   -42805.7    -3221.7      3.8      2.4      2.4 2023  2 24 12 38 47.950  3.1   1
     4349  27.210168  102.805184    11.027   -13350.1    28953.1     5033.5    141.4    131.8    141.1 2023  2 25  5 47 20.360  3.6   1
     4354  27.178648  102.814022     8.416   -12474.7    25460.7     2422.9     84.3    131.3    161.1 2023  2 25  8 59 17.600  2.5   1
     4359  26.916937  102.924845     6.734    -1482.8    -3537.5      740.7    221.0    172.3    186.0 2023  2 25 10  3 21.110  2.7   1
     4367  27.218119  102.781925    12.439   -15655.9    29834.0     6445.7    141.5    202.5    109.2 2023  2 25 12  5 31.040  3.5   1
     4374  27.223706  102.768929     4.313   -16945.0    30453.1    -1680.4     72.1     86.8    116.9 2023  2 25 13  4  1.670  3.5   1
     4379  26.816846  103.041089    29.485    10066.2   -14628.0    23492.2    345.0    282.4    208.7 2023  2 25 14 34  6.980  3.2   1
     4386  26.854063  102.952344     9.777     1248.5   -10504.3     3783.7    101.2     99.0    147.7 2023  2 25 17 28  3.480  3.4   1
     4419  27.215948  102.797510    12.283   -14110.5    29593.6     6290.0     89.8     71.1     94.9 2023  2 26  2 50 36.150  4.6   1
     4422  27.216785  102.801009    11.976   -13763.2    29686.1     5983.2     94.6     66.8     83.9 2023  2 26  3 56 46.530  4.0   1
     4445  26.848513  102.968628     7.967     2866.1   -11119.2     1974.1     81.0     76.7     87.9 2023  2 26 16 17  1.720  2.8   1
     4464  26.919210  102.924292     7.905    -1537.7    -3285.8     1912.2    132.9    103.5    114.5 2023  2 27  1 33 45.570  4.1   1
     4471  26.862533  102.952319    13.613     1246.0    -9565.9     7620.0    160.4    203.5    118.6 2023  2 27  5 56 53.330  3.4   1
     4472  27.069187  102.853923     5.715    -8521.0    13332.1     -277.8     87.2    159.5    221.7 2023  2 27  6  6 59.560  2.5   1
     4476  27.018589  102.803158     9.767   -13562.0     7725.8     3773.6      0.0      0.0      0.0 2023  2 27 10 16 56.540  3.3   1
     4478  27.136656  102.849072    10.326    -8999.5    20807.7     4333.1     95.6     56.5    121.9 2023  2 27 11 59 33.760  4.3   1
     4491  26.827226  102.967855    10.240     2789.3   -13477.9     4246.9    123.8     88.2    129.8 2023  2 27 20 25 38.820  3.6   1
     4508  26.980743  102.915234     3.877    -2436.7     3532.2    -2115.8    204.9    132.0    236.0 2023  2 28  9 41 52.130  2.7   1
     4517  26.870892  102.917236    14.576    -2239.2    -8639.5     8583.0    178.2    108.7    100.2 2023  2 28 15 11  5.610  3.4   1
     4526  26.756797  103.010482     9.996     7026.8   -21281.7     4003.7      9.7      6.6     12.5 2023  2 28 18 42 34.080  2.2   1
     4530  26.622142  103.011890    12.510     7170.7   -36201.8     6517.0    191.8    120.5    151.2 2023  2 28 21 42 45.880  3.9   1
     4540  26.910187  102.792090    10.407   -14668.4    -4285.7     4413.5     22.1     26.8     21.8 2023  3  1  5 57 41.830  3.5   1
     4544  27.082937  102.764958    28.164   -17349.7    14855.5    22170.5      0.0      0.0      0.0 2023  3  1 10 14  7.510  3.8   1
     4549  26.844570  102.973657     7.585     3366.0   -11556.1     1591.6    172.8    181.7    161.8 2023  3  1 11 36  8.330  4.1   1
     4551  26.858720  102.944132    11.633      432.6    -9988.3     5639.6    136.6    124.6    111.0 2023  3  1 11 57 26.400  3.6   1
     4560  26.839071  102.970068     6.411     3009.6   -12165.5      418.2    139.4    133.5    197.8 2023  3  1 16 21 48.300  2.7   1
     4563  27.212211  102.783724     4.537   -15478.2    29179.6    -1456.4     18.8     29.5     45.9 2023  3  1 18 54 27.200  3.0   1
     4565  26.849933  102.965690    12.904     2574.0   -10962.0     6910.7    119.1    102.0    117.3 2023  3  1 21 29 18.360  3.0   1
     4568  26.955509  102.801709     8.437   -13710.0      736.2     2444.0    155.0    191.6    207.2 2023  3  2  0 30 50.080  2.5   1
     4579  26.991243  102.765137    11.478   -17338.8     4695.6     5484.9     58.1    102.1     44.0 2023  3  2 11 35 43.970  2.1   1
     4588  26.929443  102.797835     5.049   -14096.3    -2152.0     -944.2     47.7    158.5    112.1 2023  3  2 15 53 24.000  2.5   1
     4591  27.005841  102.808089     6.448   -13073.1     6313.1      455.3    100.3    113.1    101.9 2023  3  2 16 50 48.560  4.2   1
     4596  26.859383  102.956030    13.962     1614.5    -9914.8     7969.4    132.1    139.2     84.1 2023  3  2 22 25 24.180  5.2   1
     4597  26.853674  103.020231     6.326     7991.9   -10547.3      332.9     56.4     40.2     75.7 2023  3  2 22 32 59.520  2.6   1
     4599  26.846454  102.973210     7.074     3321.0   -11347.4     1081.9    102.6    101.1    154.3 2023  3  2 22 48 55.160  3.7   1
     4601  26.840122  102.927645    14.342    -1205.8   -12048.9     8348.6    156.1    122.3    121.5 2023  3  3  1 24  8.360  3.3   1
     4615  26.825568  102.958993    11.379     1908.9   -13661.6     5385.7    101.1     68.8     87.1 2023  3  3 18 35 13.960  2.7   1
     4618  27.121025  102.797209     1.770   -14146.2    19075.7    -4223.2    112.5     83.3    170.4 2023  3  4  3  1  2.620  3.2   1
     4629  26.869588  102.934229    10.875     -551.6    -8784.0     4881.7    197.0    118.4    153.3 2023  3  4 14 18 51.790  2.9   1
     4641  27.187767  102.848096     8.926    -9094.4    26470.8     2933.1     81.4     65.7     90.2 2023  3  4 20 26 14.320  3.4   1
     4645  27.214154  102.784098     5.022   -15441.4    29394.7     -970.9     19.1     29.5     75.8 2023  3  4 22 23 24.320  2.7   1
     4646  27.113102  102.853507     8.559    -8560.9    18198.0     2565.8    143.0     77.8    102.0 2023  3  4 22 34 25.720  3.0   1
     4647  27.212284  102.814095    12.470   -12466.0    29187.5     6477.2    185.2    176.8     70.3 2023  3  4 22 58 19.380  3.1   1
     4648  27.132347  102.796826     9.918   -14183.7    20330.2     3924.9     66.7     48.2    110.1 2023  3  5  0  8  8.700  3.6   1
     4651  26.852004  102.967082     7.305     2711.9   -10732.4     1311.5    121.3    132.5    148.1 2023  3  5  8 40 14.220  2.9   1
     4659  26.856767  102.950936    11.547     1108.1   -10204.8     5553.5    108.9    120.6     90.7 2023  3  5 15 55  1.790  3.5   1
     4673  26.862555  102.955859    12.262     1597.5    -9563.3     6268.9     85.5     80.1     68.9 2023  3  6  3 24 59.860  3.1   1
     4682  27.130473  102.855168    10.104    -8395.2    20122.7     4110.5    181.6    104.8    145.5 2023  3  6  7 43  0.390  2.5   1
     4685  27.124121  102.868774     9.891    -7045.2    19418.8     3898.4    254.8    130.2    170.1 2023  3  6 11 41 37.020  4.0   1
     4690  27.213466  102.961198     1.456     2124.2    29318.6    -4536.9     15.6     32.7     52.3 2023  3  6 17 43 18.820  1.0   1
     4693  27.061153  102.857438     5.811    -8172.5    12441.8     -181.9    225.0    125.0    212.7 2023  3  6 18 33 21.060  3.4   1
     4699  26.845608  102.952279    13.569     1241.6   -11441.3     7576.1    203.5    154.3    183.4 2023  3  6 20 48 46.520  6.1   1
     4702  26.839941  102.988501     8.269     4840.4   -12069.0     2276.1    100.9    106.9    125.6 2023  3  6 21  4 33.560  2.8   1
     4709  26.836542  102.991895    10.754     5177.6   -12445.7     4761.0    231.2    162.4    208.2 2023  3  6 21 58  3.300  3.2   1
     4710  26.859129  102.940324    10.853       54.3    -9942.9     4859.7    124.4    132.8    132.9 2023  3  6 22 22 54.720  3.4   1
     4713  26.799117  102.990641    13.751     5053.9   -16592.5     7758.3    180.4    195.2    145.1 2023  3  6 23 10 34.880  3.3   1
     4714  26.840013  102.972119     5.486     3212.5   -12061.2     -506.9    284.7    232.7    394.0 2023  3  6 23 14 54.440  2.9   1
     4716  26.863157  102.956356    11.931     1647.1    -9496.6     5937.5     69.1     63.2     62.9 2023  3  6 23 32 30.960  2.8   1
     4718  26.841081  102.992822     6.859     5269.9   -11942.6      865.5    127.5    125.2    229.9 2023  3  6 23 47  1.200  2.9   1
     4719  26.859165  102.968091    14.153     2812.6    -9939.0     8160.3    114.7     98.1    101.7 2023  3  6 23 51 24.000  3.8   1
     4727  26.854458  102.967928    11.778     2796.3   -10460.5     5784.6    112.2    116.4    105.4 2023  3  7  1 31 58.920  3.6   1
     4728  26.845650  102.957218    11.085     1732.6   -11436.5     5091.7    131.7    103.5    161.0 2023  3  7  2 24 32.150  4.1   1
     4730  26.848344  102.942456     7.537      266.3   -11138.0     1543.7    137.3    116.3    142.6 2023  3  7  3 21 32.720  3.4   1
     4731  26.848700  102.985417    13.245     4533.6   -11098.5     7252.3     92.8     78.0    121.7 2023  3  7  3 41 30.630  4.1   1
     4734  26.865959  102.924854    10.673    -1482.3    -9186.2     4679.7    146.7    110.7    107.0 2023  3  7  4 37  7.440  3.5   1
     4738  27.044371  102.770898    13.646   -16762.4    10582.4     7652.8    121.7    107.1    127.3 2023  3  7  5 32 22.230  4.8   1
     4739  26.858673  102.976823     9.656     3680.0    -9993.5     3663.1    140.4    164.3    218.8 2023  3  7  5 48 34.360  3.6   1
     4741  26.854346  102.967619    13.607     2765.9   -10472.9     7614.1    113.7    122.4     84.2 2023  3  7  7  3 58.910  4.4   1
     4744  26.855609  102.944336    13.109      452.4   -10332.9     7115.8    170.8    130.7    139.7 2023  3  7  8 29 47.790  3.6   1
     4745  26.850110  102.959123     7.163     1922.0   -10942.3     1170.1    123.5    118.1    136.9 2023  3  7  9  0 10.610  3.3   1
     4753  26.846879  102.942578    13.942      278.4   -11300.2     7948.5    124.2     95.5     88.0 2023  3  7 14  7 58.450  3.7   1
     4754  26.856999  102.920614    10.813    -1904.0   -10179.0     4820.4    210.3    133.8    136.9 2023  3  7 14 12 42.270  4.2   1
     4755  26.854730  102.941203    11.048      141.3   -10430.3     5055.2    108.2    109.3     95.5 2023  3  7 14 38 37.150  4.4   1
     4756  26.840849  102.973104    13.222     3311.1   -11968.4     7228.7    154.5    134.2    123.5 2023  3  7 14 40 28.990  5.1   1
     4759  26.840902  102.969987    11.458     3001.5   -11962.5     5464.7     84.2     63.7     98.5 2023  3  7 15 16 58.030  4.7   1
     4764  26.853176  102.979598    11.455     3955.6   -10602.5     5461.8     68.0     75.6     73.0 2023  3  7 19  1 47.760  3.4   1
     4765  26.855552  102.966488    10.829     2653.7   -10339.2     4836.2    110.0    106.7     55.8 2023  3  7 19 34 57.800  3.5   1
     4769  26.850795  102.967513    15.353     2754.9   -10866.4     9360.3    122.7     81.8    119.6 2023  3  7 21 13 56.800  4.2   1
     4770  26.845561  102.982381    10.443     4232.4   -11446.4     4449.7     89.9     85.8     59.5 2023  3  7 21 21 38.080  4.7   1
     4771  26.854930  102.967952     7.038     2798.8   -10408.4     1045.4    129.8     97.7    145.5 2023  3  7 21 31 15.840  3.3   1
     4773  26.855514  102.969458     7.287     2948.5   -10343.6     1293.7    101.3    124.0    141.4 2023  3  7 21 37  4.420  3.1   1
     4774  26.851532  102.962760    16.108     2282.9   -10784.8    10115.1    146.0     98.2    110.9 2023  3  7 21 44 29.740  4.6   1
     4775  26.856828  102.941715    10.904      192.8   -10197.9     4911.4    117.4     99.3    132.1 2023  3  7 21 58 11.320  3.5   1
     4776  26.844893  102.944881     6.673      507.1   -11520.4      680.1    186.6    182.8    231.3 2023  3  7 22 12 13.060  3.0   1
     4777  26.868239  102.938094    11.226     -167.0    -8933.5     5232.7    109.6     70.0     91.8 2023  3  7 22 18  8.440  2.5   1
     4778  26.853404  102.934123     9.808     -561.8   -10577.4     3815.1    178.2    161.8    174.1 2023  3  7 22 33 19.200  3.1   1
     4784  26.853292  102.985734    12.494     4565.7   -10589.8     6501.4    166.6    154.0    175.1 2023  3  7 23 35 24.520  3.5   1
     4789  26.856392  102.937809    14.861     -195.8   -10246.1     8867.8    238.3    156.7    116.0 2023  3  8  0 57 17.160  4.1   1
     4790  26.838074  102.968644     8.865     2867.9   -12276.0     2871.8     59.7     51.1     79.6 2023  3  8  1  6 50.680  2.6   1
     4791  26.850216  102.977873    11.921     3784.3   -10930.6     5928.4    171.0    183.2    129.5 2023  3  8  3  2 53.700  3.9   1
     4792  26.839791  102.941984     7.592      219.1   -12085.7     1599.1     85.6     56.2     89.1 2023  3  8  3 38 24.440  3.5   1
     4796  26.850429  102.986979    10.546     4689.4   -10906.8     4553.0     87.2     85.2     77.7 2023  3  8  4 57 33.230  3.8   1
     4797  26.849780  102.951571    11.867     1171.2   -10978.8     5873.8    175.8    163.8    119.4 2023  3  8  5 35 57.320  3.5   1
     4800  26.864650  102.962012    12.694     2208.7    -9331.1     6701.2    170.5    146.1    127.5 2023  3  8  8 34 31.720  2.9   1
     4804  26.861629  102.970337    13.884     3035.8    -9666.0     7891.3    132.3    138.8     65.4 2023  3  8 10 57 26.430  3.6   1
     4807  26.853280  102.987663    11.663     4756.7   -10591.0     5670.3     97.8     95.3    151.0 2023  3  8 11 16  2.730  4.7   1
     4808  26.842415  102.996566    11.578     5641.7   -11794.8     5584.5    177.5    193.0    170.2 2023  3  8 11 32  1.250  4.6   1
     4811  26.848285  102.979997    13.903     3995.8   -11144.6     7909.9    124.8    116.1    107.1 2023  3  8 12 16  0.270  3.5   1
     4812  27.120367  102.875090    12.565    -6419.0    19003.0     6571.7    206.2    107.5    141.2 2023  3  8 12 28 57.760  4.6   1
     4815  26.851351  102.925977     9.330    -1371.3   -10804.8     3336.4    207.9    136.6    181.8 2023  3  8 13 18 43.040  4.4   1
     4817  26.857813  102.976725     8.359     3669.9   -10088.9     2366.1    110.0    112.2    141.2 2023  3  8 14 11 31.600  3.5   1
     4819  26.867900  102.929167    13.590    -1054.4    -8971.2     7596.7    236.9    164.3    158.5 2023  3  8 14 20 24.160  3.3   1
     4826  26.859180  103.000138    12.171     5995.8    -9937.2     6177.7    224.0    224.0    219.8 2023  3  8 16 15 45.670  3.2   1
     4829  27.128463  102.838973    10.513   -10002.2    19900.0     4519.6     93.8     62.2     97.9 2023  3  8 16 47  0.080  4.2   1
     4831  26.850625  102.934456     8.173     -528.7   -10885.2     2179.5    169.5    127.9    191.8 2023  3  8 17 18 39.800  3.2   1
     4837  26.860927  102.957471    14.509     1757.2    -9743.6     8515.8    465.3    337.2    358.7 2023  3  8 17 50 50.880  4.7   1
     4842  26.838397  102.955892     7.970     1601.1   -12240.1     1977.3     79.7     56.8     86.5 2023  3  8 18 28  0.140  3.5   1
     4844  26.853322  102.938216    14.307     -154.9   -10586.3     8313.6    117.2     92.4     92.6 2023  3  8 18 45 27.760  2.8   1
     4845  26.830060  102.955550     5.866     1566.8   -13163.9     -127.0    126.1    108.7    236.8 2023  3  8 18 49 30.880  3.0   1
     4847  26.844867  102.975838     7.398     3582.3   -11523.3     1405.2     49.8     49.8    100.3 2023  3  8 18 57 27.600  2.7   1
     4849  26.960429  102.810360     7.670   -12850.8     1281.3     1677.3    158.0    186.4    216.3 2023  3  8 19  8 18.620  2.2   1
     4851  26.848181  102.933195     8.123     -653.8   -11156.1     2130.3    206.7    197.3    209.7 2023  3  8 19 33  5.040  3.0   1
     4861  26.840692  102.957674     6.775     1778.1   -11985.8      781.6    157.3    149.8    151.9 2023  3  8 21  9 17.160  3.3   1
     4863  26.851662  102.949528    10.019      968.9   -10770.2     4026.0     96.1     67.5    108.9 2023  3  8 22  6  3.880  2.9   1
     4866  26.829997  102.980322     6.508     4027.7   -13170.8      514.5    366.6    290.3    483.2 2023  3  8 22 33 58.560  2.5   1
     4867  26.851078  102.978841    14.238     3880.9   -10834.9     8245.1    153.6    204.3     97.7 2023  3  8 22 37 23.320  5.3   1
     4869  26.844175  102.973543     9.079     3354.4   -11599.8     3085.8     91.5     62.8     82.2 2023  3  8 22 47 56.720  3.4   1
     4870  26.848531  102.956771    11.110     1687.7   -11117.2     5117.4    151.3    115.9    113.4 2023  3  8 22 53 20.080  4.4   1
     4871  26.859621  102.958464    11.189     1855.8    -9888.4     5196.4    179.3    190.5    115.1 2023  3  8 23  1 14.240  4.4   1
     4873  26.850763  102.964779     8.544     2483.2   -10869.9     2551.0    229.1    152.7    220.2 2023  3  8 23 12 30.480  3.6   1
     4874  26.852732  103.023267     7.381     8294.1   -10651.7     1387.7     57.3     41.7    100.8 2023  3  8 23 13 55.680  3.0   1
     4875  26.849725  102.946224     9.630      639.9   -10985.0     3637.1     96.8     72.2    116.7 2023  3  8 23 18 10.680  3.7   1
     4876  26.847538  102.928825    11.116    -1088.1   -11227.3     5122.5     93.4     70.5     70.0 2023  3  8 23 31 30.160  3.5   1
     4878  26.858419  102.994067    15.050     5393.3   -10021.6     9056.7    115.4     91.4    105.3 2023  3  8 23 45 23.320  3.4   1
     4879  26.840061  102.935726    10.905     -402.6   -12055.6     4912.2    118.3     97.9     97.1 2023  3  8 23 46 48.580  3.6   1
     4881  26.860156  102.938534     8.143     -124.1    -9829.1     2150.2     72.9    107.2     74.9 2023  3  9  0  8 16.170  3.0   1
     4882  26.842065  102.995589     9.908     5544.3   -11833.6     3914.6     69.3     76.8     92.1 2023  3  9  0 11 33.010  3.5   1
     4883  26.850468  102.934180    11.286     -556.0   -10902.6     5293.1    148.1     90.9    108.8 2023  3  9  0 20 14.340  4.0   1
     4884  26.864956  102.961629    17.651     2170.2    -9297.4    11657.8    198.1    121.9    119.9 2023  3  9  0 23 50.010  4.0   1
     4886  26.888391  102.784285    17.102   -15444.3    -6700.6    11109.0      0.0      0.0      0.0 2023  3  9  0 34 17.400  2.9   1
     4888  27.193811  103.121623    11.443    18037.4    27140.7     5450.2    120.9    135.9    112.3 2023  3  9  1  1 20.590  3.9   1
     4890  26.849455  102.923307    12.026    -1636.7   -11014.8     6032.5    153.3    150.1    111.2 2023  3  9  1 40 14.960  3.8   1
     4893  26.854877  102.961450    10.224     2152.7   -10414.0     4230.9    130.5    109.4    119.6 2023  3  9  5 13 22.700  5.9   1
     4894  26.857939  102.989445    14.053     4933.9   -10074.9     8060.0    107.9     84.8     86.9 2023  3  9  5 38 48.930  3.3   1
     4897  26.880408  102.889795    10.880    -4964.6    -7585.3     4886.4    134.7    121.8     77.8 2023  3  9  6 15  2.590  3.8   1
     4898  26.862819  102.971346     8.896     3135.8    -9534.0     2903.2    144.6    126.8    151.3 2023  3  9  6 15 57.280  3.5   1
     4900  26.856201  102.973836    10.569     3383.2   -10267.4     4575.5    119.8    126.5    146.7 2023  3  9  6 32  3.540  4.3   1
     4902  26.857399  102.968538    10.865     2857.1   -10134.7     4872.1    109.6    120.5     82.6 2023  3  9  6 45 48.880  4.0   1
     4903  26.862144  102.949284    11.792      944.1    -9608.9     5799.1    165.6    140.2    110.0 2023  3  9  6 46 51.560  3.8   1
     4905  26.844314  102.955632     4.824     1574.9   -11584.6    -1168.8     43.0     46.5     94.2 2023  3  9  7  8 25.460  3.1   1
     4909  26.867035  102.949414    14.724      957.4    -9067.0     8730.5    274.9    178.1    193.7 2023  3  9  7 34 40.850  4.3   1
     4910  26.863281  102.959562    11.626     1965.4    -9482.9     5632.8     79.1     79.8     88.1 2023  3  9  7 45 49.050  3.3   1
     4911  26.858763  102.981803    10.376     4174.7    -9983.6     4383.1     64.0     86.9     80.8 2023  3  9  7 50 26.180  3.9   1
     4912  26.842399  102.976164    11.646     3614.9   -11796.7     5652.5    111.3     74.7     97.9 2023  3  9  8  5  8.630  4.8   1
     4914  26.851029  102.944954     6.799      514.4   -10840.3      806.2    152.0    113.3    152.0 2023  3  9  8 52 12.370  3.2   1
     4916  26.854293  102.980070    11.205     4002.7   -10478.9     5212.0     94.3     86.7     73.4 2023  3  9  9  0 32.420  4.1   1
     4917  26.850181  102.975155     7.700     3514.3   -10934.5     1706.4     73.3     55.8     74.1 2023  3  9  9  4 21.020  3.5   1
     4918  26.854390  102.929435    10.450    -1027.9   -10468.0     4457.3    206.7    221.3    158.4 2023  3  9  9 17 12.240  4.3   1
     4926  27.118164  102.842871    10.788    -9615.4    18758.8     4794.8    312.7    134.8    254.0 2023  3  9 10 41  7.130  4.5   1
     4928  26.842881  102.957967     4.591     1806.6   -11743.3    -1401.6    214.0    218.7    386.2 2023  3  9 10 55  9.960  2.9   1
     4929  26.867263  102.964510    13.325     2457.0    -9041.6     7332.1    150.1    150.0     95.0 2023  3  9 11 29 18.650  3.4   1
     4930  26.859312  102.990202    10.022     5009.3    -9922.8     4029.2     78.5    111.7     91.4 2023  3  9 11 30 47.930  3.3   1
     4948  26.841715  102.991073    11.271     5095.7   -11872.5     5277.7     79.1     89.0    104.0 2023  3  9 14 21 16.690  3.2   1
     4952  26.840723  102.988232     8.142     4813.7   -11982.5     2149.4    113.9    102.1    179.1 2023  3  9 16 32  5.440  4.1   1
     4958  26.865544  102.862573     9.775    -7669.1    -9232.2     3782.2     68.8     89.3    144.2 2023  3  9 19  9 13.540  4.3   1
     4959  26.850899  102.915820    11.409    -2380.3   -10854.9     5415.6    173.4    178.9    138.9 2023  3  9 19 16 19.620  2.8   1
     4963  26.851562  102.944165    11.321      435.7   -10781.4     5328.0    126.1    103.2     80.7 2023  3  9 20 12 33.500  2.8   1
     4966  26.856671  102.941724    13.892      193.4   -10215.3     7899.2    129.6    105.4     76.8 2023  3  9 20 28 34.180  3.9   1
     4968  26.855208  102.936222    13.907     -353.3   -10377.4     7914.3    272.0    173.6    252.8 2023  3  9 20 45 26.880  3.4   1
     4969  26.850647  102.948437    10.979      860.5   -10882.8     4985.9     85.3     65.8    107.7 2023  3  9 20 49 10.180  3.5   1
     4971  26.841742  102.970142     6.930     3016.7   -11869.5      936.5    370.4    292.9    445.5 2023  3  9 20 56  0.000  2.7   1
     4972  26.856097  102.937988    13.973     -178.0   -10278.8     7980.2    282.4    288.1    172.1 2023  3  9 20 59 26.520  3.3   1
     4974  26.866683  102.961572    13.458     2164.6    -9106.0     7465.1    187.2    196.9    121.3 2023  3  9 21  6 49.720  5.2   1
     4975  26.869562  102.943815    16.145      400.7    -8787.0    10152.1    244.4    162.2    180.7 2023  3  9 21 12 28.800  3.3   1
     4977  26.889756  102.869238     7.264    -7006.2    -6549.3     1271.3     28.9     25.6     37.8 2023  3  9 21 21 14.400  2.6   1
     4978  26.840464  102.971533    12.056     3154.6   -12011.1     6063.2    228.3    157.1    215.3 2023  3  9 21 23 53.800  3.0   1
     4981  26.855263  102.948006    11.515      817.3   -10371.4     5522.2    142.3     78.3    107.0 2023  3  9 21 36  5.360  3.9   1
     4984  26.844033  102.996029    10.256     5587.8   -11615.7     4263.1    161.6    145.8    133.0 2023  3  9 21 46 59.720  2.8   1
     4988  26.879138  102.896672    13.053    -4281.8    -7725.9     7059.8     52.8     55.8     27.6 2023  3  9 22 21 41.340  2.9   1
     4992  26.851758  102.974211    10.892     3420.5   -10759.7     4898.4     75.9     82.8     55.8 2023  3  9 22 48 34.400  3.8   1
     4997  26.864386  102.949154    13.112      931.3    -9360.6     7119.2    126.4     90.5    103.9 2023  3 10  0 20 44.950  5.5   1
     4999  26.851009  102.945630    11.791      581.5   -10842.6     5798.4    145.4    116.8    143.6 2023  3 10  0 50 10.610  4.2   1
     5000  26.854447  102.978117    15.829     3808.6   -10461.7     9836.1    151.3    121.8    133.6 2023  3 10  1 32 17.130  4.6   1
     5001  26.860006  102.962842    12.269     2291.1    -9845.9     6276.2     97.1    102.3     82.5 2023  3 10  1 58 31.600  2.6   1
     5004  26.866705  102.905827     9.154    -3372.5    -9103.5     3160.7     71.8     53.8     88.3 2023  3 10  2 51 15.710  3.4   1
     5005  26.941054  102.828231     8.887   -11076.9     -865.4     2893.7     37.4     42.5     26.1 2023  3 10  2 53 24.800  3.2   1
     5007  26.842680  102.971102     9.218     3111.6   -11765.5     3225.3     81.8     86.4     94.7 2023  3 10  3 17 29.440  3.0   1
     5009  26.847888  103.016040    14.411     7576.1   -11188.6     8417.9    128.9     52.9     89.4 2023  3 10  3 28 22.810  3.7   1
     5010  26.842470  102.939933     9.665       15.6   -11788.7     3671.8    116.8     78.6    142.5 2023  3 10  3 57 59.450  3.5   1
     5011  26.867257  102.934237    11.344     -550.5    -9042.3     5350.8    138.2    130.2    131.6 2023  3 10  5 39 33.770  2.9   1
     5014  26.866831  102.951823    11.830     1196.4    -9089.5     5837.0     78.4     74.9     64.6 2023  3 10  6 35 52.600  3.3   1
     5015  26.966949  102.793457     6.979   -14528.3     2003.9      985.6    232.0    275.1    407.6 2023  3 10  6 36 58.260  2.9   1
     5021  26.860940  102.917147     9.274    -2248.3    -9742.5     3281.2    154.2    148.4    161.0 2023  3 10 10 18  2.270  2.9   1
     5022  26.844246  102.991569    10.226     5145.1   -11592.1     4233.0     71.8     50.7     75.2 2023  3 10 11 21 23.550  3.4   1
     5023  26.850100  102.961637    13.422     2171.2   -10943.5     7428.6    163.5    131.9    142.1 2023  3 10 12 19 19.430  3.5   1
     5024  26.832041  102.988338    12.902     4824.8   -12944.4     6909.1     49.7     77.8     93.6 2023  3 10 13 19 22.060  4.1   1
     5030  26.869786  102.925944    10.644    -1373.9    -8762.1     4650.7    131.8    104.6     98.9 2023  3 10 14 54 40.440  2.6   1
     5032  26.841791  102.935091    14.605     -466.0   -11864.0     8612.4    225.1    153.0     84.7 2023  3 10 16 13 27.840  3.8   1
     5036  27.034719  102.887630    11.431    -5176.3     9512.9     5437.8    247.5    127.0    148.1 2023  3 10 18  8  4.040  4.8   1
     5041  27.026955  102.901912    12.010    -3759.0     8652.6     6016.9    142.3    144.5     99.4 2023  3 10 18 52 49.780  3.7   1
     5043  27.038118  102.909863     9.810    -2969.5     9889.6     3816.8    213.4    145.1    135.3 2023  3 10 18 57 22.840  3.7   1
     5044  27.019023  102.890177    11.068    -4923.5     7773.6     5074.5    221.3    160.9    105.4 2023  3 10 19  2 23.560  3.3   1
     5045  27.028632  102.897396     9.813    -4207.2     8838.3     3819.8     85.6     52.4     39.0 2023  3 10 19  5 56.440  3.2   1
     5048  27.014441  102.896501    11.945    -4296.2     7266.0     5952.3    173.9    183.0    113.8 2023  3 10 19 23 42.860  2.3   1
     5049  26.866713  102.939030    10.620      -74.0    -9102.6     4626.8    136.0    117.9    102.5 2023  3 10 19 42 54.160  3.0   1
     5052  27.025706  102.904834     9.514    -3468.6     8514.2     3521.3    116.6     76.4     59.3 2023  3 10 19 55 36.560  3.2   1
     5054  26.851536  102.970768     6.883     3078.4   -10784.3      889.7    106.6     92.6    121.0 2023  3 10 20 14 21.840  3.4   1
     5055  27.027089  102.890088    10.116    -4932.7     8667.6     4122.6    117.4     92.6     57.5 2023  3 10 20 25 37.900  3.9   1
     5061  26.856830  102.960832     8.618     2091.4   -10197.6     2624.6    178.0    170.6    224.7 2023  3 10 21  1 11.540  3.5   1
     5064  26.848183  102.969922     5.770     2994.6   -11155.7     -222.9    142.7    119.6    223.6 2023  3 10 21 25  8.900  3.2   1
     5065  26.845374  102.938623     8.901     -115.2   -11467.1     2907.7    157.8    150.5    189.4 2023  3 10 21 37 59.520  3.1   1
     5070  26.854313  102.968840     8.584     2886.6   -10476.5     2590.8    114.1    100.1    128.2 2023  3 10 22 15  6.200  3.0   1
     5071  27.114701  102.860319    13.393    -7885.0    18375.1     7400.2    170.8    172.8    135.4 2023  3 10 22 20 47.880  3.5   1
     5072  26.866958  102.941772    12.827      197.7    -9075.5     6834.1    116.2    127.2     86.2 2023  3 10 22 47  7.080  2.2   1
     5079  26.858647  102.948104     6.936      826.8    -9996.3      943.3    139.0    101.7    147.9 2023  3 10 23 16  8.140  3.5   1
     5080  26.861961  102.972298     8.437     3230.5    -9629.2     2443.7    154.8    134.7    160.6 2023  3 10 23 23 55.640  3.3   1
     5083  27.108372  102.830794     9.768   -10814.3    17673.8     3775.1     54.0     36.7     44.9 2023  3 11  0  8 26.740  3.5   1
     5087  26.849697  102.961060    12.014     2114.3   -10988.1     6021.1    207.6    162.8    191.6 2023  3 11 13  1 44.270  3.3   1
     5091  26.918105  102.791829    10.586   -14693.4    -3408.3     4592.6     21.9     28.8     21.4 2023  3 11 14 29 21.430  2.3   1
     5092  27.100950  102.823275     9.404   -11560.9    16851.4     3410.4    113.2     64.6     98.6 2023  3 11 14 41 36.040  2.8   1
     5106  26.875576  102.872982     7.786    -6634.8    -8120.6     1793.2     33.4     23.3     39.3 2023  3 11 21  1 59.360  2.7   1
     5115  27.159839  103.119897    12.348    17869.2    23376.6     6354.7     67.5     45.9    112.2 2023  3 11 23 30 29.120  4.9   1
     5121  26.840967  102.936751    12.715     -300.4   -11955.3     6721.9    176.7    133.2    161.5 2023  3 12  1 19  0.220  4.1   1
     5132  26.844716  102.961491     9.220     2157.3   -11539.8     3226.5    177.0    102.6    164.1 2023  3 12  8 12 14.250  3.6   1
     5136  27.117426  102.793970     3.138   -14468.2    18677.1    -2855.3    118.4    105.3    296.7 2023  3 12  9 45 22.730  4.0   1
     5148  26.875277  102.895719    14.556    -4376.6    -8153.7     8563.3     56.0     57.0     25.4 2023  3 12 15 10  5.380  3.3   1
     5152  26.862323  102.929370     8.847    -1033.6    -9589.0     2853.8    148.0    114.1    138.0 2023  3 12 16  1 19.410  2.5   1
     5157  26.880109  102.913770    15.140    -2583.9    -7618.2     9146.9    162.1    110.5    106.6 2023  3 12 19  9 25.120  3.2   1
     5158  26.998952  102.800993     5.014   -13778.2     5549.9     -979.5     94.6    117.2    110.8 2023  3 12 19 23 38.260  3.5   1
     5162  27.127938  102.843319    10.025    -9571.1    19841.7     4032.4    189.0    116.0    248.6 2023  3 12 20 30 52.180  2.9   1
     5165  26.946214  102.823625     8.060   -11534.5     -293.6     2066.9     35.7     40.9     32.7 2023  3 12 21 27  6.560  3.0   1
