        3  26.913696  102.834928    12.040   -10263.8    -4020.9     5903.2    334.0    413.9    299.3 2022  8 23 16 29 48.550  1.9   1
      444  27.025075  102.791121     8.814   -14607.1     8320.0     2677.9      8.4     10.4      7.4 2022  9 24  7 41 55.320  2.6   1
      672  26.822904  102.895199    10.756    -4279.8   -14080.8     4619.1     38.1     24.0     32.2 2022 10 10  3 35  1.940  3.7   1
      779  27.067737  102.753955     4.543   -18292.8    13047.2    -1593.8     28.6     43.9     38.1 2022 10 17 22 37 48.240  2.6   1
     1068  26.731793  103.090918     9.700    15171.7   -24176.4     3563.9     60.4     63.7    162.5 2022 12  4 21  3 17.040  1.6   1
     1104  26.871084  102.903687     9.753    -3435.8    -8742.5     3616.9    147.9     72.0    194.2 2023  1  1  1  2 48.170  2.7   1
     1113  26.616237  102.994124    12.204     5554.5   -36980.2     6067.7    255.1    198.5    198.0 2023  1  1  5 59 15.820  2.3   1
     1148  26.919434  102.897933     8.886    -4006.0    -3385.2     2750.0    428.0    323.6    366.6 2023  1  1 17  9 12.760  2.5   1
     1150  26.927222  102.918652     7.424    -1948.8    -2522.2     1287.4    206.2    148.9    192.7 2023  1  1 17 54 31.060  2.5   1
     1194  26.823606  102.943083    13.186      477.5   -14003.2     7049.2    218.3    248.1    223.0 2023  1  2 13 15 59.500  3.7   1
     1213  26.980672  102.897209     8.521    -4077.4     3400.1     2384.2    585.9   1377.6    360.3 2023  1  2 20 38 12.040  2.4   1
     1214  26.981453  102.906641    20.258    -3140.7     3486.6    14121.9     66.3     96.4    113.0 2023  1  2 20 43 14.180  0.7   1
     1233  27.102020  102.981217     8.010     4261.6    16845.9     1873.6     11.5      7.3     16.2 2023  1  3  3 48 43.310  3.1   1
     1248  27.131319  102.831592    12.609   -10585.1    20092.3     6472.3    359.1    457.3    298.3 2023  1  3 10 35 16.200  2.6   1
     1252  27.096047  102.909098    14.256    -2894.9    16183.9     8120.1    745.7    554.2    516.3 2023  1  3 12 47  7.960  3.2   1
     1304  27.116284  102.820280    12.191   -11708.4    18426.3     6055.0    770.5    635.8    740.4 2023  1  4  2 22 33.690  2.9   1
     1350  26.851139  102.957926    14.243     1952.8   -10952.5     8106.2    272.7    246.7    207.1 2023  1  4 19 27 11.020  3.5   1
     1360  26.967214  102.928280     5.821     -992.1     1909.0     -315.5    248.3    254.1    256.8 2023  1  4 22 34  8.940  2.1   1
     1387  26.845996  102.957674     8.234     1927.1   -11522.3     2097.5    423.4    389.4    504.2 2023  1  5 13 36 43.040  3.8   1
     1395  26.923643  102.912557     7.047    -2554.2    -2918.8      910.9    170.5    124.4    123.6 2023  1  5 16 58 37.710  3.2   1
     1405  26.809241  102.971924    14.256     3343.5   -15595.0     8119.5    562.8    690.8    381.3 2023  1  5 18 48 23.160  3.0   1
     1406  26.975205  102.908846    19.742    -2922.0     2794.5    13605.5     42.9     67.1    134.8 2023  1  5 18 53 13.880  1.2   1
     1410  26.847595  102.948120     4.722      978.0   -11345.1    -1414.9     81.5    192.5    335.5 2023  1  5 19 19 20.860  2.6   1
     1411  26.922123  102.838151    10.789    -9943.1    -3087.2     4652.4    324.3    429.4    302.6 2023  1  5 19 20 31.660  2.4   1
     1412  26.851693  102.944849     4.449      653.4   -10891.1    -1687.6     77.4    188.0    349.0 2023  1  5 19 34 36.200  2.3   1
     1425  26.826213  102.959115    14.240     2070.7   -13714.4     8103.7    270.6    194.6    189.1 2023  1  5 21  4 48.560  3.5   1
     1428  26.831405  102.973494    16.837     3499.5   -13139.2    10700.2    206.2    205.8    147.7 2023  1  5 21 57 36.580  5.6   1
     1431  26.831868  102.948063    10.891      972.3   -13087.6     4754.9    343.6    209.5    243.0 2023  1  5 22  4  9.800  4.9   1
     1432  26.874736  102.857869    11.200    -7986.4    -8337.9     5064.1    434.7    507.0    342.4 2023  1  5 22  8 18.040  2.8   1
     1433  26.836961  102.945101    11.338      678.4   -12523.5     5201.3    232.2    265.0    254.7 2023  1  5 22 15 54.360  2.9   1
     1436  26.824103  102.952205    14.161     1384.2   -13948.2     8024.2    299.3    215.0    253.9 2023  1  5 22 21  5.480  5.6   1
     1439  26.851904  102.997900    14.822     5923.7   -10867.6     8686.0    481.1    372.5    352.9 2023  1  5 22 43 29.800  5.2   1
     1440  26.829987  102.960938    13.620     2251.9   -13296.2     7484.1    145.9    165.9    139.4 2023  1  5 22 45 17.520  4.8   1
     1441  26.837826  102.961466    12.366     2303.9   -12427.6     6229.3    286.1    227.7    201.8 2023  1  5 22 47 20.320  3.1   1
     1444  26.833864  102.965869    16.028     2741.6   -12866.7     9891.2    313.8    470.3    298.2 2023  1  5 23  2 29.760  3.2   1
     1445  26.833695  102.964632    12.050     2619.2   -12885.2     5913.6    307.1    253.5    212.0 2023  1  5 23  5 44.480  4.0   1
     1446  26.838173  102.955477    16.545     1709.1   -12389.2    10409.0    257.1    415.7    284.8 2023  1  5 23 11 18.480  3.4   1
     1448  26.821678  102.962354    14.750     2392.2   -14216.8     8613.3    168.9    216.7    108.0 2023  1  5 23 27 57.080  5.4   1
     1449  26.828827  102.929386     8.716     -882.9   -13424.8     2580.0     76.4     81.8     82.8 2023  1  5 23 33 36.320  3.2   1
     1461  26.837826  102.925057    11.647    -1313.0   -12427.6     5510.5    446.5    353.6    277.5 2023  1  6  2  9 13.140  3.6   1
     1465  26.830835  102.965755    17.020     2730.1   -13202.3    10883.6    252.7    268.0    170.9 2023  1  6  2 50 22.410  5.9   1
     1467  26.835134  102.961857    12.022     2343.4   -12726.0     5886.0    268.8    226.4    165.9 2023  1  6  2 57  1.020  3.8   1
     1469  26.837866  102.950732    12.609     1237.6   -12423.2     6473.0    304.6    186.2    149.7 2023  1  6  3  0 59.270  3.6   1
     1470  26.829374  102.950277    13.214     1192.8   -13364.1     7077.2    258.4    250.1    201.9 2023  1  6  3 25  4.030  3.7   1
     1474  26.825271  102.941659    16.071      336.3   -13818.8     9934.4    951.6    508.3    644.8 2023  1  6  3 41 32.280  3.4   1
     1479  26.834271  102.960531    14.244     2210.9   -12821.4     8107.3    152.4    240.5    199.7 2023  1  6  4 27 46.330  3.9   1
     1480  26.829443  102.974504    13.509     3599.7   -13356.4     7372.4    221.3    217.1    228.5 2023  1  6  4 51 23.310  3.7   1
     1489  26.809652  102.969393    12.052     3092.3   -15549.3     5915.5    373.2    439.3    349.3 2023  1  6  6  5 52.330  3.0   1
     1490  26.835217  102.962573    13.581     2414.5   -12716.7     7444.4    238.2    303.6    225.7 2023  1  6  6  8 33.500  3.0   1
     1491  26.845046  102.933350     8.055     -489.3   -11627.7     1918.8     77.9     81.6     83.7 2023  1  6  6 12 13.430  3.1   1
     1496  26.835236  102.959831    13.904     2141.4   -12714.5     7767.2    142.1    212.8    147.5 2023  1  6  7 51  6.930  4.0   1
     1509  26.833588  102.980900    17.230     4234.7   -12897.2    11093.8    234.3    243.4    186.7 2023  1  6 11  5  1.410  3.2   1
     1510  26.969741  102.915894     8.262    -2222.5     2188.9     2125.1    196.7    213.9    176.9 2023  1  6 11 15 40.300  5.4   1
     1511  26.836312  102.959106    14.238     2070.0   -12595.4     8101.7    200.7    254.2    185.8 2023  1  6 11 24 59.760  3.7   1
     1520  26.836237  102.953670    14.158     1529.6   -12603.7     8022.0    258.8    289.7    231.6 2023  1  6 14 37 17.560  3.7   1
     1530  26.835744  102.938721    10.405       44.2   -12658.3     4268.2    436.4    314.7    369.5 2023  1  6 16 14 42.600  2.7   1
     1551  26.825828  102.951074    13.312     1271.7   -13756.9     7176.0    223.9    270.8    241.6 2023  1  6 20 36  5.420  3.7   1
     1558  26.829850  102.962500    13.306     2407.1   -13311.3     7169.6    172.9    236.2    135.6 2023  1  6 21 38 29.200  4.3   1
     1561  26.812974  102.976619    17.652     3810.4   -15181.2    11515.9    468.5    634.6    324.3 2023  1  6 22 13 55.780  4.5   1
     1573  27.093424  102.979997     8.048     4140.5    15893.5     1911.3     11.4      7.3     17.3 2023  1  7  0 47 17.390  3.2   1
     1584  26.939162  102.671346    12.433   -26507.3    -1199.3     6296.6    107.9    134.1    128.1 2023  1  7  5 10 35.680  2.9   1
     1598  26.838371  102.942253    15.554      395.7   -12367.1     9417.2    503.8    352.2    452.5 2023  1  7 11 38 45.550  3.3   1
     1607  26.959440  102.890877     7.700    -4706.0     1047.7     1563.2    465.2    300.1    392.1 2023  1  7 15 39 14.060  2.9   1
     1608  27.102816  102.872746    13.860    -6502.5    16934.0     7723.3    312.2    155.7    219.2 2023  1  7 15 40  8.830  4.2   1
     1611  26.836544  102.948405    14.427     1006.5   -12569.7     8290.8    202.0    268.6    150.4 2023  1  7 16 37 55.380  2.6   1
     1620  26.811633  102.956250    12.667     1786.4   -15329.8     6530.3    300.0    340.0    194.6 2023  1  7 20 13  6.540  3.4   1
     1644  26.840975  102.940275    13.278      199.1   -12078.6     7141.2    340.3    290.4    322.3 2023  1  8  5 28 16.570  3.7   1
     1653  26.834639  102.951839    14.224     1347.7   -12780.8     8087.5    172.8    202.9    123.4 2023  1  8  9 21  3.240  3.7   1
     1662  26.829277  102.934855    12.486     -339.6   -13374.8     6349.4    408.9    320.1    456.2 2023  1  8 12 18 53.450  3.6   1
     1675  26.831209  102.955526    11.476     1713.8   -13160.7     5339.8    298.6    164.0    271.0 2023  1  8 17  5 43.960  3.1   1
     1678  26.682277  102.996753    13.918     5814.1   -29662.9     7782.0    143.2     52.3    101.9 2023  1  8 18  3 48.840  3.2   1
     1688  26.828261  102.961336    14.333     2291.1   -13487.4     8196.8    176.2    220.9    119.8 2023  1  8 20 59 20.120  3.0   1
     1691  26.934713  102.856958    12.103    -8074.8    -1692.3     5966.7     92.9    113.0     72.7 2023  1  8 21 39 13.640  3.3   1
     1692  26.935740  102.868587    12.558    -6920.3    -1578.6     6421.9     92.4    111.8     76.4 2023  1  8 21 47 29.700  3.2   1
     1719  26.884355  102.940438     9.566      214.9    -7272.1     3430.0    259.0    158.5    174.3 2023  1  9 16  6 17.470  3.2   1
     1720  26.875793  102.937785    10.575      -48.8    -8220.7     4439.0    211.5    212.3    277.5 2023  1  9 16 14 24.770  3.0   1
     1721  26.872432  102.936239     9.388     -202.1    -8593.1     3251.8    294.7    275.5    206.8 2023  1  9 16 39 28.720  3.0   1
     1722  26.874701  102.956006    14.860     1761.7    -8341.8     8723.6    446.5    261.9    169.7 2023  1  9 16 57 16.400  4.2   1
     1727  26.885716  102.960685    10.669     2226.1    -7121.3     4532.7    340.6    299.7    286.6 2023  1  9 19  8 37.980  2.9   1
     1729  26.969531  102.919889     4.245    -1825.7     2165.6    -1891.7    362.4    346.5    370.1 2023  1  9 19 18 43.680  2.5   1
     1730  26.868361  102.944670     8.295      635.2    -9044.1     2158.8    202.3    197.9    278.3 2023  1  9 19 27 32.440  2.9   1
     1731  26.939494  102.881217    11.090    -5665.5    -1162.5     4953.2    335.6    234.1    191.5 2023  1  9 19 36  8.060  2.9   1
     1732  26.880904  102.951562    10.175     1319.8    -7654.4     4038.4    301.7    258.4    219.5 2023  1  9 20 35 17.380  4.9   1
     1733  26.882062  102.944246    10.895      593.6    -7526.2     4758.4    218.7    254.3    196.6 2023  1  9 20 39 20.860  3.4   1
     1734  26.876632  102.941732     8.640      343.3    -8127.9     2503.6    205.0    160.6    187.9 2023  1  9 21 45  5.440  3.0   1
     1737  26.884296  102.942676    10.670      437.3    -7278.5     4533.3    230.6    202.7    117.6 2023  1  9 22  7  4.500  3.6   1
     1738  26.888820  102.948494    11.850     1015.3    -6777.2     5713.9    393.0    318.4    382.9 2023  1  9 22 12 25.440  3.7   1
     1748  26.884554  102.943270    10.501      496.2    -7250.1     4364.9    218.5    134.1    204.8 2023  1 10  1 44 54.780  2.7   1
     1770  26.880204  102.921956     8.224    -1621.0    -7732.0     2087.5    418.1    319.9    358.2 2023  1 10  9 51  7.700  3.4   1
     1778  26.868770  102.956909    19.115     1850.9    -8999.0    12979.0    343.2    404.4    290.5 2023  1 10 13 34 23.820  3.4   1
     1779  26.849835  102.925456    11.094    -1273.1   -11097.0     4957.3    344.4    178.8    212.7 2023  1 10 13 36 48.280  3.4   1
     1781  26.826034  102.947689    11.341      935.6   -13734.1     5204.2    197.3    250.3    255.6 2023  1 10 15  7 20.700  2.9   1
     1783  26.857245  102.915251    15.771    -2287.2   -10276.0     9635.0    447.8    434.3    411.1 2023  1 10 15 13 25.930  3.7   1
     1785  26.851162  102.935286    11.809     -296.3   -10950.0     5672.8    376.0    201.2    252.7 2023  1 10 16 19 19.210  2.9   1
     1790  26.968778  102.919930     6.100    -1821.1     2082.3      -36.4    309.8    250.1    274.0 2023  1 10 18 32 50.840  2.7   1
     1805  27.121033  102.812240     7.242   -12505.2    18952.4     1105.7    215.1     87.9    403.1 2023  1 10 22 46 21.860  3.2   1
     1810  26.840843  102.932251    15.871     -598.0   -12093.4     9734.5    718.7    515.4    568.4 2023  1 11  0  7 17.780  3.6   1
     1812  26.952094  102.907267     8.879    -3079.1      233.5     2742.6    383.2    318.7    249.0 2023  1 11  0 36  5.800  2.7   1
     1823  27.110443  102.835311    14.474   -10217.0    17779.2     8337.2    212.6    136.8    152.8 2023  1 11  4 48 26.140  4.3   1
     1846  26.876090  102.932902    11.490     -533.4    -8187.8     5353.4    252.1    264.6    211.0 2023  1 11 12 40 18.140  3.3   1
     1847  27.101459  102.856128    13.268    -8151.4    16783.7     7131.2    329.8    184.4    214.0 2023  1 11 12 47 56.460  2.5   1
     1855  26.883962  102.944002    10.439      569.1    -7315.7     4302.4    207.3    190.6    117.0 2023  1 11 15 39  2.760  3.5   1
     1862  26.890434  102.949129     9.662     1078.3    -6598.6     3525.3    315.1    235.4    223.3 2023  1 11 18 31 49.400  3.0   1
     1868  26.885248  102.962646    20.048     2420.9    -7173.1    13911.8    366.5    447.6    265.5 2023  1 11 20 35 25.940  2.9   1
     1878  27.029376  102.797892    17.937   -13935.2     8796.6    11800.8    320.5    209.3    306.7 2023  1 12  1 42  2.140  3.9   1
     1898  27.114573  102.817334    13.572   -12000.2    18236.8     7435.7    438.5    304.4    300.9 2023  1 12 11  0 25.500  4.2   1
     1923  27.114390  102.816626    13.650   -12071.0    18216.4     7513.5    301.8    205.1    285.6 2023  1 12 21 27 16.860  4.8   1
     1926  27.103890  102.827726    14.772   -10969.4    17053.0     8635.1    520.9    414.5    424.0 2023  1 12 22 45 29.160  3.7   1
     1928  27.093585  102.874373    13.661    -6341.2    15911.3     7524.6    448.8    242.1    286.9 2023  1 13  0  2  4.850  3.5   1
     1934  27.107967  102.855737    12.182    -8190.0    17504.7     6045.7    409.9    263.1    230.5 2023  1 13  1 42 41.480  3.2   1
     1941  26.827179  102.978060    10.739     3953.2   -13607.3     4602.3    152.6    120.8    242.9 2023  1 13  5 13  5.790  3.6   1
     1947  27.112811  102.821126    13.950   -11624.6    18041.6     7813.3    344.3    232.2    275.5 2023  1 13  9 37 46.380  2.8   1
     1948  27.114716  102.850090    14.271    -8749.8    18252.6     8134.2    431.7    353.2    327.5 2023  1 13  9 48 48.310  3.4   1
     1957  27.114642  102.824015    10.422   -11337.9    18244.4     4286.0    249.6    122.4    172.5 2023  1 13 11 23 47.790  3.1   1
     1961  27.093789  102.887101    14.798    -5078.1    15933.7     8662.0    657.0    566.6    512.9 2023  1 13 12  4 18.040  2.8   1
     1965  27.103821  102.811271    12.659   -12603.0    17045.4     6522.7    326.2    253.7    274.7 2023  1 13 13 55 47.290  3.4   1
     1981  27.160366  103.125667     8.742    18591.1    23310.7     2605.2    294.6    214.3    543.1 2023  1 13 18 35 34.340  3.6   1
     1983  27.103129  102.864160    13.064    -7354.7    16968.7     6927.6    345.0    201.3    233.4 2023  1 13 18 44 10.720  3.2   1
     1986  27.094904  102.954256     6.719     1586.2    16057.3      582.6    134.2     79.1    140.6 2023  1 13 20 24 47.360  2.4   1
     1987  27.121499  102.805428     9.445   -13181.1    19004.1     3308.4    213.1     92.3    279.7 2023  1 13 20 28 56.680  3.1   1
     1999  26.783433  102.976278    13.796     3776.9   -18454.4     7659.4    145.9    149.4    210.5 2023  1 14  2  9 10.410  3.6   1
     2002  26.786888  102.978752    14.887     4022.7   -18071.7     8750.1    137.8    154.2    237.5 2023  1 14  2 13 49.160  3.6   1
     2014  26.882157  102.923991     8.989    -1418.7    -7515.6     2852.9    217.9    164.1    161.4 2023  1 14  8 57 20.990  2.8   1
     2031  26.858588  102.894149    11.672    -4383.7   -10127.2     5535.1    432.5    319.8    454.9 2023  1 14 14 35  3.700  3.0   1
     2044  26.940938  102.905965     6.318    -3208.5    -1002.6      181.8    348.1    278.9    180.0 2023  1 14 16 43 43.950  2.8   1
     2057  26.955776  102.913208     7.705    -2488.9      641.6     1568.5    442.5    270.4    297.6 2023  1 14 21 31 33.240  2.7   1
     2063  27.105235  102.824398    10.870   -11299.8    17201.9     4733.7    125.3     72.7    118.8 2023  1 14 23 36 57.880  3.7   1
     2077  27.067834  103.140527    11.350    20073.0    13058.0     5214.0     34.2     21.9     55.4 2023  1 15  3  5 26.790  3.6   1
     2105  26.748311  102.752767     2.061   -18437.1   -22346.0    -4075.7    145.5    204.4    244.1 2023  1 15 13 25 48.110  1.9   1
     2119  27.109037  102.831527    13.640   -10592.7    17623.4     7503.2    186.4    147.0    151.9 2023  1 15 17 11  5.080  3.8   1
     2149  26.895441  103.122152     7.471    18263.1    -6043.8     1334.9    118.4    171.8    175.6 2023  1 15 23 45 28.480  3.5   1
     2153  26.841589  102.953410    13.137     1503.8   -12010.6     7000.9    292.4    216.3    149.4 2023  1 16  2 13 26.450  3.6   1
     2173  26.859058  102.954582    11.149     1620.2   -10075.2     5012.4    347.3    261.5    296.3 2023  1 16  8 53 26.520  3.6   1
     2175  26.846690  102.970646    14.279     3216.2   -11445.5     8143.1    269.1    240.4    268.4 2023  1 16  8 58 50.730  3.3   1
     2180  26.842037  102.929704     7.892     -851.5   -11961.0     1755.9    647.9    538.5   1371.4 2023  1 16 10 14 47.540  2.7   1
     2195  26.839445  102.978564    13.172     4002.5   -12248.3     7035.5    301.0    259.0    243.7 2023  1 16 16  3 18.920  3.4   1
     2198  26.974164  102.920809     7.921    -1733.6     2678.9     1784.9    208.9    157.8    169.9 2023  1 16 16 16 44.450  3.2   1
     2199  26.970634  102.941870     8.735      357.0     2287.9     2598.7    209.5    243.6    273.1 2023  1 16 16 20  5.830  3.0   1
     2269  27.119883  102.856177     4.437    -8146.2    18825.1    -1699.2    542.3    299.6    560.5 2023  1 17 12 55 13.130  3.6   1
     2281  27.065385  103.042684    11.303    10363.0    12786.6     5166.5    175.2    101.1    185.8 2023  1 17 15 29  9.270  3.3   1
     2293  26.826084  102.969482     8.263     3100.8   -13728.5     2126.9     51.3     29.8     36.3 2023  1 17 18 26 33.720  2.6   1
     2348  26.998745  102.876229     6.136    -6159.6     5402.7       -0.0     22.1     14.1     15.5 2023  1 18  7 22 51.730  3.2   1
     2402  26.880967  103.127637     7.056    18809.3    -7647.5      919.9    119.5    173.7    166.7 2023  1 19  3 45  0.380  2.3   1
     2409  26.952057  102.990690     6.662     5205.0      229.4      525.4     90.4    109.4     87.0 2023  1 19  5 13 45.370  2.7   1
     2443  26.574123  103.042147    13.115    10331.1   -41646.5     6979.5    258.5    145.0    153.9 2023  1 19 18 37 36.240  3.7   1
     2447  26.857908  102.947461    11.750      912.7   -10202.4     5613.3    325.4    255.6    198.5 2023  1 19 22  6 22.960  3.6   1
     2453  26.932068  102.678019    12.216   -25845.1    -1985.4     6079.9    107.8    131.1    129.6 2023  1 19 23 53 15.560  1.7   1
     2463  26.981441  102.818953    13.768   -11846.9     3485.4     7631.3    553.9    654.5    350.1 2023  1 20  8 24  0.370  3.4   1
     2480  26.914524  102.922127    12.444    -1603.5    -3929.2     6307.3    207.2    172.7    173.8 2023  1 20 16 55 36.370  2.9   1
     2487  26.978552  102.900098    20.767    -3790.5     3165.3    14630.7    107.7     66.1     52.8 2023  1 20 18 16 42.820  3.0   1
     2490  27.114819  102.814754    14.389   -12256.0    18264.1     8252.1    335.5    231.9    294.6 2023  1 20 19  7 17.640  3.4   1
     2499  26.733879  102.897941    13.798    -4009.0   -23945.2     7661.6     27.1     52.6     51.1 2023  1 20 20 43 15.000  1.3   1
     2537  26.978198  102.799642    14.895   -13764.0     3126.1     8758.2    237.5    171.4    420.9 2023  1 21 19 43 34.100  3.3   1
     2595  26.922854  102.925090    11.370    -1309.0    -3006.2     5233.4    202.2    171.5    177.8 2023  1 22 20 25 59.880  2.7   1
     2608  27.124438  102.787427    10.414   -14967.1    19329.8     4278.0    170.5     66.2    149.7 2023  1 22 23 57 49.340  3.1   1
     2630  27.060905  103.130688     9.970    19097.4    12290.2     3833.7     35.4     21.6     92.1 2023  1 23 13 50 46.020  3.2   1
     2654  27.103375  102.849585    14.971    -8800.6    16995.9     8834.4    336.0    215.1    278.0 2023  1 23 21 54 10.300  4.3   1
     2674  27.112614  102.810946    11.587   -12634.6    18019.6     5450.1    324.1    295.1    326.5 2023  1 24  5 27  3.620  3.5   1
     2700  26.975057  102.925041     9.037    -1313.5     2778.0     2901.1    184.3    176.1    204.3 2023  1 24 17  6 42.280  4.3   1
     2703  26.843901  102.928784    13.955     -942.9   -11754.5     7818.2    245.8    156.4    189.1 2023  1 24 18 28 40.720  5.3   1
     2705  26.844334  102.935229    10.176     -302.1   -11706.4     4040.1    142.8    188.7    174.2 2023  1 24 18 39  8.100  3.5   1
     2706  26.843215  102.938411    13.455       13.9   -11830.4     7318.8    258.6    124.5    216.6 2023  1 24 19  2 19.360  4.5   1
     2720  26.493286  102.979639    10.810     4115.4   -50603.5     4673.3     70.5    103.5    129.7 2023  1 24 23 44 49.420  3.2   1
     2729  26.866235  102.915796    14.647    -2232.9    -9279.8     8510.6    391.8    330.5    309.5 2023  1 25  2 54 46.450  3.1   1
     2748  26.969012  102.915853     8.402    -2225.9     2108.2     2265.8    178.4    125.5    135.9 2023  1 25 12 51 58.640  3.5   1
     2751  26.976298  102.923657     8.984    -1451.2     2915.6     2848.0    188.8    157.4    135.9 2023  1 25 14  8 38.810  3.4   1
     2754  26.503324  102.994865    11.171     5630.5   -49491.2     5034.9     84.3    108.5    126.1 2023  1 25 14 54 48.050  3.8   1
     2756  26.946065  102.917244     6.545    -2087.8     -434.4      408.8    571.1    408.6    427.1 2023  1 25 15 29  8.450  3.3   1
     2790  26.721840  103.008130    11.561     6943.7   -25279.2     5424.8    100.8     85.4    103.4 2023  1 25 22 18 21.720  4.1   1
     2804  26.734509  102.898112    13.733    -3992.1   -23875.5     7596.9     27.4     52.7     51.6 2023  1 25 23 33 14.880  3.5   1
     2823  26.978982  102.907446    19.800    -3060.8     3212.9    13664.0     52.6     99.2    123.2 2023  1 26  8 13 13.850  1.8   1
     2826  26.989044  102.825366    14.780   -11209.7     4327.7     8643.6    381.5    445.3    272.2 2023  1 26  8 57 51.390  3.5   1
     2851  26.953188  102.933659     9.786     -458.2      354.8     3649.8    501.9    562.5    350.1 2023  1 26 20 34 54.440  2.6   1
     2868  26.859361  102.936662    11.569     -160.4   -10041.5     5432.7    720.0    411.5    488.6 2023  1 27  3  4  5.290  3.2   1
     2876  26.862569  102.976318    13.014     3779.1    -9686.0     6877.8    372.3    254.6    255.2 2023  1 27  6 13 52.750  3.3   1
     2877  26.686670  102.999870    13.783     6123.6   -29176.1     7646.2    158.1     51.2    104.2 2023  1 27  6 25 49.430  3.5   1
     2889  26.988167  102.834424    13.349   -10310.2     4230.5     7212.5    263.8    144.1     97.6 2023  1 27 10 58 34.340  3.6   1
     2895  26.980389  102.902230     9.307    -3578.3     3368.8     3171.1    569.8   1306.5    362.0 2023  1 27 12  9 22.740  3.3   1
     2898  26.974756  102.930330     9.052     -788.3     2744.6     2915.2    167.8    187.7    148.3 2023  1 27 13 50 19.660  3.3   1
     2904  26.993492  102.830160    13.731   -10733.5     4820.5     7594.5    232.9    135.5    101.4 2023  1 27 15 33 31.920  3.2   1
     2917  27.052124  102.754061     4.397   -18283.7    11317.2    -1739.6     26.3     52.4     35.4 2023  1 27 18 35 17.800  1.3   1
     2922  27.113261  102.849284     8.385    -8830.0    18091.3     2248.6    246.8    137.5    234.6 2023  1 27 20 21  5.380  3.1   1
     2929  27.033315  102.762362    13.926   -17461.2     9233.2     7789.9    263.0    229.6    258.1 2023  1 27 23 50 57.520  3.2   1
     2936  26.826229  102.969279    14.568     3080.9   -13712.7     8431.2    180.0    247.2    165.8 2023  1 28  2  0 52.420  3.3   1
     2956  26.878644  102.869808    10.471    -6800.5    -7905.0     4335.0    456.0    504.8    337.2 2023  1 28 10 40 14.790  2.7   1
     2958  26.976107  102.793888    15.636   -14335.3     2894.4     9499.7    228.8    179.4    386.9 2023  1 28 11 46 10.310  3.4   1
     2964  26.923861  102.900285     6.425    -3773.0    -2894.8      288.9    225.0    168.7    160.7 2023  1 28 12 13 23.580  3.3   1
     2982  26.931803  102.890275    10.094    -4766.8    -2014.6     3957.5    385.0    321.0    179.1 2023  1 28 19 57 32.200  3.4   1
     2983  26.828119  102.975822     8.246     3730.3   -13503.2     2110.0     54.7     30.5     36.9 2023  1 28 20  3 15.040  1.2   1
     3022  26.717747  103.023820    11.358     8503.3   -25732.6     5221.5     92.8     84.4    106.0 2023  1 29 13 41  6.720  3.2   1
     3026  27.018347  102.791357    18.288   -14584.6     7574.7    12152.1    417.7    379.3    386.5 2023  1 29 16 21 19.480  3.0   1
     3042  27.115869  102.752588     7.389   -18425.1    18380.4     1253.1    898.3    499.4    599.3 2023  1 29 20 41  5.560  1.4   1
     3047  26.859532  102.949878     8.256     1152.9   -10022.5     2119.7    250.6    231.4    314.5 2023  1 29 22 51 44.600  3.2   1
     3070  27.155326  103.132780     6.789    19296.8    22752.3      652.9    281.2    209.5    637.1 2023  1 30 11  6 47.380  3.9   1
     3073  26.836336  102.942204     9.863      390.2   -12592.7     3726.6    151.8    170.7    222.5 2023  1 30 12  1 48.770  3.0   1
     3077  26.857729  102.949748    14.997     1139.6   -10222.2     8860.2    468.8    430.0    400.5 2023  1 30 12 26 51.580  3.5   1
     3101  26.867792  102.952848     8.310     1447.5    -9107.2     2173.9     54.7     64.0     58.9 2023  1 30 23 34 55.420  2.2   1
     3136  26.624420  103.009578    12.203     7090.3   -36073.5     6066.6    198.1    103.7    163.8 2023  1 31 16 27 59.290  3.8   1
     3140  26.883122  102.923299     8.405    -1487.7    -7408.6     2268.6    247.6    173.4    221.5 2023  1 31 17  3 23.640  3.8   1
     3153  26.928613  102.909798     8.417    -2827.7    -2368.2     2280.5    170.0    130.8    185.4 2023  1 31 20 31 50.780  2.5   1
     3156  26.955713  102.911979     9.994    -2610.9      634.6     3857.6    349.1    409.6    229.1 2023  1 31 21 28 23.660  2.7   1
     3161  26.930798  102.913826     7.806    -2428.0    -2126.0     1669.8    209.5    159.0    231.3 2023  1 31 22 23 52.560  2.7   1
     3178  26.948427  102.892920     7.705    -4503.4     -172.8     1568.1    299.8    259.0    241.2 2023  2  1  8 53 40.230  3.3   1
     3205  26.995038  102.860400     5.929    -7731.0     4991.8     -207.2     21.3     14.3     15.5 2023  2  1 21 43 10.840  1.7   1
     3256  27.105221  102.763175     6.747   -17375.4    17200.4      610.5    729.7    512.9    581.7 2023  2  2 18 28 39.720  2.2   1
     3269  26.831565  102.951115     6.423     1275.7   -13121.3      286.6    363.3    214.9    397.1 2023  2  2 21 52 48.160  2.3   1
     3291  27.106278  102.842147     8.629    -9538.6    17317.5     2492.2    196.9    130.2    176.3 2023  2  3  9 59 32.770  3.5   1
     3336  27.164754  103.131494    11.789    19168.6    23796.8     5652.5    172.2    179.2    261.7 2023  2  4 10 29 17.550  4.6   1
     3366  26.984403  102.897046    20.001    -4093.5     3813.6    13864.9    159.3     36.9     93.4 2023  2  4 20  3 14.540  1.6   1
     3367  26.850942  102.946729    13.720      839.8   -10974.2     7583.6    255.3    199.3    189.7 2023  2  4 20  7 36.480  2.5   1
     3368  26.733860  103.088550    11.018    14936.1   -23947.2     4881.1     73.4     68.4    149.7 2023  2  4 20 33 16.400 -0.2   1
     3373  26.983525  102.917725     6.107    -2040.2     3716.2      -29.0    428.3    400.8    401.6 2023  2  4 21 12 48.680  2.8   1
     3392  26.493986  102.992529     9.436     5398.1   -50525.9     3299.4     82.3    121.6    104.5 2023  2  5 11 56 54.050  3.3   1
     3395  26.977370  102.758927    12.102   -17807.0     3034.3     5965.9     56.0     66.3     35.3 2023  2  5 12 41 57.150  3.3   1
     3419  26.967594  102.919523     9.571    -1862.0     1951.1     3435.1    184.3    122.3    174.7 2023  2  6  1 12 27.600  4.9   1
     3421  26.988521  102.947233     5.102      889.4     4269.8    -1034.8    687.2    686.2    686.1 2023  2  6  1 43 57.790  3.2   1
     3434  26.968878  102.916252    10.055    -2186.1     2093.3     3918.6    183.2    193.4    179.1 2023  2  6  8 30 31.150  4.5   1
     3470  27.127523  102.878735     6.406    -5907.2    19671.5      269.2    109.8     69.9    145.7 2023  2  6 22 10  4.780  2.6   1
     3497  26.577920  103.057194    11.547    11828.3   -41225.9     5410.1    115.4    106.6    127.9 2023  2  7 12 22 33.570  3.9   1
     3498  26.582377  103.047868     9.826    10899.9   -40732.0     3689.6    191.1    159.4    214.5 2023  2  7 12 27 52.750  3.8   1
     3499  26.570817  103.056901    11.506    11799.1   -42013.0     5369.2    137.1    123.4    147.9 2023  2  7 12 51 49.860  3.6   1
     3505  27.024337  102.796004    17.018   -14122.5     8238.2    10881.7    308.3    216.5    291.7 2023  2  7 14  0  9.910  3.1   1
     3506  26.976868  102.933423     5.496     -481.2     2978.7     -640.2    241.4    309.0    305.5 2023  2  7 14 24 46.020  2.7   1
     3517  26.739050  102.744784     2.943   -19231.5   -23372.3    -3193.0    140.6    235.5    206.4 2023  2  7 18  6 57.520  1.4   1
     3521  26.573812  103.052458    12.085    11356.8   -41681.0     5948.1    126.2     88.5    109.1 2023  2  7 18 46 48.700  4.0   1
     3533  27.103109  102.853280    13.988    -8433.7    16966.5     7851.8    295.0    173.7    227.7 2023  2  7 22 51 25.800  4.0   1
     3584  26.836892  102.933512    17.412     -472.7   -12531.2    11276.0   1518.7   1759.8   1231.5 2023  2  9  5 18 18.600  3.7   1
     3597  26.943388  102.929093    10.562     -911.7     -731.1     4425.6    525.7    556.1    343.5 2023  2  9 13 58 42.220  2.9   1
     3603  26.927433  102.920125     8.738    -1802.5    -2498.9     2601.9    275.9    172.8    200.5 2023  2  9 17 12 51.860  1.9   1
     3641  26.813387  102.963517    13.900     2508.6   -15135.5     7763.1    411.8    538.6    346.4 2023  2 10  3 51 17.800  3.1   1
     3643  26.868406  102.939225     5.890       94.9    -9039.3     -246.9    198.4    204.7    442.4 2023  2 10  4 12 31.530  3.3   1
     3658  27.027193  102.763875    12.120   -17311.6     8554.8     5984.1    266.4    316.5    317.2 2023  2 10 11 42 25.830  3.6   1
     3661  26.963135  102.921549     7.445    -1660.3     1456.9     1308.4    293.6    199.7    213.9 2023  2 10 13 44 34.240  3.2   1
     3668  26.920730  102.859798     8.964    -7793.6    -3241.6     2827.6      6.7      5.1      6.1 2023  2 10 15 49  8.740  1.8   1
     3677  26.976084  102.759912    13.522   -17709.1     2891.8     7385.3     57.7     67.1     32.6 2023  2 10 18 13 48.420  2.2   1
     3679  26.823081  102.963672    11.378     2523.8   -14061.3     5241.3    375.7    419.8    296.7 2023  2 10 18 51 51.000  2.9   1
     3681  26.821995  102.959937    15.949     2152.1   -14181.8     9812.7    619.3    661.3    430.4 2023  2 10 18 59 17.160  3.7   1
     3682  26.853652  103.010010    14.822     7126.2   -10674.1     8685.2    250.7    265.3    255.7 2023  2 10 20  1 54.320  2.5   1
     3689  26.802525  102.981201    14.821     4265.8   -16339.0     8685.1    560.2    679.9    383.0 2023  2 10 21 25 36.460  3.2   1
     3694  26.839528  102.959456    16.398     2104.9   -12239.1    10261.2    325.6    456.9    270.4 2023  2 10 22 52 55.800  3.0   1
     3696  26.819139  102.954948    12.250     1656.9   -14498.3     6113.2    242.7    184.8    244.4 2023  2 10 23 21 27.120  3.0   1
     3697  27.002769  102.805550     5.254   -13176.4     5848.5     -882.4    167.3    269.4    232.9 2023  2 10 23 27 25.760  2.8   1
     3703  26.925212  102.895662     9.371    -4231.5    -2745.0     3234.5    378.5    283.6    194.6 2023  2 11  0 34 33.290  3.9   1
     3721  27.126709  102.853784    11.358    -8383.4    19581.4     5221.2    199.4    113.8    223.5 2023  2 11  8 41  3.690  2.8   1
     3744  26.870367  102.939901     6.214      161.8    -8822.0       77.7    200.1    206.0    375.0 2023  2 11 15  5 42.430  2.9   1
     3786  27.172217  102.835913     6.547   -10154.7    24623.9      411.0    148.8     88.5    108.2 2023  2 12  3 32 54.620  4.6   1
     3787  27.005088  102.800724     4.276   -13654.8     6105.4    -1860.2    171.0    232.6    275.5 2023  2 12  3 34  5.200  4.2   1
     3788  26.845941  102.952612    13.000     1424.8   -11528.5     6863.8    302.4    358.9    284.3 2023  2 12  3 36 55.170  3.0   1
     3802  27.100875  102.826359    12.037   -11105.5    16718.8     5900.3    402.6    198.9    570.1 2023  2 12  7  2 15.470  3.4   1
     3830  26.874109  102.935897    15.611     -236.4    -8407.4     9474.2    596.8    415.2    335.1 2023  2 12 15 24 31.290  3.6   1
     3868  26.868842  102.925073    12.091    -1311.5    -8991.0     5954.7    297.8    338.7    253.8 2023  2 13  3 57 56.990  3.5   1
     3886  26.493972  102.979858     9.281     4138.0   -50527.5     3144.9     65.7    123.0    108.6 2023  2 13 11 20 53.140  3.7   1
     3943  26.881468  102.966561    13.922     2810.0    -7591.9     7785.2    423.8    186.4    341.9 2023  2 14 21 11 56.760  3.0   1
     3948  27.115641  102.815877    13.719   -12145.3    18355.0     7582.5    478.7    356.6    322.7 2023  2 14 23  2 21.120  3.0   1
     3970  27.113491  102.815096     9.280   -12222.3    18116.8     3143.8    330.6    193.9    241.5 2023  2 15 11 38  6.520  3.0   1
     3973  26.968522  102.904736     8.157    -3330.2     2053.9     2020.8    393.7    480.9    300.6 2023  2 15 14 54  0.720  2.3   1
     3976  27.107926  102.839372     8.171    -9814.1    17500.3     2035.0    140.5    108.2    140.8 2023  2 15 15 17 29.780  2.8   1
     3977  26.850222  102.963802    12.453     2536.3   -11054.1     6316.1    620.6    334.9    448.2 2023  2 15 16  9 19.260  4.2   1
     3978  27.107955  102.845076     8.628    -9247.9    17503.3     2492.1    226.8    144.2    235.8 2023  2 15 16 28  5.090  2.4   1
     3983  26.837596  102.969320    16.475     3084.2   -12453.2    10338.5    266.4    223.0    220.6 2023  2 15 20 50 46.760  2.9   1
     4005  27.137695  102.857088     6.735    -8054.7    20798.7      599.1    509.2    369.2    703.3 2023  2 16 15 51 51.340  2.9   1
     4058  26.829535  102.965365    13.532     2691.7   -13346.2     7395.9    175.1    167.6    214.1 2023  2 17 23  0 31.120  3.8   1
     4084  26.853068  103.003955    12.517     6524.9   -10738.7     6381.0    848.2    789.8   1118.5 2023  2 18 11 25  4.350  3.4   1
     4191  27.122536  102.830721    13.000   -10671.4    19119.0     6863.4    367.5    458.9    296.9 2023  2 21 10 20 53.620  4.4   1
     4208  27.102301  102.857585    14.642    -8006.8    16877.0     8505.2    481.2    294.2    303.0 2023  2 21 17 57 10.720  4.4   1
     4224  26.915932  102.906958     6.551    -3110.1    -3773.2      414.2    197.0    156.2    131.8 2023  2 21 23 18 40.080  4.2   1
     4226  27.121169  102.856120     7.541    -8152.0    18967.5     1404.8    338.8    224.4    445.1 2023  2 21 23 53 52.720  4.6   1
     4237  26.661591  103.003524    13.756     6487.5   -31954.8     7619.1    507.6    491.3    251.2 2023  2 22  7 42  7.120  3.2   1
     4255  27.119472  102.873145    14.261    -6462.7    18779.5     8125.1    251.0    115.6    126.7 2023  2 22 15 42 47.490  5.8   1
     4257  27.116720  102.846045     8.456    -9151.3    18474.6     2319.5    217.2    153.0    224.2 2023  2 22 16 22 50.940  3.6   1
     4268  26.883864  102.919743    12.477    -1840.2    -7326.3     6340.6     68.1     84.3     94.7 2023  2 22 19 47 48.020  2.6   1
     4273  27.210036  102.812427    10.952   -12482.1    28814.4     4815.4    318.0    181.2    321.2 2023  2 22 23 31 42.920  3.7   1
     4289  26.821346  102.889087    10.364    -4887.0   -14253.6     4227.7     37.1     24.0     32.9 2023  2 23 11 33 42.170  3.2   1
     4315  26.965238  102.888452     8.183    -4947.0     1690.1     2046.3    452.8    304.2    377.7 2023  2 24  5 13 31.620  3.6   1
     4349  27.205939  102.799235    10.177   -13790.7    28360.2     4040.2     75.1     56.4    100.3 2023  2 25  5 47 20.360  3.6   1
     4359  26.922693  102.921094     7.229    -1706.5    -3024.0     1093.1    304.6    188.9    233.8 2023  2 25 10  3 21.110  2.7   1
     4383  27.127673  102.890991     7.320    -4691.7    19688.2     1183.3    111.4     68.5    139.6 2023  2 25 16 42 41.760  3.2   1
     4386  26.853851  102.954199     9.844     1582.3   -10651.9     3707.9    192.1    195.6    279.0 2023  2 25 17 28  3.480  3.4   1
     4419  27.212893  102.790894    11.164   -14618.1    29130.7     5027.7     73.3     71.4     89.1 2023  2 26  2 50 36.150  4.6   1
     4445  26.849691  102.973242     8.480     3473.6   -11112.9     2343.8    211.6    159.7    279.7 2023  2 26 16 17  1.720  2.8   1
     4464  26.920957  102.923104     7.819    -1506.7    -3216.4     1682.9    197.2    147.8    184.0 2023  2 27  1 33 45.570  4.1   1
     4471  26.864069  102.948283    13.526      994.3    -9519.9     7389.8    232.6    166.3    251.1 2023  2 27  5 56 53.330  3.4   1
     4478  27.134194  102.849569     9.760    -8801.3    20410.7     3624.0    288.3    230.9    264.7 2023  2 27 11 59 33.760  4.3   1
     4491  26.827812  102.967594    10.224     2912.8   -13537.3     4087.4    183.9    141.7    231.7 2023  2 27 20 25 38.820  3.6   1
     4510  26.783114  102.972347    11.963     3385.9   -18489.9     5826.4    317.7    243.9    266.8 2023  2 28 10 34 50.940  3.1   1
     4517  26.874705  102.921639    15.013    -1652.6    -8341.4     8876.8    539.1    359.2    337.4 2023  2 28 15 11  5.610  3.4   1
     4529  26.869476  102.906201    11.825    -3185.5    -8920.7     5688.8    459.6    314.8    454.8 2023  2 28 21 24  5.320  3.2   1
     4530  26.626117  103.012996    12.176     7430.1   -35885.6     6039.8    193.2    103.9    163.9 2023  2 28 21 42 45.880  3.9   1
     4540  26.938027  102.765837     7.040   -17123.3    -1325.0      903.6    563.5    964.6    961.6 2023  3  1  5 57 41.830  3.5   1
     4550  26.902022  102.921281    17.089    -1687.9    -5314.6    10952.4     36.6     94.7    124.9 2023  3  1 11 42 30.150  3.5   1
     4551  26.860976  102.943522    11.614      521.4    -9862.6     5477.6    236.4    219.4    159.6 2023  3  1 11 57 26.400  3.6   1
     4560  26.841549  102.972274     7.035     3378.2   -12015.2      899.0    254.2    209.0    276.8 2023  3  1 16 21 48.300  2.7   1
     4565  26.851390  102.961637    12.821     2321.1   -10924.8     6684.6    285.1    274.1    194.1 2023  3  1 21 29 18.360  3.0   1
     4591  27.003080  102.794393     5.922   -14284.1     5883.1     -214.6    237.8    329.5    449.9 2023  3  2 16 50 48.560  4.2   1
     4596  26.860724  102.956860    13.933     1846.4    -9890.5     7796.9    291.0    154.4    187.0 2023  3  2 22 25 24.180  5.2   1
     4597  26.854814  103.025513     6.998     8666.2   -10545.3      862.6    107.4     96.9    153.2 2023  3  2 22 32 59.520  2.6   1
     4599  26.850596  102.974023     7.945     3551.4   -11012.6     1809.4    153.4    142.8    194.8 2023  3  2 22 48 55.160  3.7   1
     4601  26.840957  102.925911    14.319    -1228.4   -12080.7     8182.6    254.4    158.1    223.1 2023  3  3  1 24  8.360  3.3   1
     4611  26.790025  102.992220    11.948     5360.3   -17724.2     5811.6    373.7    265.0    427.7 2023  3  3 13 47 48.060  3.9   1
     4615  26.826772  102.959920    11.606     2150.7   -13652.3     5469.2    262.5    184.1    253.3 2023  3  3 18 35 13.960  2.7   1
     4620  26.947980  103.001839     5.795     6312.3     -222.2     -341.6     85.0    108.1    104.3 2023  3  4  4  7 31.650  3.8   1
     4629  26.856419  102.944271     8.675      595.8   -10367.4     2538.9    498.9    449.2    366.8 2023  3  4 14 18 51.790  2.9   1
     4641  27.179215  102.847819     7.789    -8973.3    25399.4     1652.9    146.2     90.6    102.2 2023  3  4 20 26 14.320  3.4   1
     4646  27.112577  102.856388     8.345    -8125.2    18015.6     2208.5    260.4    129.6    203.4 2023  3  4 22 34 25.720  3.0   1
     4647  27.214960  102.818408    12.634   -11888.7    29359.8     6497.9    338.9    188.1    299.0 2023  3  4 22 58 19.380  3.1   1
     4648  27.130784  102.790983     9.968   -14613.8    20032.9     3832.1    169.4     88.8    148.2 2023  3  5  0  8  8.700  3.6   1
     4651  26.858325  102.941642     8.552      334.5   -10156.2     2415.8     59.6     62.8     57.7 2023  3  5  8 40 14.220  2.9   1
     4659  26.856594  102.952629    11.537     1425.7   -10348.1     5400.5    189.2    153.0    178.1 2023  3  5 15 55  1.790  3.5   1
     4673  26.863247  102.958162    12.454     1975.5    -9611.0     6317.4    149.2    155.7    106.4 2023  3  6  3 24 59.860  3.1   1
     4680  27.128676  102.815226    14.513   -12209.2    19799.3     8376.9    581.1    386.8    529.6 2023  3  6  7 11 16.110  4.4   1
     4682  27.129561  102.854411    10.055    -8321.0    19897.3     3918.7    207.5    115.2    229.7 2023  3  6  7 43  0.390  2.5   1
     4685  27.122565  102.865308     9.991    -7240.1    19122.1     3854.5    211.3    130.8    251.1 2023  3  6 11 41 37.020  4.0   1
     4686  27.124729  102.866056     7.555    -7165.8    19362.2     1418.8    419.1    250.0    527.7 2023  3  6 14 35 50.270  3.5   1
     4699  26.848124  102.948584    14.189     1024.2   -11286.6     8052.3    390.6    369.1    308.0 2023  3  6 20 48 46.520  6.1   1
     4702  26.841329  102.989396     8.374     5079.1   -12039.5     2237.5    260.1    176.8    287.7 2023  3  6 21  4 33.560  2.8   1
     4706  26.856437  102.911027     7.796    -2706.6   -10365.4     1659.4     30.7     13.0     26.4 2023  3  6 21 45 18.720  2.7   1
     4709  26.837689  102.990902    11.370     5228.4   -12442.8     5233.7    517.7    379.0    403.9 2023  3  6 21 58  3.300  3.2   1
     4710  26.860138  102.944710    10.853      639.6    -9955.3     4717.1    243.6    242.5    290.2 2023  3  6 22 22 54.720  3.4   1
     4713  26.826565  102.938900    16.142       62.0   -13675.3    10005.2   1103.9    918.7    690.5 2023  3  6 23 10 34.880  3.3   1
     4714  26.841115  102.977677     7.236     3915.0   -12063.1     1099.3    291.0    306.7    539.0 2023  3  6 23 14 54.440  2.9   1
     4716  26.863025  102.958993    11.955     2058.1    -9635.6     5818.1    134.1    133.5    129.0 2023  3  6 23 32 30.960  2.8   1
     4718  26.841982  102.993213     7.233     5457.7   -11967.2     1096.2    219.3    226.0    335.7 2023  3  6 23 47  1.200  2.9   1
     4719  26.860868  102.965397    14.185     2694.1    -9874.5     8048.8    201.4    146.7    171.3 2023  3  6 23 51 24.000  3.8   1
     4727  26.855550  102.965511    12.401     2705.6   -10463.8     6264.6    242.7    227.2    200.1 2023  3  7  1 31 58.920  3.6   1
     4728  26.845422  102.958203    11.569     1979.9   -11585.8     5432.4    251.3    222.3    249.5 2023  3  7  2 24 32.150  4.1   1
     4730  26.849337  102.946436     7.854      810.8   -11152.3     1717.6    204.2    168.0    224.5 2023  3  7  3 21 32.720  3.4   1
     4731  26.855756  102.995239    13.881     5659.4   -10440.9     7744.8    863.6    791.4   1060.8 2023  3  7  3 41 30.630  4.1   1
     4732  26.844948  102.980981     7.728     4243.1   -11638.5     1591.4    320.9    238.0    398.2 2023  3  7  4  7 50.350  3.1   1
     4733  27.147042  103.122168    11.195    18244.4    21834.4     5058.4    163.5    254.3    221.4 2023  3  7  4 18 49.650  3.6   1
     4734  26.870347  102.936182    11.295     -207.7    -8824.1     5158.3    687.1    622.1    497.2 2023  3  7  4 37  7.440  3.5   1
     4738  27.033952  102.767928    13.684   -16908.7     9303.7     7548.1    264.7    231.8    267.3 2023  3  7  5 32 22.230  4.8   1
     4739  26.858866  102.977507     9.766     3897.0   -10096.3     3630.1    265.8    250.2    205.7 2023  3  7  5 48 34.360  3.6   1
     4741  26.858026  102.963949    13.731     2550.3   -10189.4     7594.7    227.2    180.1    128.7 2023  3  7  7  3 58.910  4.4   1
     4744  26.855983  102.942228    12.971      393.1   -10415.7     6835.0    278.3    267.1    185.0 2023  3  7  8 29 47.790  3.6   1
     4745  26.849874  102.960726     7.222     2230.7   -11092.8     1086.1    192.3    166.2    248.3 2023  3  7  9  0 10.610  3.3   1
     4746  27.104435  102.946663     6.607      832.7    17113.5      470.8     82.5     70.0    139.5 2023  3  7  9 21 49.230  3.0   1
     4753  26.848232  102.940926    13.947      263.5   -11274.7     7810.1    256.0    112.0    171.6 2023  3  7 14  7 58.450  3.7   1
     4754  26.857125  102.926554    10.713    -1163.8   -10289.3     4576.5    355.1    320.5    296.2 2023  3  7 14 12 42.270  4.2   1
     4755  26.853933  102.949080    11.287     1073.6   -10643.0     5150.7    274.8    171.6    209.1 2023  3  7 14 38 37.150  4.4   1
     4756  26.843976  102.972827    13.507     3432.4   -11746.1     7370.3    363.6    334.0    262.4 2023  3  7 14 40 28.990  5.1   1
     4757  26.842735  102.952091     8.209     1372.8   -11883.7     2072.3    390.1    238.2    380.5 2023  3  7 14 45 52.360  3.4   1
     4759  26.841874  102.970011    11.434     3153.0   -11978.9     5297.4    438.3    248.1    368.2 2023  3  7 15 16 58.030  4.7   1
     4764  26.850950  102.983838    11.493     4526.4   -10973.5     5356.6    327.3    297.7    306.3 2023  3  7 19  1 47.760  3.4   1
     4765  26.856793  102.972257    10.798     3376.0   -10326.0     4662.0    158.1    158.9    115.0 2023  3  7 19 34 57.800  3.5   1
     4769  26.851131  102.961784    14.899     2336.0   -10953.4     8762.5    205.0    172.6    137.2 2023  3  7 21 13 56.800  4.2   1
     4770  26.848020  102.981974    10.795     4341.2   -11297.9     4658.3    257.0    312.2    185.2 2023  3  7 21 21 38.080  4.7   1
     4771  26.856626  102.971688     7.538     3319.5   -10344.4     1401.3    222.0    168.7    226.9 2023  3  7 21 31 15.840  3.3   1
     4773  26.856545  102.972681     7.452     3418.0   -10353.4     1315.8    211.1    239.0    339.5 2023  3  7 21 37  4.420  3.1   1
     4774  26.853113  102.964315    15.510     2587.1   -10733.8     9373.2    190.3    195.4    235.0 2023  3  7 21 44 29.740  4.6   1
     4775  26.858122  102.939119    11.219       83.7   -10178.8     5082.1    234.5    214.2    210.5 2023  3  7 21 58 11.320  3.5   1
     4776  26.844556  102.945532     8.156      721.1   -11681.9     2019.3    300.4    240.1    329.2 2023  3  7 22 12 13.060  3.0   1
     4777  26.870583  102.941073    11.398      278.4    -8797.9     5261.8    213.2    215.3    185.2 2023  3  7 22 18  8.440  2.5   1
     4778  26.856091  102.940910     9.683      262.3   -10403.7     3546.9    463.6    335.9    369.1 2023  3  7 22 33 19.200  3.1   1
     4780  26.849200  102.980216     7.244     4166.9   -11167.3     1108.7    316.2    253.8    423.1 2023  3  7 22 43 48.740  3.1   1
     4784  26.845801  102.990129    12.335     5151.5   -11544.0     6198.2    255.9    361.6    366.7 2023  3  7 23 35 24.520  3.5   1
     4788  26.862494  102.966398    15.077     2794.2    -9694.4     8940.9    509.5    275.2    407.8 2023  3  8  0 27 48.520  3.5   1
     4789  26.856429  102.934619    14.959     -362.7   -10366.4     8822.5    425.7    256.8    254.9 2023  3  8  0 57 17.160  4.1   1
     4791  26.851908  102.977197    12.020     3866.7   -10867.2     5883.9    460.0    425.2    395.9 2023  3  8  3  2 53.700  3.9   1
     4792  26.840216  102.936955     7.342     -130.7   -12162.7     1205.9    400.8    232.1    389.3 2023  3  8  3 38 24.440  3.5   1
     4796  26.852846  102.988363    11.194     4976.0   -10763.3     5057.5    265.1    346.1    246.8 2023  3  8  4 57 33.230  3.8   1
     4797  26.848785  102.951619    11.745     1325.6   -11213.2     5608.6    272.0    208.9    174.5 2023  3  8  5 35 57.320  3.5   1
     4800  26.865192  102.959725    12.999     2131.3    -9395.4     6862.9    227.5    204.7    200.7 2023  3  8  8 34 31.720  2.9   1
     4804  26.862437  102.966610    13.958     2814.8    -9700.7     7821.4    221.8    201.5    129.3 2023  3  8 10 57 26.430  3.6   1
     4807  26.853259  102.985254    11.492     4667.0   -10717.6     5355.7    303.4    350.6    300.6 2023  3  8 11 16  2.730  4.7   1
     4808  26.847316  103.004867    11.152     6615.8   -11376.0     5015.6    294.0    246.6    214.0 2023  3  8 11 32  1.250  4.6   1
     4811  26.850311  102.980607    14.324     4205.5   -11044.1     8187.9    443.0    387.7    303.2 2023  3  8 12 16  0.270  3.5   1
     4812  27.119668  102.869743    12.503    -6799.7    18801.3     6366.1    223.4    116.0    135.6 2023  3  8 12 28 57.760  4.6   1
     4815  26.850918  102.928345     9.248     -986.0   -10977.0     3111.9    360.0    209.3    284.2 2023  3  8 13 18 43.040  4.4   1
     4817  26.857479  102.978491     8.519     3994.9   -10250.1     2382.4    137.7    123.5    248.2 2023  3  8 14 11 31.600  3.5   1
     4819  26.866418  102.932910    13.908     -533.0    -9259.5     7771.2    382.8    319.2    304.6 2023  3  8 14 20 24.160  3.3   1
     4820  26.863810  102.952148    16.655     1378.7    -9548.4    10518.2    628.4    387.3    506.1 2023  3  8 14 27 34.400  3.3   1
     4823  26.892456  102.931136    18.430     -709.1    -6374.5    12293.6     74.9     81.4    124.4 2023  3  8 15 31 26.470  3.0   1
     4826  26.854622  102.999316    12.950     6064.1   -10566.6     6813.6    442.0    548.3    468.8 2023  3  8 16 15 45.670  3.2   1
     4829  27.128398  102.837288    10.587   -10019.8    19768.6     4450.3    259.4    237.4    217.5 2023  3  8 16 47  0.080  4.2   1
     4831  26.849843  102.932422     8.456     -581.6   -11096.1     2319.2    285.3    215.3    290.9 2023  3  8 17 18 39.800  3.2   1
     4837  26.855420  102.962598    13.955     2416.7   -10478.0     7818.8    404.9    210.8    349.3 2023  3  8 17 50 50.880  4.7   1
     4840  26.791089  102.994425    13.862     5579.5   -17606.3     7725.2    347.9    260.0    402.7 2023  3  8 18 13 36.560  4.5   1
     4844  26.854852  102.936629    14.473     -163.4   -10541.0     8336.9    253.9    138.0    147.3 2023  3  8 18 45 27.760  2.8   1
     4845  26.831787  102.955339     6.376     1695.6   -13096.7      239.6    364.7    221.6    399.6 2023  3  8 18 49 30.880  3.0   1
     4847  26.851953  102.981779     9.387     4322.0   -10862.2     3250.8    327.8    248.7    358.5 2023  3  8 18 57 27.600  2.7   1
     4851  26.849599  102.940698     8.278      240.7   -11123.1     2141.6    262.1    202.0    319.5 2023  3  8 19 33  5.040  3.0   1
     4861  26.842035  102.958870     7.006     2046.1   -11961.3      869.6    287.4    228.3    349.1 2023  3  8 21  9 17.160  3.3   1
     4863  26.851184  102.952393    10.074     1402.8   -10947.6     3937.7    163.2    144.8    223.4 2023  3  8 22  6  3.880  2.9   1
     4867  26.855550  102.978719    14.382     4018.1   -10463.8     8245.5    316.4    241.1    239.7 2023  3  8 22 37 23.320  5.3   1
     4869  26.843610  102.974422     9.043     3591.6   -11786.8     2906.8    143.6    142.3    294.9 2023  3  8 22 47 56.720  3.4   1
     4870  26.849406  102.963590    10.747     2515.2   -11144.6     4610.2    222.3    205.6    155.9 2023  3  8 22 53 20.080  4.4   1
     4871  26.859147  102.966357    11.223     2790.0   -10065.2     5086.9    342.6    296.3    297.3 2023  3  8 23  1 14.240  4.4   1
     4873  26.846291  102.962443     8.127     2400.8   -11489.6     1990.8    539.1    491.3    735.7 2023  3  8 23 12 30.480  3.6   1
     4874  26.853615  103.029720     7.934     9084.7   -10678.0     1797.9    108.4     99.3    192.0 2023  3  8 23 13 55.680  3.0   1
     4875  26.850771  102.946688     9.810      836.1   -10993.1     3673.8    203.8    195.7    276.9 2023  3  8 23 18 10.680  3.7   1
     4876  26.846336  102.933407    11.053     -483.4   -11484.6     4917.1    196.1    149.8    205.8 2023  3  8 23 31 30.160  3.5   1
     4879  26.839058  102.938656    10.672       38.0   -12291.0     4535.8    245.6    211.1    245.2 2023  3  8 23 46 48.580  3.6   1
     4881  26.864264  102.936401     8.718     -186.0    -9498.2     2581.7    372.5    259.5    291.2 2023  3  9  0  8 16.170  3.0   1
     4882  26.843695  102.998511    10.123     5984.6   -11777.4     3986.5    185.0    169.9    203.2 2023  3  9  0 11 33.010  3.5   1
     4883  26.848956  102.939233    11.209       95.4   -11194.3     5072.3    280.6    182.7    215.3 2023  3  9  0 20 14.340  4.0   1
     4884  26.862638  102.959985    18.629     2157.0    -9678.4    12493.0    632.5    402.4    496.1 2023  3  9  0 23 50.010  4.0   1
     4890  26.851634  102.930127    12.287     -809.0   -10897.7     6151.0    322.7    313.9    282.7 2023  3  9  1 40 14.960  3.8   1
     4893  26.854584  102.970483    10.335     3199.5   -10570.8     4198.9    181.7    174.1    223.9 2023  3  9  5 13 22.700  5.9   1
     4894  26.856443  102.970142    13.684     3165.6   -10364.7     7547.5    275.3    225.1    210.4 2023  3  9  5 38 48.930  3.3   1
     4897  26.876312  102.914266    12.266    -2384.5    -8163.2     6129.7     84.0     72.6     97.3 2023  3  9  6 15  2.590  3.8   1
     4898  26.864235  102.973193     8.879     3468.8    -9501.3     2742.6    306.4    275.8    343.4 2023  3  9  6 15 57.280  3.5   1
     4900  26.856529  102.974902    10.735     3638.5   -10355.2     4598.7    223.7    201.9    249.7 2023  3  9  6 32  3.540  4.3   1
     4902  26.857214  102.972021    10.772     3352.4   -10279.4     4635.3    179.8    187.8    173.6 2023  3  9  6 45 48.880  4.0   1
     4903  26.863420  102.959530    10.963     2111.2    -9591.8     4826.2    245.5    346.8    284.3 2023  3  9  6 46 51.560  3.8   1
     4905  26.845683  102.954256     5.789     1587.7   -11557.0     -347.6    239.3    233.3    468.1 2023  3  9  7  8 25.460  3.1   1
     4910  26.862823  102.962459    11.588     2402.9    -9657.7     5451.9    179.5    134.8    145.7 2023  3  9  7 45 49.050  3.3   1
     4911  26.858061  102.986458    10.357     4786.3   -10185.5     4220.6    214.8    190.1    213.9 2023  3  9  7 50 26.180  3.9   1
     4912  26.846918  102.979858    12.053     4131.5   -11420.2     5916.5    450.5    327.9    348.6 2023  3  9  8  5  8.630  4.8   1
     4914  26.851310  102.944995     7.121      667.7   -10933.5      985.1    281.6    235.5    301.7 2023  3  9  8 52 12.370  3.2   1
     4916  26.854240  102.983634    11.184     4506.5   -10609.0     5047.4    189.0    153.0    172.4 2023  3  9  9  0 32.420  4.1   1
     4917  26.852087  102.978426     8.035     3988.8   -10847.4     1898.7    184.6    150.0    220.2 2023  3  9  9  4 21.020  3.5   1
     4918  26.856667  102.930420    10.538     -780.2   -10339.9     4401.3    396.0    439.3    300.9 2023  3  9  9 17 12.240  4.3   1
     4922  26.840322  102.962630     6.858     2419.6   -12151.1      721.9    249.5    152.7    336.1 2023  3  9  9 50 21.030  3.1   1
     4926  27.117094  102.844393    11.271    -9315.2    18516.1     5134.9    304.8    184.1    370.7 2023  3  9 10 41  7.130  4.5   1
     4928  26.849992  102.959904     5.691     2148.7   -11079.6     -445.5    181.6    252.1    365.0 2023  3  9 10 55  9.960  2.9   1
     4929  26.867824  102.960376    13.086     2195.7    -9103.8     6949.4    191.1    129.2    220.7 2023  3  9 11 29 18.650  3.4   1
     4930  26.858657  102.991691    10.029     5306.8   -10119.6     3893.0    241.0    187.2    234.3 2023  3  9 11 30 47.930  3.3   1
     4941  26.849170  102.972892     6.906     3439.0   -11170.7      769.7    312.2    244.1    395.2 2023  3  9 12 37 23.010  3.2   1
     4948  26.842566  102.991553    11.354     5292.8   -11902.3     5217.4    161.9    212.1    214.3 2023  3  9 14 21 16.690  3.2   1
     4952  26.842446  102.992220     7.896     5359.3   -11915.7     1759.6    263.5    249.2    372.6 2023  3  9 16 32  5.440  4.1   1
     4959  26.850818  102.917537    11.565    -2060.3   -10988.0     5428.6    477.1    356.0    329.4 2023  3  9 19 16 19.620  2.8   1
     4962  26.847982  102.953337    16.443     1496.8   -11302.2    10306.3    938.3    506.3    568.6 2023  3  9 20  3 57.880  2.9   1
     4963  26.851597  102.948153    11.394      981.4   -10901.7     5257.1    176.3    147.3    132.1 2023  3  9 20 12 33.500  2.8   1
     4966  26.858280  102.939608    13.926      132.6   -10161.1     7789.5    248.2    139.4    145.1 2023  3  9 20 28 34.180  3.9   1
     4969  26.850523  102.949854    10.962     1150.2   -11020.7     4825.8    216.3    149.6    202.9 2023  3  9 20 49 10.180  3.5   1
     4972  26.856795  102.935343    13.404     -290.7   -10325.7     7267.1    362.5    269.5    369.3 2023  3  9 20 59 26.520  3.3   1
     4974  26.865741  102.965828    13.407     2737.5    -9334.5     7271.1    274.9    161.9    164.0 2023  3  9 21  6 49.720  5.2   1
     4975  26.867287  102.940365    14.533      207.4    -9163.3     8397.0    452.2    284.4    312.3 2023  3  9 21 12 28.800  3.3   1
     4977  26.888068  102.878271     8.497    -5959.5    -6860.7     2360.3     75.6     71.1    140.6 2023  3  9 21 21 14.400  2.6   1
     4981  26.854521  102.961353    11.058     2292.8   -10577.8     4921.7    307.8    338.9    225.3 2023  3  9 21 36  5.360  3.9   1
     4982  26.853556  102.950830    15.035     1247.5   -10684.7     8898.5    459.6    257.0    653.8 2023  3  9 21 40 47.760  3.0   1
     4990  26.850633  102.923470    10.833    -1470.6   -11008.6     4696.6   1020.5    618.3    948.7 2023  3  9 22 27 35.960  3.4   1
     4992  26.860917  102.947176    11.047      884.5    -9869.1     4910.8    381.8    322.9    292.2 2023  3  9 22 48 34.400  3.8   1
     4997  26.862303  102.960246    13.007     2183.1    -9715.6     6870.5    267.9    157.2    169.1 2023  3 10  0 20 44.950  5.5   1
     4999  26.855629  102.951896    11.854     1353.6   -10454.8     5718.0    289.0    326.0    281.2 2023  3 10  0 50 10.610  4.2   1
     5000  26.855180  102.974162    15.501     3565.5   -10504.8     9364.6    254.6    201.1    229.5 2023  3 10  1 32 17.130  4.6   1
     5001  26.859564  102.966577    12.322     2812.0   -10018.9     6185.7    206.1    187.2    126.9 2023  3 10  1 58 31.600  2.6   1
     5004  26.870964  102.900220     9.360    -3780.0    -8755.9     3223.8    127.4     68.1    197.0 2023  3 10  2 51 15.710  3.4   1
     5007  26.842306  102.974552     9.533     3604.3   -11931.2     3396.5    183.3    189.5    334.1 2023  3 10  3 17 29.440  3.0   1
     5009  26.850492  103.018400    14.531     7959.9   -11024.2     8394.8    243.3    214.3    351.7 2023  3 10  3 28 22.810  3.7   1
     5010  26.842295  102.947778     9.917      944.6   -11932.3     3780.4    316.9    283.1    360.6 2023  3 10  3 57 59.450  3.5   1
     5011  26.868032  102.936735    11.371     -152.6    -9080.7     5234.4    257.3    269.4    185.3 2023  3 10  5 39 33.770  2.9   1
     5014  26.867102  102.953597    11.838     1521.8    -9183.7     5701.5    129.2    129.3    121.7 2023  3 10  6 35 52.600  3.3   1
     5022  26.845766  102.993058    10.429     5442.3   -11547.9     4292.9    141.1    129.2    163.8 2023  3 10 11 21 23.550  3.4   1
     5023  26.854742  102.964868    13.908     2642.1   -10553.2     7771.6    246.9    296.1    211.1 2023  3 10 12 19 19.430  3.5   1
     5024  26.832804  102.989567    13.578     5096.4   -12984.0     7441.6    304.0    263.0    305.5 2023  3 10 13 19 22.060  4.1   1
     5032  26.844824  102.934709    14.331     -354.1   -11652.2     8194.1    493.7    253.6    313.5 2023  3 10 16 13 27.840  3.8   1
     5036  27.031866  102.896427    11.194    -4153.7     9072.6     5057.1    595.7    382.0    293.5 2023  3 10 18  8  4.040  4.8   1
     5041  27.020046  102.897095    11.816    -4087.4     7762.9     5679.3    314.9    304.3    177.8 2023  3 10 18 52 49.780  3.7   1
     5043  27.038918  102.906502     9.113    -3153.8     9854.0     2976.5    665.7    342.6    347.6 2023  3 10 18 57 22.840  3.7   1
     5044  27.024656  102.884285    10.597    -5359.4     8273.7     4460.5    783.9    423.2    381.3 2023  3 10 19  2 23.560  3.3   1
     5045  27.028194  102.900146     9.453    -3784.8     8665.7     3317.0    216.3    123.4    146.2 2023  3 10 19  5 56.440  3.2   1
     5048  27.017662  102.896159    11.307    -4180.6     7498.7     5170.4    256.1    220.5    142.5 2023  3 10 19 23 42.860  2.3   1
     5049  26.869454  102.943254    10.835      494.6    -8923.1     4698.6    226.4    269.4    224.0 2023  3 10 19 42 54.160  3.0   1
     5052  27.026479  102.903312     9.083    -3470.6     8475.6     2946.7    245.5    136.1    211.4 2023  3 10 19 55 36.560  3.2   1
     5054  26.854228  102.971891     7.640     3339.4   -10610.3     1503.2    201.2    172.4    252.5 2023  3 10 20 14 21.840  3.4   1
     5055  27.026969  102.898690     9.959    -3928.9     8530.1     3822.9    270.6    178.8    240.9 2023  3 10 20 25 37.900  3.9   1
     5064  26.850848  102.971143     6.332     3265.5   -10984.6      195.8    218.8    198.9    351.2 2023  3 10 21 25  8.900  3.2   1
     5065  26.846265  102.943547     9.169      523.6   -11492.5     3032.8    262.4    208.6    263.4 2023  3 10 21 37 59.520  3.1   1
     5066  27.036397  102.801619     8.941   -13564.1     9574.6     2805.1      8.3      9.8      7.6 2023  3 10 21 42 31.720  2.3   1
     5070  26.853920  102.968498     8.765     3002.8   -10644.3     2628.9    179.7    135.3    213.6 2023  3 10 22 15  6.200  3.0   1
     5071  27.116398  102.852433    13.585    -8517.5    18439.0     7448.4    374.1    268.5    295.1 2023  3 10 22 20 47.880  3.5   1
     5072  26.867019  102.940674    12.830      238.3    -9193.0     6693.2    243.4    277.1    216.7 2023  3 10 22 47  7.080  2.2   1
     5074  26.912933  102.855827     8.095    -8188.2    -4105.6     1958.4      6.5      5.0      6.6 2023  3 10 22 54 53.120  2.8   1
     5079  26.858736  102.953589     5.992     1521.2   -10110.8     -144.1    194.7    285.6    402.2 2023  3 10 23 16  8.140  3.5   1
     5080  26.862219  102.970467     8.565     3198.3    -9724.7     2428.4    313.0    263.9    324.1 2023  3 10 23 23 55.640  3.3   1
     5083  27.106093  102.829289    10.037   -10815.0    17297.0     3900.7     89.7     46.4    108.2 2023  3 11  0  8 26.740  3.5   1
     5087  26.854374  102.952100    12.727     1373.8   -10594.0     6590.3    451.5    290.6    446.0 2023  3 11 13  1 44.270  3.3   1
     5088  26.864561  102.921997     8.954    -1616.6    -9465.4     2817.2     28.2     13.4     22.0 2023  3 11 13 41 47.870  2.5   1
     5091  26.948814  102.771265     7.102   -16583.5     -129.9      965.5    562.4   1073.9    902.0 2023  3 11 14 29 21.430  2.3   1
     5092  27.098171  102.823063     9.822   -11432.7    16419.3     3685.5    223.1    124.3    173.7 2023  3 11 14 41 36.040  2.8   1
     5106  26.872056  102.881193     8.427    -5669.7    -8634.8     2290.4     99.6     43.2    147.9 2023  3 11 21  1 59.360  2.7   1
     5108  26.855998  103.016992    15.945     7819.7   -10414.2     9808.4    336.9    279.0    522.2 2023  3 11 21 12 16.400  3.5   1
     5115  27.158112  103.127970    11.291    18819.4    23061.0     5154.6    167.4    171.5    249.7 2023  3 11 23 30 29.120  4.9   1
     5121  26.840737  102.938501    13.145       22.5   -12105.0     7008.9    283.2    139.7    213.4 2023  3 12  1 19  0.220  4.1   1
     5132  26.846010  102.959937     9.504     2151.8   -11520.6     3367.4    316.8    252.5    290.1 2023  3 12  8 12 14.250  3.6   1
     5142  27.053717  103.043840    10.014    10477.5    11493.7     3877.6    178.9    100.4    198.3 2023  3 12 12 20  9.100  3.2   1
     5143  26.671824  103.007422    13.483     6874.7   -30821.0     7346.4    504.7    466.7    255.2 2023  3 12 13  0 24.520  2.7   1
     5150  27.012842  102.798324    17.053   -13893.2     6964.5    10916.7    402.6    348.5    360.8 2023  3 12 15 38 22.330  3.2   1
     5152  26.864508  102.925301     9.327    -1288.7    -9471.2     3190.4    405.4    313.6    336.8 2023  3 12 16  1 19.410  2.5   1
     5157  26.876876  102.922412    14.264    -1575.4    -8100.8     8127.5    510.3    385.2    318.0 2023  3 12 19  9 25.120  3.2   1
     5158  26.999908  102.794238     4.628   -14299.0     5531.5    -1508.4    146.5    221.3    197.4 2023  3 12 19 23 38.260  3.5   1
     5162  27.127976  102.835579     8.612   -10189.6    19721.9     2475.3    401.9    330.9    608.3 2023  3 12 20 30 52.180  2.9   1
     5164  27.119033  102.873983     3.753    -6379.2    18730.9    -2383.8    593.3    297.7    586.3 2023  3 12 20 59  2.920  3.1   1
