      516  26.936485  103.021094     1.451     1772.5    -4230.9       81.8   7455.0   3455.0  12385.2 2022  9 29  7 48 11.140  3.2   2
      832  26.945022  103.045272     1.307     4173.5    -3284.9      -61.9   6589.7   2939.9   8638.8 2022 10 20 13 55 59.600  3.3   2
      963  26.992407  102.986938     2.393    -1618.0     1965.4     1023.4  15155.3   5229.5   9441.3 2022 11  1  8 33 14.600  2.2   2
     2025  26.990800  103.010856     1.810      756.2     1787.4      440.6   5411.6   6062.2  11719.4 2023  1 14 13  2  8.100  3.0   2
     2338  27.001552  102.999032     1.130     -417.4     2978.7     -239.4   3738.3   3563.7   9366.0 2023  1 18  5 19 25.630  2.9   2
     2624  27.017550  102.965096     1.065    -3785.9     4751.3     -304.3   3675.4   7829.9  13170.7 2023  1 23  9 43 59.910  2.4   2
     2676  26.999829  102.993726     1.687     -944.7     2787.9      317.9   3953.9   2435.8   5467.5 2023  1 24  6  5  2.570  2.6   2
     3349  26.940171  103.059017     1.141     5538.6    -3822.3     -227.8   6910.4   3006.0   8199.8 2023  2  4 14 38  6.790  2.5   2
     4000  26.958405  102.963135     1.319    -3982.1    -1802.1      -50.4   9360.0   8229.4  12262.8 2023  2 16 12 50 49.270  2.5   2
     4111  26.951217  102.997428     2.089     -576.8    -2598.5      720.1  23335.2   5239.8  10141.2 2023  2 19  3  9 54.340  1.7   2
     4421  26.996012  102.973983     0.555    -2904.3     2365.1     -813.8   3750.8   3713.3  17728.1 2023  2 26  3 34 36.930  3.1   2
