        3  26.919177  102.842212    12.058    -9689.3    -3289.4     6064.5    141.0    176.9    121.0 2022  8 23 16 29 48.550  1.9   1
        4  27.233976  102.884880     0.593    -5444.5    31591.2    -5400.3    145.9     66.4    100.4 2022  8 24  0  4  1.570  2.7   1
       91  26.531982  103.169263    18.650    22829.2   -46191.6    12656.5     61.7     54.7     59.9 2022  8 31 10 53 13.050  2.7   1
      135  27.032947  103.117708    10.497    17661.8     9316.5     4503.7    149.7    155.3    212.2 2022  9  2 20 12 18.120  2.3   1
      141  26.538100  103.177401    19.686    23638.5   -45513.9    13692.9     61.0     55.7     59.2 2022  9  3  2 56 53.270  2.8   1
      144  26.593441  102.939535     4.334      -24.4   -39381.9    -1659.2    441.3    243.5    623.5 2022  9  3  9 16  5.250  3.6   1
      222  26.878402  102.777197    15.800   -16149.2    -7807.4     9806.5      0.0      0.0      0.0 2022  9  8 17 34 28.040  3.0   1
      257  27.037923  103.002686     2.437     6243.8     9867.9    -3556.2    229.7     69.6    106.1 2022  9 12  0 14 51.300  2.7   1
      269  27.238269  102.963363     1.484     2338.9    32066.8    -4508.7     49.3    124.5    125.1 2022  9 12 17 33 19.000 -0.5   1
      276  26.959922  103.004508     9.366     6427.1     1225.2     3372.8     46.4     44.1     96.3 2022  9 13  0 33 14.780  1.3   1
      371  27.215047  102.961255     1.727     2129.8    29493.8    -4266.3     32.2     24.9     36.6 2022  9 18  5 49 58.600  1.3   1
      392  26.921847  102.735091     5.443   -20327.5    -2993.8     -550.1     22.7     30.9     35.1 2022  9 19 21  5  7.620  2.8   1
      439  27.298484  103.015682     4.835     7526.0    38738.8    -1158.0     75.6    101.5    110.5 2022  9 24  1 45 33.660  2.9   1
      444  27.014874  102.765373     8.121   -17313.5     7314.0     2127.9    468.6    572.8    865.1 2022  9 24  7 41 55.320  2.6   1
      489  27.230273  102.962858     1.608     2288.9    31180.8    -4384.7     47.4    111.9    104.0 2022  9 27 19 23 18.840  0.0   1
      523  27.053642  102.848055     8.085    -9104.2    11609.6     2092.3    133.1     91.0    140.7 2022  9 29 17 23 38.880  2.1   1
      536  27.229431  102.962687     0.905     2271.6    31087.4    -5088.2     44.9     93.1    151.0 2022  9 30  9 49 58.940  1.2   1
      543  26.674919  103.099349     0.890    15864.3   -30353.9    -5103.5    241.6    125.2    243.7 2022  9 30 20 38 44.360  2.2   1
      563  27.304211  103.017236     5.396     7679.6    39373.3     -597.5     77.4     98.7    121.0 2022 10  2 12 44 16.360  2.3   1
      624  26.922323  102.997054     6.510     5688.2    -2940.8      516.8     18.8     23.1     20.8 2022 10  6 19 23 17.160  0.7   1
      663  26.543563  103.001042     3.747     6094.4   -44908.4    -2246.1     71.6    106.3     86.7 2022 10  9 11 37 14.950  2.2   1
      672  26.809469  102.900968    10.672    -3856.1   -15445.5     4678.8      3.8      2.6      3.3 2022 10 10  3 35  1.940  3.7   1
      811  26.538464  102.962394     5.555     2250.0   -45473.4     -438.1    187.3    153.1    390.2 2022 10 19 14 46 46.080  3.0   1
      830  27.219454  102.825838    11.635   -11300.5    29982.0     5641.8    268.0    432.3    250.7 2022 10 20 13 25 39.390  3.0   1
      839  26.745748  103.023201     9.173     8291.3   -22505.8     3179.7     46.3     44.1     35.9 2022 10 20 17 33 27.740  2.5   1
      903  27.209167  102.975578     1.206     3550.6    28842.2    -4787.2    239.8    100.8    264.6 2022 10 26  7 44 50.780  2.5   1
      959  26.930446  102.815153     4.634   -12376.7    -2040.9    -1359.5     51.1    149.6     84.9 2022 11  1  0 13 34.950  2.8   1
     1011  26.938906  102.881502     5.525    -5786.8    -1103.4     -468.4    432.8    605.9    403.5 2022 11  8 16 46  5.690  2.4   1
     1016  26.568746  103.072965     2.762    13247.7   -42118.1    -3230.7     22.2     14.2     16.5 2022 11  9  5 41  9.940  2.7   1
     1090  26.860785  103.104110     2.018    16324.8    -9759.4    -3974.9    486.4    579.5    619.0 2022 12 11  7  3 23.660  2.7   1
     1101  26.849921  103.094222     1.200    15342.7   -10963.4    -4793.5    430.0    845.9    809.5 2022 12 25 14 50 26.040  2.8   1
     1104  26.869916  102.903027     9.580    -3651.0    -8747.7     3587.4    144.2     70.9    164.7 2023  1  1  1  2 48.170  2.7   1
     1120  27.213613  102.960758     1.680     2080.5    29334.8    -4313.2     39.9     61.5     91.1 2023  1  1  8 59 58.740  1.1   1
     1148  26.919350  102.898975     9.363    -4052.2    -3270.2     3369.5    309.1    217.7    295.4 2023  1  1 17  9 12.760  2.5   1
     1150  26.927122  102.920980     7.687    -1866.7    -2409.1     1693.6    144.2    119.0    150.5 2023  1  1 17 54 31.060  2.5   1
     1172  26.904775  102.810677     4.184   -12822.3    -4885.2    -1809.0    104.7    108.4    172.8 2023  1  2  2 44 50.100  3.0   1
     1194  26.823248  102.942773    13.403      297.5   -13918.7     7409.5    161.4    191.5    178.9 2023  1  2 13 15 59.500  3.7   1
     1199  26.846025  102.920630    17.842    -1902.3   -11395.0    11848.9    137.5    113.2    135.6 2023  1  2 14 42 20.610  3.5   1
     1210  26.745424  102.902775    14.476    -3678.0   -22541.8     8483.0     51.7     56.1     37.5 2023  1  2 19 33 14.920  1.4   1
     1213  26.979822  102.898893     8.972    -4059.5     3430.1     2978.5     89.3    195.8     54.9 2023  1  2 20 38 12.040  2.4   1
     1214  26.984652  102.904004    19.819    -3552.0     3965.2    13825.8     25.2     29.3     67.9 2023  1  2 20 43 14.180  0.7   1
     1246  26.960073  103.004419     9.218     6418.3     1242.0     3224.6     46.5     44.4    100.0 2023  1  3  9 53 14.500  1.3   1
     1248  27.127568  102.853678    12.918    -8543.1    19800.8     6924.5    466.3    327.0    378.5 2023  1  3 10 35 16.200  2.6   1
     1269  26.530332  102.969710     4.641     2977.3   -46374.4    -1351.9    196.6    150.2    430.9 2023  1  3 17  5 17.760  3.4   1
     1270  27.094224  102.772046     2.382   -16644.8    16106.3    -3611.3     97.7     83.2    136.1 2023  1  3 17  7 56.840  2.8   1
     1280  26.913479  103.008993     6.403     6874.2    -3920.8      410.0     18.2     26.5     22.3 2023  1  3 18 37 22.120  2.0   1
     1304  27.115839  102.833626    12.917   -10533.1    18501.2     6923.5    344.2    275.9    325.4 2023  1  4  2 22 33.690  2.9   1
     1338  26.984760  102.902979    21.116    -3653.9     3977.1    15122.5     98.0     59.1    107.6 2023  1  4 16 33 13.890  0.9   1
     1350  26.849729  102.958854    13.908     1895.2   -10984.5     7914.5    224.8    261.1    159.6 2023  1  4 19 27 11.020  3.5   1
     1360  26.965881  102.928320     6.089    -1138.0     1885.6       96.4    243.8    219.5    242.3 2023  1  4 22 34  8.940  2.1   1
     1371  27.175041  102.809448     1.554   -12929.2    25060.9    -4438.7     20.9     20.1     32.9 2023  1  5  5  3  4.960  3.6   1
     1387  26.843903  102.948022     8.812      819.2   -11630.2     2819.0    212.6    179.5    166.9 2023  1  5 13 36 43.040  3.8   1
     1395  26.923232  102.912923     7.184    -2666.7    -2840.1     1190.5     94.0     72.3     89.8 2023  1  5 16 58 37.710  3.2   1
     1404  27.010433  102.815674     3.001   -12320.2     6822.0    -2991.6    241.4    345.3    401.9 2023  1  5 18 26 49.340  2.6   1
     1405  26.793182  102.975244    14.549     3523.9   -17249.9     8555.5     71.2     81.1    169.0 2023  1  5 18 48 23.160  3.0   1
     1406  26.980310  102.905648    19.642    -3388.7     3484.3    13649.1     43.3     66.6     51.1 2023  1  5 18 53 13.880  1.2   1
     1410  26.846501  102.946973     4.502      715.1   -11342.3    -1490.8     78.7    150.7    262.4 2023  1  5 19 19 20.860  2.6   1
     1411  26.921853  102.847673    10.779    -9147.2    -2992.9     4786.1    139.0    173.5    122.5 2023  1  5 19 20 31.660  2.4   1
     1412  26.850517  102.943685     4.276      388.3   -10897.3    -1716.9     60.8    135.3    259.7 2023  1  5 19 34 36.200  2.3   1
     1413  26.853237  102.921981    12.536    -1768.1   -10595.8     6542.9    235.7    136.3    152.2 2023  1  5 19 38 54.920  3.3   1
     1417  26.852521  102.914282    14.157    -2532.8   -10675.1     8163.8    181.0    125.1    133.1 2023  1  5 19 57 22.800  2.6   1
     1425  26.825513  102.959896    14.598     1998.4   -13667.6     8605.1    253.8    191.4    136.1 2023  1  5 21  4 48.560  3.5   1
     1428  26.830585  102.973063    16.926     3306.6   -13105.6    10933.0     91.2    124.4    133.5 2023  1  5 21 57 36.580  5.6   1
     1431  26.830039  102.950146    10.886     1029.8   -13166.1     4893.2    146.1    204.1    226.3 2023  1  5 22  4  9.800  4.9   1
     1432  26.866203  102.871558    11.190    -6776.5    -9159.2     5197.2     59.3    161.2    230.3 2023  1  5 22  8 18.040  2.8   1
     1433  26.835992  102.946533    11.156      670.9   -12506.5     5162.6    123.9    194.4    163.0 2023  1  5 22 15 54.360  2.9   1
     1436  26.823403  102.960539    14.113     2063.0   -13901.6     8120.2    199.6    143.0    176.8 2023  1  5 22 21  5.480  5.6   1
     1439  26.849801  103.000163    14.510     5998.8   -10976.6     8516.6    276.3    246.6    196.3 2023  1  5 22 43 29.800  5.2   1
     1440  26.828440  102.961239    13.508     2132.0   -13343.3     7515.0    144.6    131.7    138.0 2023  1  5 22 45 17.520  4.8   1
     1441  26.836782  102.960954    12.274     2103.9   -12419.1     6280.7    169.8    137.0    133.7 2023  1  5 22 47 20.320  3.1   1
     1442  26.809544  102.938590    16.991     -118.2   -15437.2    10997.5    178.5    130.6    186.2 2023  1  5 22 55 34.980  3.9   1
     1444  26.832581  102.962728    16.055     2279.9   -12884.7    10061.5    124.3    178.5    135.8 2023  1  5 23  2 29.760  3.2   1
     1445  26.832690  102.964543    11.822     2460.7   -12872.5     5829.3    153.9    144.0    135.5 2023  1  5 23  5 44.480  4.0   1
     1446  26.839001  102.955249    16.892     1536.7   -12173.2    10898.5    274.3    345.8    236.8 2023  1  5 23 11 18.480  3.4   1
     1448  26.819511  102.964681    14.836     2474.6   -14332.7     8843.1    153.8    145.3    115.0 2023  1  5 23 27 57.080  5.4   1
     1449  26.842910  102.970158     9.926     3017.8   -11740.1     3932.8     35.5     38.5     25.2 2023  1  5 23 33 36.320  3.2   1
     1450  26.812400  102.937199    15.669     -256.3   -15120.6     9675.6    181.6    126.4    173.5 2023  1  5 23 38 26.920  3.7   1
     1460  26.593966  103.019840     3.326     7962.7   -39323.7    -2667.0    101.8     98.4    103.7 2023  1  6  1 44  6.960  2.5   1
     1461  26.838944  102.923446    12.005    -1622.7   -12179.4     6011.7    209.3    127.0    127.6 2023  1  6  2  9 13.140  3.6   1
     1465  26.829913  102.966317    17.336     2636.9   -13180.2    11342.9    144.4    112.9    112.6 2023  1  6  2 50 22.410  5.9   1
     1467  26.833124  102.960799    11.916     2088.3   -12824.4     5923.2    162.3    194.4    129.7 2023  1  6  2 57  1.020  3.8   1
     1469  26.835246  102.953809    12.468     1394.1   -12589.3     6475.3    199.9    117.8    142.2 2023  1  6  3  0 59.270  3.6   1
     1470  26.827999  102.950496    13.393     1064.5   -13392.2     7399.9    132.4    124.5    161.9 2023  1  6  3 25  4.030  3.7   1
     1474  26.818909  102.952515    15.738     1265.7   -14399.6     9744.6    252.2    352.4    309.4 2023  1  6  3 41 32.280  3.4   1
     1479  26.832284  102.960954    14.224     2104.0   -12917.5     8231.4    161.1    201.9    178.0 2023  1  6  4 27 46.330  3.9   1
     1480  26.828044  102.975342    13.380     3533.2   -13387.3     7387.2    206.6    128.1    164.5 2023  1  6  4 51 23.310  3.7   1
     1489  26.809342  102.965967    12.380     2601.7   -15459.5     6387.0    221.9    249.7    209.5 2023  1  6  6  5 52.330  3.0   1
     1490  26.831942  102.961499    13.231     2157.8   -12955.5     7238.1    252.5    181.0    189.6 2023  1  6  6  8 33.500  3.0   1
     1491  26.857495  102.973104     8.851     3310.7   -10124.0     2857.8     35.3     37.5     28.0 2023  1  6  6 12 13.430  3.1   1
     1494  26.940462  102.844661    14.615    -9445.3     -930.9     8622.1    127.7     90.0     79.7 2023  1  6  7  0 26.850  3.4   1
     1496  26.832284  102.961605    13.732     2168.1   -12917.4     7738.8    202.8    129.9    125.5 2023  1  6  7 51  6.930  4.0   1
     1509  26.831942  102.979826    17.698     3978.9   -12955.3    11705.4    194.9    202.9    196.2 2023  1  6 11  5  1.410  3.2   1
     1510  26.970087  102.918424     8.836    -2120.0     2351.5     2842.9    142.6    199.5    145.0 2023  1  6 11 15 40.300  5.4   1
     1511  26.837773  102.958529    13.941     1862.7   -12309.2     7948.4    167.3    242.8    150.1 2023  1  6 11 24 59.760  3.7   1
     1520  26.835649  102.953092    14.047     1322.4   -12544.6     8053.7    196.3    197.2    212.0 2023  1  6 14 37 17.560  3.7   1
     1530  26.830509  102.943905    10.185      410.2   -13114.1     4191.6    287.4    199.1    279.9 2023  1  6 16 14 42.600  2.7   1
     1531  26.875881  102.930811     8.288     -891.0    -8086.8     2295.2    162.7    150.9    206.1 2023  1  6 16 35 36.810  2.5   1
     1546  26.874382  102.840584     3.777    -9853.0    -8253.0    -2215.6    186.4     85.9    189.0 2023  1  6 18 53 36.500  2.2   1
     1551  26.822664  102.952197    13.297     1234.2   -13983.4     7303.7    149.9    186.1    170.6 2023  1  6 20 36  5.420  3.7   1
     1558  26.829390  102.961995    13.181     2207.6   -13238.1     7187.8    131.4    145.6    104.8 2023  1  6 21 38 29.200  4.3   1
     1562  27.017686  102.834424     3.217   -10458.6     7625.6    -2775.9     71.3     75.2     91.4 2023  1  6 22 19 21.680  1.4   1
     1566  26.820579  103.023494    13.886     8318.0   -14214.3     7892.5    808.1    936.3    689.9 2023  1  6 23 10 13.040  3.2   1
     1584  26.927089  102.658757    13.594   -27908.6    -2412.8     7600.7    312.6    555.5    397.9 2023  1  7  5 10 35.680  2.9   1
     1597  26.896714  102.922770    11.773    -1689.1    -5778.5     5780.0     22.4     21.5     25.6 2023  1  7 11 13 16.360  1.4   1
     1598  26.837960  102.940837    15.504      104.9   -12288.5     9511.1    341.0    220.4    339.5 2023  1  7 11 38 45.550  3.3   1
     1607  26.962286  102.894360     8.836    -4509.5     1487.0     2842.6    504.7    281.2    383.2 2023  1  7 15 39 14.060  2.9   1
     1608  27.102218  102.879395    13.756    -5992.2    16992.0     7763.0    394.0    205.3    215.1 2023  1  7 15 40  8.830  4.2   1
     1610  26.809206  103.070524     4.885    12990.8   -15474.5    -1107.8    221.9    241.8    361.0 2023  1  7 16 25  3.150  1.9   1
     1611  26.835345  102.949715    14.221      986.8   -12578.2     8227.5    147.7    152.4    127.0 2023  1  7 16 37 55.380  2.6   1
     1620  26.804675  102.960767    12.597     2085.5   -15976.5     6604.4    170.8    238.7    192.2 2023  1  7 20 13  6.540  3.4   1
     1641  26.749072  102.858065    11.089    -8121.6   -22137.4     5096.4     48.3     28.7     39.1 2023  1  8  4 26  9.320  3.1   1
     1644  26.837317  102.941284    13.391      149.9   -12359.8     7398.4    303.2    250.0    262.0 2023  1  8  5 28 16.570  3.7   1
     1653  26.833411  102.952433    14.135     1257.6   -12792.6     8142.0    110.3    157.2     99.9 2023  1  8  9 21  3.240  3.7   1
     1662  26.827295  102.934831    12.442     -491.7   -13470.3     6449.0    332.7    264.9    345.5 2023  1  8 12 18 53.450  3.6   1
     1675  26.830440  102.957422    11.299     1752.8   -13121.7     5305.6    156.1    133.7    146.4 2023  1  8 17  5 43.960  3.1   1
     1678  26.679447  103.005575    14.834     6541.3   -29852.1     8840.9     92.8     32.4     26.4 2023  1  8 18  3 48.840  3.2   1
     1688  26.827258  102.962101    14.590     2218.0   -13474.4     8596.7    165.6    162.0    129.5 2023  1  8 20 59 20.120  3.0   1
     1690  26.999823  102.878117    16.236    -6121.8     5646.4    10243.1     62.2     71.3     59.7 2023  1  8 21 29 31.160  2.8   1
     1691  26.934212  102.858936    12.605    -8028.2    -1623.4     6611.6     50.3     60.8     41.5 2023  1  8 21 39 13.640  3.3   1
     1692  26.935394  102.870736    13.124    -6856.2    -1492.5     7131.0     50.7     62.1     42.6 2023  1  8 21 47 29.700  3.2   1
     1696  26.893337  102.924097    11.087    -1557.4    -6152.7     5094.0     22.2     21.6     26.2 2023  1  9  1  2 25.250  3.1   1
     1719  26.884226  102.933854     9.117     -588.9    -7162.2     3123.9    118.7    110.5    134.5 2023  1  9 16  6 17.470  3.2   1
     1720  26.877305  102.936825    10.856     -293.2    -7928.9     4862.7    174.2    177.1    192.6 2023  1  9 16 14 24.770  3.0   1
     1721  26.874536  102.937248     9.592     -251.6    -8235.8     3599.3    214.4    203.7    193.8 2023  1  9 16 39 28.720  3.0   1
     1722  26.871969  102.961442    14.988     2152.0    -8520.3     8994.9    136.3    148.2    121.6 2023  1  9 16 57 16.400  4.2   1
     1727  26.886135  102.962655    10.972     2272.5    -6950.5     4979.0    376.6    306.5    290.8 2023  1  9 19  8 37.980  2.9   1
     1730  26.860612  102.955933     7.249     1604.6    -9778.6     1256.2    159.5    138.6    197.2 2023  1  9 19 27 32.440  2.9   1
     1732  26.881303  102.951636    10.345     1178.0    -7486.1     4352.4    292.8    216.0    178.0 2023  1  9 20 35 17.380  4.9   1
     1733  26.879938  102.939779    11.107       -0.0    -7637.2     5114.3    201.4    193.4    140.6 2023  1  9 20 39 20.860  3.4   1
     1734  26.875930  102.935059     8.381     -469.1    -8081.4     2388.2    129.4    116.0    118.0 2023  1  9 21 45  5.440  3.0   1
     1737  26.884172  102.941121    10.842      133.7    -7168.2     4848.5    217.0    189.1    107.4 2023  1  9 22  7  4.500  3.6   1
     1738  26.887996  102.946745    12.083      691.8    -6744.3     6090.4    498.9    427.7    260.3 2023  1  9 22 12 25.440  3.7   1
     1742  27.041111  102.832357    11.416   -10662.6    10221.2     5422.8    300.5    222.0    258.8 2023  1  9 23 27  6.800  3.3   1
     1748  26.883152  102.937939     9.925     -182.5    -7281.1     3932.3    148.6    107.4    158.6 2023  1 10  1 44 54.780  2.7   1
     1770  26.870945  102.927962     8.299    -1173.7    -8633.7     2305.6    127.5    118.4    154.1 2023  1 10  9 51  7.700  3.4   1
     1772  27.242991  102.963599     1.806     2362.3    32589.9    -4187.0     66.4    131.3    132.0 2023  1 10 10 46 38.980  1.5   1
     1778  26.865666  102.955404    19.349     1552.5    -9218.6    13356.0    235.1    252.4    206.6 2023  1 10 13 34 23.820  3.4   1
     1779  26.849036  102.927498    11.284    -1219.6   -11061.4     5291.2    132.9     71.0    124.8 2023  1 10 13 36 48.280  3.4   1
     1781  26.824056  102.946826    10.933      700.6   -13829.1     4940.3    125.8    160.4    153.9 2023  1 10 15  7 20.700  2.9   1
     1783  26.852932  102.909741    15.751    -2984.1   -10629.7     9757.8    311.4    313.8    421.9 2023  1 10 15 13 25.930  3.7   1
     1785  26.849082  102.937549    11.602     -221.6   -11056.2     5609.2    171.0    148.0    196.9 2023  1 10 16 19 19.210  2.9   1
     1790  26.971004  102.921615     6.533    -1803.7     2453.1      540.1    254.3    216.2    223.7 2023  1 10 18 32 50.840  2.7   1
     1795  27.015090  102.791447     8.627   -14724.8     7337.8     2634.0     53.8     60.1     79.4 2023  1 10 20 13 13.680  0.7   1
     1810  26.837689  102.931421    15.559     -830.0   -12318.5     9566.4    379.2    272.6    243.9 2023  1 11  0  7 17.780  3.6   1
     1812  26.949013  102.911174     8.851    -2840.4       16.4     2857.8    383.0    252.6    186.0 2023  1 11  0 36  5.800  2.7   1
     1820  26.875612  102.931112     7.494     -860.9    -8116.5     1500.5    110.2    179.7    337.5 2023  1 11  4 17  3.990  2.8   1
     1823  27.108645  102.846899    14.956    -9216.6    17704.0     8963.1    131.1     81.8    103.6 2023  1 11  4 48 26.140  4.3   1
     1825  26.949803  103.015259    10.637     7494.8      104.0     4643.8     86.4     80.6    128.5 2023  1 11  5 46 50.880  3.1   1
     1846  26.875808  102.928971    11.859    -1073.7    -8094.9     5866.1    179.3    200.4    180.7 2023  1 11 12 40 18.140  3.3   1
     1847  27.100808  102.867977    13.211    -7125.5    16835.6     7218.2    271.3    155.7    216.4 2023  1 11 12 47 56.460  2.5   1
     1855  26.884519  102.941951    10.600      215.4    -7129.6     4607.2    190.6    170.4     93.1 2023  1 11 15 39  2.760  3.5   1
     1862  26.890479  102.948722     9.983      888.0    -6469.3     3989.7    266.8    211.1    180.2 2023  1 11 18 31 49.400  3.0   1
     1868  26.876898  102.959611    20.012     1970.4    -7974.1    14019.5    236.7    304.2    174.7 2023  1 11 20 35 25.940  2.9   1
     1898  27.114126  102.825545    13.486   -11334.9    18311.3     7492.6    277.3    139.4    140.1 2023  1 12 11  0 25.500  4.2   1
     1918  26.976687  102.788778    14.842   -14992.8     3082.7     8849.1     49.6    187.9     48.7 2023  1 12 19 47 23.600  2.7   1
     1923  27.113780  102.828752    14.219   -11016.9    18273.0     8226.0    107.0     54.2     51.9 2023  1 12 21 27 16.860  4.8   1
     1924  27.119938  102.824406    12.492   -11448.2    18955.3     6499.0    140.1     71.7     88.4 2023  1 12 22 30 23.240  3.9   1
     1926  27.104655  102.841203    14.921    -9781.7    17261.9     8928.1    215.5    128.9    141.5 2023  1 12 22 45 29.160  3.7   1
     1928  27.099479  102.872965    13.026    -6630.5    16688.4     7032.5    254.0    173.2    204.1 2023  1 13  0  2  4.850  3.5   1
     1934  27.107332  102.865910    12.216    -7329.9    17558.6     6222.8    304.2    204.4    218.3 2023  1 13  1 42 41.480  3.2   1
     1941  26.827254  102.977002    10.935     3697.9   -13474.8     4941.9     95.8     61.1    133.0 2023  1 13  5 13  5.790  3.6   1
     1947  27.112555  102.832894    14.388   -10605.7    18137.3     8395.4    117.5     53.0    107.0 2023  1 13  9 37 46.380  2.8   1
     1948  27.118079  102.852254    14.310    -8684.6    18749.3     8317.0    297.7    251.9    213.8 2023  1 13  9 48 48.310  3.4   1
     1957  27.116913  102.826546    10.525   -11236.0    18620.2     4532.0    154.5     65.9    134.4 2023  1 13 11 23 47.790  3.1   1
     1965  27.104041  102.817326    12.958   -12151.0    17193.9     6965.3    310.7    167.6    140.8 2023  1 13 13 55 47.290  3.4   1
     1983  27.102848  102.873372    12.776    -6589.9    17061.7     6783.0    294.9    165.6    201.5 2023  1 13 18 44 10.720  3.2   1
     1999  26.794220  102.973991    14.112     3399.7   -17135.0     8119.1     70.4     80.5    169.0 2023  1 14  2  9 10.410  3.6   1
     2002  26.779641  102.983203    15.793     4315.3   -18750.5     9799.7    197.0    311.9    188.2 2023  1 14  2 13 49.160  3.6   1
     2008  26.861001  102.839355     4.408    -9976.1    -9735.6    -1584.6    193.6     86.1    175.3 2023  1 14  5 22 43.770  2.9   1
     2014  26.882359  102.924080     9.267    -1559.1    -7369.0     3274.4    157.3    147.7    180.3 2023  1 14  8 57 20.990  2.8   1
     2031  26.857619  102.899349    11.455    -4016.4   -10110.3     5462.4    103.6    159.5    179.5 2023  1 14 14 35  3.700  3.0   1
     2040  26.927376  102.752702     5.603   -18578.5    -2381.1     -390.0     22.8     31.7     33.9 2023  1 14 16  0 25.770  2.5   1
     2044  26.939612  102.908325     6.591    -3123.5    -1025.3      597.6    361.3    266.6    295.7 2023  1 14 16 43 43.950  2.8   1
     2045  26.933927  102.867757     8.697    -7152.0    -1655.0     2703.8    357.2    293.3    238.4 2023  1 14 17  1 56.200  2.9   1
     2056  27.066616  102.844735     5.847    -9432.7    13047.2     -146.4    126.8    189.7    249.6 2023  1 14 21 23 21.280  2.7   1
     2057  26.955322  102.920296     8.198    -1934.3      715.5     2204.5    303.0    228.6    204.5 2023  1 14 21 31 33.240  2.7   1
     2063  27.107499  102.824715    10.464   -11418.1    17577.2     4471.1    116.7     62.5     68.0 2023  1 14 23 36 57.880  3.7   1
     2077  27.069393  103.136751    12.953    19548.7    13354.8     6960.2     35.8     19.0     66.3 2023  1 15  3  5 26.790  3.6   1
     2081  27.126357  102.802824     1.055   -13588.9    19666.5    -4938.5    137.7    134.9    268.5 2023  1 15  4 24 51.860  3.0   1
     2084  27.049471  102.990568     2.898     5041.6    11147.4    -3094.6    211.8     70.9    107.5 2023  1 15  5 40 13.010  2.7   1
     2093  26.683795  103.089754     1.276    14909.9   -29370.4    -4716.7    161.2    115.1    312.0 2023  1 15  8 44 35.800  2.4   1
     2119  27.108221  102.843416    14.287    -9561.8    17657.2     8293.5    102.9     75.4     94.6 2023  1 15 17 11  5.080  3.8   1
     2121  26.905766  102.818962     4.898   -11999.7    -4775.5    -1095.0    107.5    108.2    150.2 2023  1 15 17 27 46.360  2.8   1
     2131  26.803369  103.055916     3.918    11539.9   -16121.3    -2074.9    226.2    227.8    558.3 2023  1 15 20  8 42.660  2.1   1
     2149  26.914313  103.120085     2.181    17907.1    -3828.5    -3812.4     71.7     74.2    125.5 2023  1 15 23 45 28.480  3.5   1
     2153  26.837630  102.955705    12.978     1582.4   -12325.0     6985.1    167.2    171.9    135.1 2023  1 16  2 13 26.450  3.6   1
     2157  27.169163  102.816992     1.644   -12180.9    24409.5    -4348.6     21.6     19.8     32.9 2023  1 16  3 47 40.300  3.3   1
     2173  26.853467  102.954883    11.433     1500.6   -10570.3     5440.2    213.2     86.4    149.1 2023  1 16  8 53 26.520  3.6   1
     2175  26.846948  102.964152    14.682     2421.7   -11292.6     8688.7    167.8    101.7    183.7 2023  1 16  8 58 50.730  3.3   1
     2195  26.839768  102.977116    12.903     3709.1   -12088.1     6909.7    114.8     97.2    155.4 2023  1 16 16  3 18.920  3.4   1
     2198  26.975391  102.923511     8.377    -1615.5     2939.2     2383.6    193.4    131.1    143.4 2023  1 16 16 16 44.450  3.2   1
     2199  26.972703  102.943506     9.084      370.2     2641.4     3090.6    216.3    197.9    180.0 2023  1 16 16 20  5.830  3.0   1
     2215  26.474856  102.982194     5.740     4220.5   -52521.5     -252.6    283.2    235.8    369.3 2023  1 16 19 35 29.480  2.0   1
     2219  26.985020  102.825798     7.565   -11316.7     4006.0     1571.9    194.3    266.1    201.1 2023  1 16 21  1 28.460  2.8   1
     2230  26.934542  103.056836    10.591    11624.4    -1587.1     4597.6    237.1    206.8    212.6 2023  1 16 23  4  7.160  2.5   1
     2231  26.583669  102.944312     4.043      450.5   -40464.8    -1950.0    471.5    241.6    713.5 2023  1 16 23 51 20.800  2.3   1
     2255  27.161039  103.116984    14.523    17579.8    23509.6     8529.5    349.2    385.0    318.3 2023  1 17  9 14 52.110  3.4   1
     2259  26.920451  103.063029    10.329    12240.4    -3148.4     4336.3    236.1    214.5    205.6 2023  1 17 10  7  6.440  2.6   1
     2276  27.025326  102.768481     6.901   -17003.8     8472.0      908.0    469.6    539.7    861.6 2023  1 17 14 35 43.370  3.3   1
     2294  27.124691  102.803735     2.078   -13498.6    19482.1    -3914.6    151.2    111.7    250.8 2023  1 17 18 47 54.980  3.6   1
     2305  27.046779  102.843880     7.400    -9518.4    10849.1     1406.6    143.0     99.8    218.3 2023  1 17 20 43 35.940  3.1   1
     2306  26.929183  102.921899    12.609    -1775.6    -2180.8     6615.5    196.0    182.4    131.2 2023  1 17 20 57  4.440  2.7   1
     2327  26.817578  103.025757    29.785     8542.9   -14547.0    23791.7    651.5    497.1    364.9 2023  1 18  1 23 41.130  3.2   1
     2339  27.102869  102.794759     1.063   -14390.9    17064.0    -4929.7     56.2     36.3     33.8 2023  1 18  6 11 30.060  3.3   1
     2348  26.991001  102.882682     5.120    -5668.6     4669.0     -873.1     10.8      6.7      2.5 2023  1 18  7 22 51.730  3.2   1
     2385  27.038029  102.819629    12.583   -11926.2     9879.6     6590.0    288.1    223.3    247.4 2023  1 18 21 12 59.400  3.2   1
     2402  26.904390  103.126522     2.714    18546.9    -4927.9    -3278.6     72.1     75.9    141.2 2023  1 19  3 45  0.380  2.3   1
     2438  27.099111  102.999593     3.655     5936.0    16647.7    -2338.4    108.2     80.2    156.3 2023  1 19 17 24 12.840  2.9   1
     2443  26.571277  103.045939    12.928    10559.0   -41837.6     6935.7    130.5    135.8    147.4 2023  1 19 18 37 36.240  3.7   1
     2447  26.860339  102.932975    11.538     -675.9    -9808.8     5545.1    175.9    158.6    135.9 2023  1 19 22  6 22.960  3.6   1
     2451  26.860207  102.935311    11.740     -443.8    -9823.5     5746.6    246.4    179.8    223.8 2023  1 19 22 42 21.840  3.2   1
     2463  26.984668  102.820223    14.027   -11870.1     3967.1     8034.1    326.1    283.0    269.0 2023  1 20  8 24  0.370  3.4   1
     2468  27.044253  102.846354     7.630    -9272.8    10569.2     1637.1    142.2    100.7    151.7 2023  1 20 14 49 58.820  3.6   1
     2473  27.000293  102.826514     7.535   -11244.3     5698.5     1541.7    198.2    247.7    204.3 2023  1 20 16 10 14.250  2.5   1
     2476  26.953420  102.893896     8.218    -4555.8      504.8     2224.9    291.6    132.8    196.5 2023  1 20 16 16 38.180  3.5   1
     2490  27.113826  102.827637    14.651   -11127.2    18278.2     8657.7    129.5     60.0     87.0 2023  1 20 19  7 17.640  3.4   1
     2499  26.745194  102.901831    14.439    -3771.4   -22567.1     8446.2     24.8     49.5     56.9 2023  1 20 20 43 15.000  1.3   1
     2510  27.037500  102.815967    14.410   -12289.7     9821.1     8416.7    301.7    208.8    262.3 2023  1 20 22 18 27.080  4.1   1
     2537  26.982869  102.798706    14.476   -14006.6     3767.8     8483.4     80.3     71.7     63.0 2023  1 21 19 43 34.100  3.3   1
     2543  26.983911  102.845296    14.451    -9380.3     3883.2     8457.5    202.3    151.2    179.9 2023  1 21 23 20 39.120  2.4   1
     2544  27.121558  102.820907     2.812   -11795.4    19134.8    -3181.0    359.1    405.4    846.6 2023  1 21 23 20 59.640  2.4   1
     2576  26.839943  102.912573    13.104    -2702.7   -12068.9     7110.5    177.4    140.9    141.7 2023  1 22 14 38 34.180  3.1   1
     2595  26.924095  102.935889    11.963     -386.0    -2744.5     5969.9    176.6    176.3    136.3 2023  1 22 20 25 59.880  2.7   1
     2608  27.126042  102.791512    10.352   -14711.1    19631.6     4358.5    131.6     53.0     95.6 2023  1 22 23 57 49.340  3.1   1
     2630  27.062547  103.127327    11.726    18613.9    12596.3     5732.7     37.3     17.7     66.8 2023  1 23 13 50 46.020  3.2   1
     2634  27.119210  102.838249     2.137   -10074.7    18874.8    -3856.1    309.6    133.5    244.4 2023  1 23 15 42 11.250  2.8   1
     2654  27.102525  102.858073    14.995    -8108.1    17025.9     9001.7    235.3    155.7    171.6 2023  1 23 21 54 10.300  4.3   1
     2662  27.118420  102.797144     3.617   -14153.3    18787.1    -2376.3    260.2    234.2    582.2 2023  1 24  0 35 17.620  2.5   1
     2672  27.047473  103.067057     5.971    12632.9    10926.0      -21.6    339.0    186.4    594.4 2023  1 24  3 57  8.160  2.7   1
     2674  27.115820  102.817399    10.985   -12143.5    18499.1     4992.1    170.5     82.8    172.2 2023  1 24  5 27  3.620  3.5   1
     2700  26.976194  102.927515     9.233    -1217.6     3028.2     3240.1    133.4    119.0    108.3 2023  1 24 17  6 42.280  4.3   1
     2703  26.842273  102.931079    13.761     -864.5   -11810.5     7767.7    213.2    165.1    117.0 2023  1 24 18 28 40.720  5.3   1
     2705  26.842871  102.935286     9.711     -446.3   -11744.3     3717.9    106.1    113.1    123.1 2023  1 24 18 39  8.100  3.5   1
     2706  26.840531  102.940739    13.332       95.0   -12003.5     7339.1    215.1    130.2    184.5 2023  1 24 19  2 19.360  4.5   1
     2720  26.492289  102.981974     9.720     4198.7   -50589.7     3726.5     39.6     71.9     74.8 2023  1 24 23 44 49.420  3.2   1
     2729  26.869716  102.909424    15.724    -3015.6    -8769.9     9731.4    323.4    251.5    261.7 2023  1 25  2 54 46.450  3.1   1
     2735  26.919836  102.932324     6.272     -740.0    -3216.5      279.3    103.1     96.9    114.7 2023  1 25  7  1 11.130  2.1   1
     2747  27.220396  102.961938     1.975     2197.5    30086.4    -4018.2     28.0     68.4     88.9 2023  1 25 12 43 18.710  0.7   1
     2748  26.970197  102.918473     8.913    -2115.5     2363.6     2920.2     97.9     94.6     97.7 2023  1 25 12 51 58.640  3.5   1
     2751  26.976341  102.924113     9.603    -1555.1     3044.4     3609.5    108.3    108.7     95.3 2023  1 25 14  8 38.810  3.4   1
     2754  26.501976  102.995923    10.094     5585.9   -49516.6     4101.4     43.1     74.3     66.1 2023  1 25 14 54 48.050  3.8   1
     2756  26.950513  102.914062     7.363    -2553.4      182.6     1369.8    375.2    240.6    221.0 2023  1 25 15 29  8.450  3.3   1
     2764  26.980951  102.900358     1.565    -3914.0     3555.1    -4428.2    231.9    574.0    338.0 2023  1 25 17 53 40.760  0.9   1
     2790  26.716170  103.010604    11.472     7040.3   -25783.1     5478.6     52.3     55.2     81.6 2023  1 25 22 18 21.720  4.1   1
     2804  26.743410  102.901562    14.599    -3798.3   -22764.9     8605.8     39.7     71.3     58.5 2023  1 25 23 33 14.880  3.5   1
     2823  26.984548  102.904045    19.547    -3547.7     3953.9    13554.4     18.9     19.1     82.7 2023  1 26  8 13 13.850  1.8   1
     2826  26.996816  102.817627    14.566   -12127.0     5313.2     8572.6    332.1    298.6    269.7 2023  1 26  8 57 51.390  3.5   1
     2827  27.178839  102.813037     7.670   -12572.4    25481.7     1677.1     94.2    147.3    229.9 2023  1 26  9  1 50.390  4.0   1
     2868  26.860411  102.940397    11.525       61.4    -9801.0     5531.7    388.8    301.7    231.9 2023  1 27  3  4  5.290  3.2   1
     2873  26.958923  103.006169    10.987     6592.4     1114.4     4993.7     82.6     74.3    118.0 2023  1 27  6  3 14.460  1.4   1
     2876  26.861269  102.976660    13.084     3663.7    -9705.9     7091.1    221.6    164.1    181.3 2023  1 27  6 13 52.750  3.3   1
     2877  26.683606  103.011515    14.731     7131.7   -29391.3     8738.2     92.3     33.2     35.4 2023  1 27  6 25 49.430  3.5   1
     2889  26.988493  102.837606    13.104   -10143.7     4390.9     7111.3     98.5     59.6     62.4 2023  1 27 10 58 34.340  3.6   1
     2893  27.196230  102.955802     7.006     1589.4    27408.7     1013.4    248.0    175.5    179.3 2023  1 27 11 32  3.620  2.5   1
     2895  26.982320  102.901188     9.820    -3831.4     3707.0     3826.9     90.2    247.3     54.8 2023  1 27 12  9 22.740  3.3   1
     2898  26.978149  102.932503     9.369     -722.6     3244.8     3375.8    154.8    143.1    115.3 2023  1 27 13 50 19.660  3.3   1
     2904  26.993394  102.832902    13.400   -10610.9     4934.0     7407.3     96.1     57.3     57.9 2023  1 27 15 33 31.920  3.2   1
     2922  27.114528  102.848828     8.752    -9024.9    18356.0     2758.5    207.7    136.3    201.5 2023  1 27 20 21  5.380  3.1   1
     2929  27.043748  102.765267    14.179   -17321.4    10513.3     8185.6    171.3    136.6    165.8 2023  1 27 23 50 57.520  3.2   1
     2936  26.821934  102.971183    14.889     3120.0   -14064.3     8896.1    169.4    181.0    160.1 2023  1 28  2  0 52.420  3.3   1
     2956  26.881647  102.872144    10.088    -6718.1    -7447.8     4095.2    100.3    113.0     74.0 2023  1 28 10 40 14.790  2.7   1
     2958  26.981714  102.790796    14.606   -14792.1     3639.7     8613.3     70.1     71.0     58.9 2023  1 28 11 46 10.310  3.4   1
     2964  26.923598  102.903361     6.663    -3616.6    -2799.7      670.0    137.8     94.3     93.0 2023  1 28 12 13 23.580  3.3   1
     2970  27.024941  102.824276    14.155   -11465.5     8429.5     8162.3    104.0    105.7     98.3 2023  1 28 16 10 17.490  3.4   1
     2982  26.936369  102.886515    10.907    -5289.5    -1384.6     4913.5    329.2    260.2    136.8 2023  1 28 19 57 32.200  3.4   1
     3022  26.710791  103.025667    11.275     8537.6   -26379.1     5282.2     58.2     51.3     83.4 2023  1 29 13 41  6.720  3.2   1
     3042  27.099843  102.770850     4.419   -16763.3    16728.8    -1573.6     58.7     47.1     63.2 2023  1 29 20 41  5.560  1.4   1
     3045  26.877256  102.966927    15.571     2696.6    -7934.4     9577.5    106.3    106.1    147.0 2023  1 29 22 13  6.640  3.5   1
     3047  26.862681  102.940747     8.653       96.0    -9549.3     2660.1     87.9     83.9    109.5 2023  1 29 22 51 44.600  3.2   1
     3073  26.834680  102.942114     9.461      232.2   -12651.9     3468.0    112.8    103.8    158.4 2023  1 30 12  1 48.770  3.0   1
     3077  26.853874  102.949113    14.937      926.9   -10525.2     8943.8    387.7    375.1    406.9 2023  1 30 12 26 51.580  3.5   1
     3095  26.947459  102.830648    14.301   -10837.1     -155.8     8308.1    103.1     90.7     83.4 2023  1 30 21 27  4.160  3.8   1
     3101  26.858919  102.968197     6.798     2822.9    -9966.3      805.3    244.8    176.0    240.6 2023  1 30 23 34 55.420  2.2   1
     3113  27.160533  103.108415    14.563    16729.6    23453.3     8570.0    362.5    383.7    317.4 2023  1 31  7  0 35.670  3.4   1
     3136  26.619767  103.008936    12.229     6876.8   -36465.0     6235.7    189.5    134.6    145.4 2023  1 31 16 27 59.290  3.8   1
     3140  26.882688  102.923885     8.297    -1578.9    -7332.6     2303.6    137.2    117.6    152.3 2023  1 31 17  3 23.640  3.8   1
     3152  27.021295  102.942725     4.306      292.1     8025.6    -1687.3     83.3     86.9    101.7 2023  1 31 19 52 21.760  2.3   1
     3153  26.927816  102.909692     8.675    -2988.0    -2332.3     2682.2    117.3    135.6    162.6 2023  1 31 20 31 50.780  2.5   1
     3156  26.951255  102.913403    10.262    -2619.0      264.8     4268.7    281.5    350.7    180.3 2023  1 31 21 28 23.660  2.7   1
     3161  26.929714  102.917822     8.089    -2180.2    -2122.1     2095.9    166.1    126.9    176.1 2023  1 31 22 23 52.560  2.7   1
     3178  26.944946  102.896582     7.785    -4289.7     -434.2     1791.7    438.4    240.4    229.3 2023  2  1  8 53 40.230  3.3   1
     3199  27.013064  102.812109     6.421   -12674.1     7113.4      427.5    199.7    179.8    202.0 2023  2  1 19 32 33.220  2.8   1
     3200  27.057373  102.866455     5.864    -7277.7    12023.1     -128.7    316.1    194.7    348.2 2023  2  1 20  5  3.440  3.0   1
     3205  26.991817  102.884318     3.752    -5506.1     4759.3    -2241.1      9.7      6.4      3.1 2023  2  1 21 43 10.840  1.7   1
     3219  26.978038  102.955192     6.467     1530.5     3232.5      473.5    383.6    410.9    341.1 2023  2  2  4 41  3.020  2.7   1
     3256  27.091250  102.770662     3.967   -16783.1    15776.5    -2026.1     56.7     48.8     65.0 2023  2  2 18 28 39.720  2.2   1
     3257  27.032823  103.069466     4.934    12873.5     9302.7    -1058.8    332.4    186.3    338.6 2023  2  2 18 33 15.720  1.0   1
     3264  26.950177  102.893148    11.537    -4630.2      145.3     5544.2    381.5    224.1    305.8 2023  2  2 20 27  4.280  2.9   1
     3291  27.108512  102.843848     8.493    -9518.9    17689.4     2499.5    157.8     83.7    106.9 2023  2  3  9 59 32.770  3.5   1
     3310  27.025916  102.832088    15.301   -10689.9     8537.5     9307.8    121.7    105.2     95.8 2023  2  3 20 44 11.440  1.8   1
     3335  27.235354  102.900863     1.658    -3859.4    31743.8    -4334.9     90.2     76.7     54.1 2023  2  4  9 55  4.260  2.1   1
     3336  27.167371  103.120964    13.220    17974.7    24211.0     7227.2    121.3    101.7    170.6 2023  2  4 10 29 17.550  4.6   1
     3356  26.978021  102.906356     1.138    -3318.3     3230.6    -4855.2    226.7    472.9    418.2 2023  2  4 16 28 44.010  2.2   1
     3365  26.954785  102.944694     9.376      488.5      656.0     3383.3    313.1    452.4    248.7 2023  2  4 19 34  7.760  2.5   1
     3366  26.982174  102.911906    20.142    -2767.6     3690.6    14148.8    166.3     99.3     36.8 2023  2  4 20  3 14.540  1.6   1
     3367  26.847695  102.947583    13.522      775.5   -11209.8     7529.2    212.2    177.5    153.5 2023  2  4 20  7 36.480  2.5   1
     3395  26.988867  102.770947    11.997   -16762.4     4432.3     6003.6     32.1     28.8     30.7 2023  2  5 12 41 57.150  3.3   1
     3396  27.010449  102.881608     6.760    -5774.9     6823.8      767.2    256.2    599.3    452.9 2023  2  5 13 31  8.540  2.5   1
     3405  26.986281  102.884074    15.958    -5530.3     4145.9     9965.2     55.7     73.7     58.0 2023  2  5 20 21 55.300  2.4   1
     3419  26.967965  102.921077    10.059    -1857.3     2116.4     4066.1     97.0    119.2    129.7 2023  2  6  1 12 27.600  4.9   1
     3421  26.991585  102.948446     5.800      860.1     4733.5     -193.2    301.9    291.0    273.0 2023  2  6  1 43 57.790  3.2   1
     3423  27.017413  102.935417     4.676     -433.1     7595.4    -1316.7     83.3     89.1     94.3 2023  2  6  2 11 43.840  2.9   1
     3434  26.967527  102.917847    10.358    -2177.7     2068.0     4365.4    101.5    136.8    113.3 2023  2  6  8 30 31.150  4.5   1
     3437  27.025450  103.116626    11.035    17555.2     8485.8     5042.4    148.9    157.2    204.3 2023  2  6 11 44 13.880  1.6   1
     3478  26.743154  102.858390    12.822    -8089.4   -22793.3     6829.2     49.9     29.1     37.1 2023  2  7  0 34 55.370  2.5   1
     3497  26.577077  103.060246    11.270    11981.6   -41195.1     5277.2    130.9    111.6    121.7 2023  2  7 12 22 33.570  3.9   1
     3499  26.568197  103.059912    11.282    11949.5   -42179.1     5289.3    113.0    114.3    126.9 2023  2  7 12 51 49.860  3.6   1
     3506  26.978156  102.937069     6.137     -268.7     3245.4      143.8    273.1    301.2    254.3 2023  2  7 14 24 46.020  2.7   1
     3521  26.572335  103.056942    11.693    11653.3   -41720.6     5699.7    113.5    102.3    109.0 2023  2  7 18 46 48.700  4.0   1
     3533  27.103623  102.859351    13.984    -7981.3    17147.7     7991.3    200.9    131.9    126.7 2023  2  7 22 51 25.800  4.0   1
     3558  27.010805  102.870166     6.659    -6910.7     6863.1      665.5    257.5    584.0    436.9 2023  2  8 12  8 20.810  3.0   1
     3564  27.106588  102.800578     2.487   -13812.8    17476.1    -3505.8     57.9     36.9     79.4 2023  2  8 16 55 27.230  2.5   1
     3603  26.928971  102.923470     8.924    -1619.4    -2204.4     2930.8    276.7    258.8    187.1 2023  2  9 17 12 51.860  1.9   1
     3621  26.981368  102.898698     4.168    -4079.0     3601.4    -1825.3    177.9    106.4    192.1 2023  2  9 22 14 15.300  2.2   1
     3626  26.877474  102.930135     5.010     -957.6    -7910.3     -983.5    204.4    235.8    273.5 2023  2  9 23 58 10.260  3.0   1
     3641  26.829626  102.958146    12.427     1824.5   -13211.9     6433.6    295.5    188.7    250.0 2023  2 10  3 51 17.800  3.1   1
     3643  26.868561  102.940674     5.989       89.1    -8897.9       -4.2    189.7    185.0    353.8 2023  2 10  4 12 31.530  3.3   1
     3658  27.037927  102.765820    12.098   -17267.2     9868.4     6104.8    200.7    145.5    244.4 2023  2 10 11 42 25.830  3.6   1
     3661  26.964587  102.923413     7.888    -1625.2     1742.1     1894.5    246.1    137.0    123.7 2023  2 10 13 44 34.240  3.2   1
     3676  26.864821  102.942017     4.158      222.2    -9312.3    -1834.8    128.0    190.1    414.9 2023  2 10 18  5 36.080  2.7   1
     3677  26.987744  102.764119    12.783   -17440.3     4307.9     6790.1     31.4     28.1     29.7 2023  2 10 18 13 48.420  2.2   1
     3679  26.823061  102.963135    11.792     2320.8   -13939.5     5799.0    245.7    299.8    261.6 2023  2 10 18 51 51.000  2.9   1
     3681  26.821499  102.954207    15.909     1433.7   -14112.6     9915.8    145.4    215.7    163.7 2023  2 10 18 59 17.160  3.7   1
     3682  26.849988  103.000456    14.778     6027.6   -10955.8     8785.1    259.8    263.0    194.1 2023  2 10 20  1 54.320  2.5   1
     3689  26.811782  102.983203    14.728     4314.3   -15189.2     8734.7    233.2    332.9    211.7 2023  2 10 21 25 36.460  3.2   1
     3694  26.834981  102.959619    16.880     1971.1   -12618.5    10886.9    179.6    267.2    184.5 2023  2 10 22 52 55.800  3.0   1
     3696  26.814821  102.959416    12.354     1950.8   -14852.3     6361.2    216.3    247.4    255.5 2023  2 10 23 21 27.120  3.0   1
     3697  27.004325  102.812337     5.593   -12651.8     6145.2     -400.4    115.4    136.0    119.3 2023  2 10 23 27 25.760  2.8   1
     3703  26.927504  102.896932    10.499    -4254.7    -2366.8     4506.2    359.5    231.6    141.1 2023  2 11  0 34 33.290  3.9   1
     3721  27.127136  102.855225    11.030    -8390.0    19753.0     5037.1    134.5     73.3    193.8 2023  2 11  8 41  3.690  2.8   1
     3737  27.016752  102.836499     3.748   -10252.3     7522.1    -2244.6     73.3     76.9     61.4 2023  2 11 12 38 24.070  3.2   1
     3744  26.868424  102.940942     6.821      115.8    -8913.0      828.3    191.2    187.3    303.2 2023  2 11 15  5 42.430  2.9   1
     3786  27.180296  102.836816     7.684   -10213.5    25643.3     1690.9     94.4     75.3    116.9 2023  2 12  3 32 54.620  4.6   1
     3787  27.007314  102.811418     4.889   -12742.9     6476.3    -1104.2    173.2    240.7    129.7 2023  2 12  3 34  5.200  4.2   1
     3788  26.845345  102.954028    13.076     1415.3   -11470.3     7083.4    150.6    217.5    150.8 2023  2 12  3 36 55.170  3.0   1
     3810  26.841176  102.765299     4.265   -17334.0   -11932.1    -1728.2     66.8     32.3     65.2 2023  2 12  9 16 52.860  2.7   1
     3830  26.874103  102.929150    15.634    -1055.5    -8283.9     9640.6    190.3    144.8    225.0 2023  2 12 15 24 31.290  3.6   1
     3868  26.867442  102.924178    12.234    -1549.9    -9022.0     6240.9    163.0    209.0    159.2 2023  2 13  3 57 56.990  3.5   1
     3890  26.477942  102.976058     5.535     3609.7   -52179.4     -458.4    271.2    240.1    382.4 2023  2 13 12 44 44.880  3.3   1
     3906  26.831063  102.758146     2.913   -18045.4   -13052.7    -3079.8     57.2     32.1     95.9 2023  2 13 19 30 15.820  1.4   1
     3943  26.879161  102.970841    14.168     3085.1    -7723.4     8174.6     87.8     63.5    187.3 2023  2 14 21 11 56.760  3.0   1
     3948  27.118101  102.811035    13.277   -12774.7    18751.9     7284.2    276.5    150.0    149.8 2023  2 14 23  2 21.120  3.0   1
     3954  26.974788  102.850033    13.698    -8911.0     2872.3     7705.2    157.4    217.6    185.2 2023  2 15  2 44 14.520  3.0   1
     3964  27.101036  102.853532    12.377    -8558.9    16860.9     6383.8    588.4    250.1    464.3 2023  2 15 10 22 17.840  3.4   1
     3970  27.114852  102.819816     9.431   -11903.9    18391.8     3438.0    148.5     75.2    144.4 2023  2 15 11 38  6.520  3.0   1
     3973  26.964573  102.909375     8.085    -3018.6     1740.5     2091.8    376.3    359.7    246.4 2023  2 15 14 54  0.720  2.3   1
     3976  27.109930  102.839591     7.997    -9941.8    17846.5     2004.3    123.0     77.7    107.2 2023  2 15 15 17 29.780  2.8   1
     3977  26.843178  102.969840    11.648     2986.5   -11710.3     5654.9    409.1    324.6    433.5 2023  2 15 16  9 19.260  4.2   1
     3983  26.834157  102.970264    16.865     3028.7   -12709.8    10872.1    115.7     81.3    106.6 2023  2 15 20 50 46.760  2.9   1
     4024  27.120778  102.817367     1.349   -12146.2    19048.6    -4644.1    306.8    254.7    862.8 2023  2 17  0 14 51.630  3.4   1
     4041  26.950364  102.919401     7.505    -2023.3      166.1     1511.8    730.8    535.6    584.3 2023  2 17 13 22  2.790  2.8   1
     4047  26.843245  102.891471    10.821    -4799.2   -11702.9     4827.8     99.2    164.5    177.0 2023  2 17 17 44 19.540  2.7   1
     4048  26.839537  102.934220    18.320     -552.1   -12113.9    12326.8    128.9    114.1    136.0 2023  2 17 17 50 30.180  2.9   1
     4055  26.549424  103.011304     3.530     7114.8   -44259.2    -2462.7     65.6     57.8     73.8 2023  2 17 22 21 14.240  1.9   1
     4058  26.828829  102.968856    13.303     2889.2   -13300.4     7310.1    151.7    102.5    162.7 2023  2 17 23  0 31.120  3.8   1
     4070  27.079608  102.773763    29.141   -16475.9    14486.7    23148.3     53.0     59.0     37.7 2023  2 18  6 23 13.990  2.5   1
     4084  26.832434  103.013338    14.847     7308.2   -12900.8     8854.2    248.0    332.5    308.6 2023  2 18 11 25  4.350  3.4   1
     4116  27.098905  103.006771     2.214     6647.7    16624.8    -3779.2    110.8     83.1    138.9 2023  2 19  6 32 11.650  3.1   1
     4127  26.920166  102.642977    14.338   -29476.5    -3179.8     8344.6    312.3    544.6    401.0 2023  2 19 17 14  2.520  2.8   1
     4128  27.207705  102.961336     0.798     2138.2    28680.2    -5195.2     45.3     98.9    190.1 2023  2 19 19 13 18.680  0.8   1
     4134  27.189406  103.122689     9.625    18143.9    26652.6     3632.0    153.2    188.4    202.7 2023  2 19 21 32 17.360  3.1   1
     4135  26.950401  102.872054     4.363    -6725.4      170.3    -1630.4    399.0    490.7    456.3 2023  2 19 21 46 38.960  1.5   1
     4145  27.190200  102.961507     5.761     2155.7    26740.7     -232.0    225.6    164.8    196.9 2023  2 20  2 42 49.690  2.0   1
     4191  27.123741  102.839827    14.485    -9917.1    19376.7     8491.6    323.5    294.9    250.7 2023  2 21 10 20 53.620  4.4   1
     4208  27.100946  102.865129    14.657    -7407.7    16851.1     8664.4    325.5    229.8    251.2 2023  2 21 17 57 10.720  4.4   1
     4224  26.914864  102.912345     6.810    -2724.7    -3767.4      816.5    166.2    107.4     87.5 2023  2 21 23 18 40.080  4.2   1
     4226  27.123684  102.853695     6.965    -8541.3    19370.5      971.9    233.5    193.6    227.4 2023  2 21 23 53 52.720  4.6   1
     4231  26.606386  103.015747     3.880     7554.8   -37947.4    -2112.8    107.2     92.8    107.2 2023  2 22  4 44 59.660  2.3   1
     4249  27.232532  102.893327     2.181    -4606.8    31431.1    -3812.4     92.2     80.7     55.3 2023  2 22 13 53 29.500  2.2   1
     4255  27.120693  102.876188    14.192    -6309.4    19039.1     8198.8     76.9     43.5     66.6 2023  2 22 15 42 47.490  5.8   1
     4257  27.118542  102.847005     8.475    -9205.4    18800.7     2481.6    175.4    148.3    199.8 2023  2 22 16 22 50.940  3.6   1
     4273  27.213269  102.808439    11.037   -13026.6    29296.7     5044.1    212.6    274.7    243.2 2023  2 22 23 31 42.920  3.7   1
     4282  26.546141  103.018245     3.716     7805.4   -44622.9    -2276.9     66.2     54.1     67.0 2023  2 23  7  6 45.310  2.5   1
     4289  26.812797  102.906527    10.680    -3303.8   -15076.6     4687.4      3.9      2.6      3.3 2023  2 23 11 33 42.170  3.2   1
     4311  27.216036  102.783781     6.588   -15472.4    29603.3      595.3     86.7     87.3    144.3 2023  2 24  1 42  1.350  3.7   1
     4315  26.967542  102.894238     8.763    -4521.6     2069.3     2769.6    468.9    294.5    395.7 2023  2 24  5 13 31.620  3.6   1
     4322  26.562541  103.067204     2.771    12674.4   -42805.7    -3221.7     24.2     15.5     15.9 2023  2 24 12 38 47.950  3.1   1
     4349  27.208103  102.804500    11.059   -13418.0    28724.3     5066.0    264.8    314.9    293.2 2023  2 25  5 47 20.360  3.6   1
     4354  27.178650  102.814022     8.416   -12474.7    25460.7     2422.9     95.1    148.2    181.9 2023  2 25  8 59 17.600  2.5   1
     4359  26.916095  102.926001     6.430    -1368.4    -3630.9      436.8    153.3    125.7    155.3 2023  2 25 10  3 21.110  2.7   1
     4367  27.214952  102.783537    12.486   -15496.9    29483.2     6492.5    250.6    364.1    147.5 2023  2 25 12  5 31.040  3.5   1
     4374  27.223195  102.769328     4.314   -16905.4    30396.6    -1679.2    129.7    127.4    143.4 2023  2 25 13  4  1.670  3.5   1
     4379  26.816846  103.041089    29.485    10066.2   -14628.0    23492.2    607.9    497.7    367.7 2023  2 25 14 34  6.980  3.2   1
     4386  26.853487  102.952205     9.713     1234.1   -10568.1     3720.3    103.0    107.8    203.1 2023  2 25 17 28  3.480  3.4   1
     4419  27.215395  102.797656    12.188   -14095.9    29532.3     6195.2    153.6    140.8    181.8 2023  2 26  2 50 36.150  4.6   1
     4422  27.216956  102.800911    12.047   -13773.1    29705.2     6054.3    189.2    118.2    161.7 2023  2 26  3 56 46.530  4.0   1
     4445  26.848346  102.967660     7.883     2770.0   -11137.9     1890.4    121.4    102.2    177.7 2023  2 26 16 17  1.720  2.8   1
     4464  26.919942  102.923820     7.982    -1584.5    -3204.7     1988.5    120.9     99.2    109.8 2023  2 27  1 33 45.570  4.1   1
     4471  26.862559  102.951465    13.612     1160.8    -9563.0     7619.2    167.8    196.9    225.0 2023  2 27  5 56 53.330  3.4   1
     4472  27.069653  102.853776     5.814    -8535.1    13383.7     -179.2    123.8    188.3    256.4 2023  2 27  6  6 59.560  2.5   1
     4476  27.018589  102.803158     9.767   -13562.0     7725.8     3773.6     56.5     59.2     70.2 2023  2 27 10 16 56.540  3.3   1
     4478  27.136247  102.849137    10.167    -8993.0    20762.3     4173.7    298.6    202.2    333.0 2023  2 27 11 59 33.760  4.3   1
     4491  26.826300  102.969246    10.088     2927.5   -13580.6     4094.9     89.6     70.8    138.9 2023  2 27 20 25 38.820  3.6   1
     4508  26.980609  102.914876     3.925    -2472.5     3517.3    -2068.3    167.0    107.4    192.1 2023  2 28  9 41 52.130  2.7   1
     4517  26.871326  102.914551    14.692    -2505.9    -8591.5     8698.7    313.2    192.4    203.6 2023  2 28 15 11  5.610  3.4   1
     4526  26.756789  103.010498     9.997     7028.1   -21282.4     4005.3     46.4     42.3     35.7 2023  2 28 18 42 34.080  2.2   1
     4529  26.869430  102.911426    12.393    -2816.3    -8801.7     6399.7    298.0    232.3    426.9 2023  2 28 21 24  5.320  3.2   1
     4530  26.621665  103.015340    12.381     7514.3   -36254.5     6387.5    184.7    135.9    145.2 2023  2 28 21 42 45.880  3.9   1
     4540  26.910225  102.792049    10.405   -14671.9    -4281.4     4412.4    141.6    173.0    152.3 2023  3  1  5 57 41.830  3.5   1
     4544  27.082937  102.764958    28.164   -17349.7    14855.5    22170.5     51.4     57.9     38.1 2023  3  1 10 14  7.510  3.8   1
     4549  26.846222  102.976912     7.737     3688.7   -11373.0     1743.5    288.9    200.6    310.5 2023  3  1 11 36  8.330  4.1   1
     4550  26.898033  102.924797    17.051    -1487.8    -5632.3    11057.9     40.5     63.1     85.4 2023  3  1 11 42 30.150  3.5   1
     4551  26.861230  102.946004    11.736      618.6    -9710.0     5743.0    141.2    100.1    132.1 2023  3  1 11 57 26.400  3.6   1
     4560  26.839366  102.970589     6.745     3061.2   -12132.8      752.4    167.7    168.6    248.8 2023  3  1 16 21 48.300  2.7   1
     4563  27.212327  102.783773     4.502   -15473.1    29192.2    -1491.5     24.8     20.0     18.7 2023  3  1 18 54 27.200  3.0   1
     4565  26.849424  102.964128    12.759     2418.8   -11018.3     6765.5    226.5    179.1    128.8 2023  3  1 21 29 18.360  3.0   1
     4568  26.951914  102.801001     8.272   -13780.8      337.8     2278.8    208.9    188.1    300.8 2023  3  2  0 30 50.080  2.5   1
     4579  26.990788  102.764852    11.495   -17367.1     4645.1     5501.9     27.1     27.6     26.1 2023  3  2 11 35 43.970  2.1   1
     4580  27.127094  102.850724     3.484    -8836.4    19748.3    -2509.4    309.3    136.3    316.8 2023  3  2 12  8 46.380  3.7   1
     4588  26.929281  102.797852     5.040   -14094.7    -2170.0     -953.1     50.9    170.8    120.7 2023  3  2 15 53 24.000  2.5   1
     4591  27.007257  102.807495     6.388   -13132.4     6470.0      395.4    180.5    167.2    197.9 2023  3  2 16 50 48.560  4.2   1
     4596  26.860055  102.957861    13.924     1796.2    -9840.4     7930.8    173.5    139.8    141.5 2023  3  2 22 25 24.180  5.2   1
     4597  26.853837  103.020573     6.380     8026.5   -10529.3      387.0     96.3     59.9     76.9 2023  3  2 22 32 59.520  2.6   1
     4599  26.848100  102.974162     7.106     3415.7   -11165.1     1113.7    157.5    128.1    157.6 2023  3  2 22 48 55.160  3.7   1
     4601  26.839663  102.926025    14.295    -1366.3   -12100.0     8302.1    244.9    136.3    187.5 2023  3  3  1 24  8.360  3.3   1
     4615  26.826137  102.959644    11.464     1973.4   -13598.4     5471.3    199.2    163.9    167.3 2023  3  3 18 35 13.960  2.7   1
     4618  27.121733  102.797038     1.028   -14163.2    19154.2    -4965.3    136.5    111.7    262.8 2023  3  4  3  1  2.620  3.2   1
     4629  26.867812  102.929720    10.801     -999.0    -8980.9     4807.9    324.7    227.8    212.9 2023  3  4 14 18 51.790  2.9   1
     4641  27.187799  102.848226     8.978    -9081.8    26474.6     2984.7     92.7     78.5    109.6 2023  3  4 20 26 14.320  3.4   1
     4645  27.214054  102.784041     5.099   -15446.7    29383.7     -894.3     23.6     20.9     65.8 2023  3  4 22 23 24.320  2.7   1
     4646  27.114154  102.856860     8.393    -8227.7    18314.4     2399.5    197.6    126.1    158.5 2023  3  4 22 34 25.720  3.0   1
     4647  27.216394  102.812809    12.425   -12593.3    29643.0     6431.6    265.1    251.4    143.5 2023  3  4 22 58 19.380  3.1   1
     4648  27.132261  102.797038     9.981   -14163.0    20320.7     3988.1    133.7     68.4     95.3 2023  3  5  0  8  8.700  3.6   1
     4651  26.849992  102.965381     7.384     2543.8   -10955.4     1390.5    180.5    123.7    207.3 2023  3  5  8 40 14.220  2.9   1
     4659  26.857070  102.951969    11.461     1210.9   -10171.1     5467.9     81.6     88.8    112.6 2023  3  5 15 55  1.790  3.5   1
     4673  26.862085  102.955347    12.289     1546.3    -9615.3     6295.5    125.2     95.0     91.4 2023  3  6  3 24 59.860  3.1   1
     4680  27.128892  102.820907    15.642   -11794.9    19947.5     9649.0    302.9    173.4    253.6 2023  3  6  7 11 16.110  4.4   1
     4682  27.130204  102.858390    10.112    -8075.2    20092.8     4118.6    107.1     55.5    103.9 2023  3  6  7 43  0.390  2.5   1
     4685  27.124858  102.861174     9.797    -7799.2    19500.4     3803.9    124.0     70.0    150.4 2023  3  6 11 41 37.020  4.0   1
     4690  27.213503  102.961190     1.446     2123.8    29322.5    -4546.8     30.1     50.2     80.9 2023  3  6 17 43 18.820  1.0   1
     4693  27.059993  102.857935     5.072    -8123.4    12313.3     -920.9    293.9    197.5    417.9 2023  3  6 18 33 21.060  3.4   1
     4699  26.845546  102.952620    13.561     1275.4   -11447.9     7567.6    198.5    151.6    234.9 2023  3  6 20 48 46.520  6.1   1
     4702  26.841018  102.988997     8.302     4889.6   -11949.7     2309.4    177.7    137.7    221.0 2023  3  6 21  4 33.560  2.8   1
     4709  26.835915  102.992570    10.768     5244.9   -12515.1     4774.6    607.0    484.4    659.6 2023  3  6 21 58  3.300  3.2   1
     4710  26.857495  102.939282    10.631      -49.3   -10123.9     4638.1    186.8     93.4    191.8 2023  3  6 22 22 54.720  3.4   1
     4713  26.804285  102.991659    13.639     5155.2   -16019.9     7646.2    287.2    350.9    449.2 2023  3  6 23 10 34.880  3.3   1
     4714  26.841170  102.972412     7.633     3241.9   -11932.8     1639.5    172.8    154.9    288.2 2023  3  6 23 14 54.440  2.9   1
     4716  26.862343  102.955469    11.931     1558.9    -9586.7     5937.9     83.0     79.1     76.9 2023  3  6 23 32 30.960  2.8   1
     4718  26.840277  102.991667     7.487     5155.2   -12031.8     1493.9    154.8    161.3    243.3 2023  3  6 23 47  1.200  2.9   1
     4719  26.858124  102.967244    14.031     2728.7   -10054.3     8037.7    162.9    158.5    133.4 2023  3  6 23 51 24.000  3.8   1
     4727  26.854061  102.966984    11.797     2702.4   -10504.6     5804.3    212.7    131.0    167.6 2023  3  7  1 31 58.920  3.6   1
     4728  26.845996  102.956291    11.349     1640.7   -11398.0     5356.1    144.8    103.5    205.4 2023  3  7  2 24 32.150  4.1   1
     4730  26.849825  102.945125     7.570      530.9   -10973.9     1577.4    156.0    117.4    171.8 2023  3  7  3 21 32.720  3.4   1
     4731  26.848541  102.985791    13.393     4571.1   -11116.0     7399.6    288.3    304.1    278.6 2023  3  7  3 41 30.630  4.1   1
     4734  26.865566  102.926335    10.677    -1335.4    -9229.6     4684.2    258.5    211.3    212.8 2023  3  7  4 37  7.440  3.5   1
     4738  27.045245  102.769832    13.527   -16868.2    10679.3     7534.1    167.8    138.5    182.9 2023  3  7  5 32 22.230  4.8   1
     4739  26.857088  102.974292     9.912     3428.9   -10169.2     3919.0    146.1    163.7    154.5 2023  3  7  5 48 34.360  3.6   1
     4741  26.856264  102.968660    13.699     2869.4   -10260.5     7706.2    159.5    128.3     84.6 2023  3  7  7  3 58.910  4.4   1
     4744  26.857391  102.941764    13.221      197.2   -10135.5     7228.2    159.4    125.0    111.4 2023  3  7  8 29 47.790  3.6   1
     4745  26.848907  102.957121     7.403     1722.5   -11075.6     1409.6    156.2    108.3    154.3 2023  3  7  9  0 10.610  3.3   1
     4753  26.846572  102.944067    13.995      425.7   -11334.2     8002.1    162.5    122.6    134.5 2023  3  7 14  7 58.450  3.7   1
     4754  26.856291  102.922583    10.798    -1708.5   -10257.4     4805.4    275.7    211.5    204.3 2023  3  7 14 12 42.270  4.2   1
     4755  26.853298  102.940641    11.158       85.8   -10589.1     5165.2    202.2    102.7    157.8 2023  3  7 14 38 37.150  4.4   1
     4756  26.841833  102.972664    13.199     3267.5   -11859.4     7206.3    278.8    272.7    162.5 2023  3  7 14 40 28.990  5.1   1
     4759  26.840892  102.970304    11.566     3032.3   -11963.8     5573.2    187.5    147.3    143.4 2023  3  7 15 16 58.030  4.7   1
     4764  26.852930  102.979484    11.507     3944.1   -10629.8     5513.5     96.4     95.6     97.6 2023  3  7 19  1 47.760  3.4   1
     4765  26.857353  102.968742    10.809     2876.8   -10139.8     4816.0    123.8    116.4    116.7 2023  3  7 19 34 57.800  3.5   1
     4769  26.850336  102.967041    15.278     2708.1   -10917.4     9284.9    113.7     78.7    136.2 2023  3  7 21 13 56.800  4.2   1
     4770  26.846621  102.984269    10.428     4419.5   -11328.8     4435.4    168.0    181.8    152.9 2023  3  7 21 21 38.080  4.7   1
     4771  26.853859  102.968758     6.936     2879.2   -10526.9      943.3    151.6     96.1    170.3 2023  3  7 21 31 15.840  3.3   1
     4773  26.857117  102.969629     7.412     2965.3   -10165.9     1419.0    107.2     77.9    132.5 2023  3  7 21 37  4.420  3.1   1
     4774  26.852195  102.963542    16.057     2361.0   -10711.1    10064.2    146.6    116.6    161.4 2023  3  7 21 44 29.740  4.6   1
     4775  26.856256  102.940959    10.809      117.1   -10261.2     4815.5    147.9     98.6     99.5 2023  3  7 21 58 11.320  3.5   1
     4776  26.843622  102.939681     7.540       -9.5   -11661.2     1547.2    238.9    213.9    294.8 2023  3  7 22 12 13.060  3.0   1
     4777  26.868797  102.938973    11.229      -80.1    -8871.8     5235.8    137.8    129.2    100.0 2023  3  7 22 18  8.440  2.5   1
     4778  26.855475  102.935140     9.567     -461.1   -10347.8     3574.0    213.7    146.0    307.7 2023  3  7 22 33 19.200  3.1   1
     4784  26.850706  102.987378    12.342     4729.0   -10876.4     6348.4    185.6    174.5    177.0 2023  3  7 23 35 24.520  3.5   1
     4788  26.855076  102.971891    14.305     3190.0   -10392.0     8311.7    460.5    377.7    327.4 2023  3  8  0 27 48.520  3.5   1
     4789  26.855977  102.934074    14.935     -566.6   -10292.2     8942.1    455.3    232.5    285.8 2023  3  8  0 57 17.160  4.1   1
     4790  26.837850  102.969002     8.793     2903.6   -12300.6     2799.5     41.9     32.1     50.5 2023  3  8  1  6 50.680  2.6   1
     4791  26.850409  102.975033    11.970     3502.4   -10909.1     5976.8    261.1    242.6    170.9 2023  3  8  3  2 53.700  3.9   1
     4792  26.839520  102.942253     7.609      245.8   -12115.6     1616.0    139.0     88.2    103.5 2023  3  8  3 38 24.440  3.5   1
     4796  26.850059  102.985775    10.613     4569.0   -10948.0     4620.1    159.6    163.4    148.7 2023  3  8  4 57 33.230  3.8   1
     4797  26.847439  102.948242    11.917      840.7   -11238.4     5923.6    180.7    113.5    123.1 2023  3  8  5 35 57.320  3.5   1
     4800  26.864821  102.959497    12.882     1959.1    -9312.2     6888.7    198.0    153.3    161.3 2023  3  8  8 34 31.720  2.9   1
     4804  26.859383  102.966813    13.892     2685.6    -9914.7     7898.5    151.5    169.2     87.0 2023  3  8 10 57 26.430  3.6   1
     4807  26.853119  102.986515    11.528     4643.1   -10608.9     5534.6    251.4    270.0    236.5 2023  3  8 11 16  2.730  4.7   1
     4808  26.845565  103.002165    11.653     6197.4   -11445.8     5660.4    325.3    322.9    337.4 2023  3  8 11 32  1.250  4.6   1
     4811  26.849784  102.982487    13.964     4242.7   -10978.4     7971.0    281.8    266.6    185.8 2023  3  8 12 16  0.270  3.5   1
     4812  27.119818  102.879346    12.593    -5996.3    18942.1     6600.0     80.4     39.3     70.0 2023  3  8 12 28 57.760  4.6   1
     4815  26.851225  102.929362     9.270    -1034.4   -10818.8     3276.8    193.8    126.9    169.4 2023  3  8 13 18 43.040  4.4   1
     4817  26.855916  102.976514     8.305     3649.2   -10299.0     2312.2    142.6    117.7    180.5 2023  3  8 14 11 31.600  3.5   1
     4819  26.864449  102.931217    13.643     -850.4    -9353.4     7649.7    243.2    154.8    175.9 2023  3  8 14 20 24.160  3.3   1
     4823  26.889028  102.935832    18.374     -391.8    -6630.0    12381.2     55.2     53.9     85.1 2023  3  8 15 31 26.470  3.0   1
     4826  26.858028  102.999731    12.222     5955.9   -10064.9     6228.4    201.8    235.6    217.0 2023  3  8 16 15 45.670  3.2   1
     4829  27.128894  102.839209    10.584    -9978.6    19947.7     4590.9    294.3    203.2    323.3 2023  3  8 16 47  0.080  4.2   1
     4831  26.850108  102.931787     8.334     -794.1   -10942.4     2341.4    152.3    112.5    159.2 2023  3  8 17 18 39.800  3.2   1
     4837  26.857117  102.953735    14.424     1386.7   -10166.0     8430.8    365.5    210.7    327.1 2023  3  8 17 50 50.880  4.7   1
     4842  26.838656  102.956152     8.020     1626.5   -12211.4     2027.2    126.5     99.1     90.2 2023  3  8 18 28  0.140  3.5   1
     4844  26.854386  102.938542    14.305     -122.5   -10468.5     8312.4    109.4     99.4     93.1 2023  3  8 18 45 27.760  2.8   1
     4845  26.829742  102.956877     5.148     1698.4   -13199.1     -844.8    143.5    141.8    208.0 2023  3  8 18 49 30.880  3.0   1
     4847  26.845081  102.975594     7.524     3558.2   -11499.6     1531.3     38.5     31.7     65.2 2023  3  8 18 57 27.600  2.7   1
     4849  26.963446  102.811133     7.499   -12773.4     1615.7     1505.6    209.1    188.5    308.3 2023  3  8 19  8 18.620  2.2   1
     4851  26.849032  102.937451     7.771     -230.9   -11061.7     1778.4    228.5    211.9    288.9 2023  3  8 19 33  5.040  3.0   1
     4861  26.841370  102.959945     6.830     2003.8   -11910.7      836.9    189.7     93.0    201.4 2023  3  8 21  9 17.160  3.3   1
     4863  26.851617  102.948600    10.163      876.7   -10775.2     4170.0    104.6     94.0    172.7 2023  3  8 22  6  3.880  2.9   1
     4866  26.830965  102.978271     6.836     3824.0   -13063.6      843.3    414.3    348.3    478.7 2023  3  8 22 33 58.560  2.5   1
     4867  26.853530  102.981112    14.183     4106.0   -10563.3     8190.2    197.5    162.3    161.4 2023  3  8 22 37 23.320  5.3   1
     4869  26.844316  102.973055     9.207     3306.2   -11584.3     3213.8    161.6    112.8    196.4 2023  3  8 22 47 56.720  3.4   1
     4870  26.848863  102.958333    11.011     1843.6   -11080.5     5018.3    250.8    197.5    187.8 2023  3  8 22 53 20.080  4.4   1
     4871  26.860958  102.958797    11.160     1889.1    -9740.4     5167.3    136.8     84.5    169.7 2023  3  8 23  1 14.240  4.4   1
     4873  26.851418  102.960783     9.381     2086.8   -10797.5     3387.5    286.7    209.7    280.0 2023  3  8 23 12 30.480  3.6   1
     4874  26.852570  103.022909     7.404     8258.6   -10669.9     1410.9     98.3     63.1    146.6 2023  3  8 23 13 55.680  3.0   1
     4875  26.849441  102.945329     9.598      551.1   -11016.4     3604.9    155.0     87.4    202.9 2023  3  8 23 18 10.680  3.7   1
     4876  26.847727  102.928215    11.159    -1149.0   -11206.2     5166.4    111.3     92.3     97.6 2023  3  8 23 31 30.160  3.5   1
     4878  26.857973  102.994702    14.970     5456.1   -10070.9     8976.8    258.5    256.9    201.7 2023  3  8 23 45 23.320  3.4   1
     4879  26.839667  102.933993    10.927     -574.8   -12099.3     4933.5    156.9    115.4    174.3 2023  3  8 23 46 48.580  3.6   1
     4881  26.860671  102.938721     8.129     -105.2    -9772.1     2135.6     80.9     79.2     92.8 2023  3  9  0  8 16.170  3.0   1
     4882  26.841913  102.995898     9.844     5575.1   -11850.5     3850.8    143.8    126.2    119.8 2023  3  9  0 11 33.010  3.5   1
     4883  26.850364  102.935441    11.200     -431.0   -10914.2     5207.4    236.1    172.5    156.7 2023  3  9  0 20 14.340  4.0   1
     4884  26.864071  102.959701    17.786     1979.0    -9395.4    11793.4    412.9    269.7    211.7 2023  3  9  0 23 50.010  4.0   1
     4886  26.888391  102.784285    17.102   -15444.3    -6700.6    11109.0      0.0      0.0      0.0 2023  3  9  0 34 17.400  2.9   1
     4888  27.195652  103.123299    11.372    18203.7    27344.7     5379.3    156.8    195.8    171.0 2023  3  9  1  1 20.590  3.9   1
     4890  26.852590  102.927734    12.087    -1196.2   -10667.6     6093.6    204.0    157.5    140.0 2023  3  9  1 40 14.960  3.8   1
     4893  26.856325  102.961637    10.362     2171.3   -10253.7     4369.3    204.4    151.7    181.1 2023  3  9  5 13 22.700  5.9   1
     4894  26.857515  102.988395    14.034     4829.8   -10121.7     8040.4    253.3    233.5    196.3 2023  3  9  5 38 48.930  3.3   1
     4897  26.880408  102.889795    10.879    -4964.6    -7585.3     4886.4    123.5    111.7     71.3 2023  3  9  6 15  2.590  3.8   1
     4898  26.863092  102.971720     8.825     3173.0    -9503.8     2831.7    247.9    208.1    262.5 2023  3  9  6 15 57.280  3.5   1
     4900  26.854069  102.974585    10.370     3457.7   -10503.7     4377.3    142.7    137.6    174.0 2023  3  9  6 32  3.540  4.3   1
     4902  26.857104  102.968864    10.829     2889.3   -10167.3     4835.9    127.7    129.4     99.1 2023  3  9  6 45 48.880  4.0   1
     4903  26.863428  102.949382    11.716      953.7    -9466.7     5723.2    187.1    142.7    161.3 2023  3  9  6 46 51.560  3.8   1
     4905  26.844143  102.955420     4.796     1553.5   -11603.5    -1197.2    173.7    186.8    279.8 2023  3  9  7  8 25.460  3.1   1
     4909  26.866648  102.944482    14.813      467.6    -9109.7     8819.9    346.4    251.5    222.7 2023  3  9  7 34 40.850  4.3   1
     4910  26.862561  102.959595    11.557     1968.7    -9562.8     5564.3     90.0     87.0     90.1 2023  3  9  7 45 49.050  3.3   1
     4911  26.858529  102.981755    10.363     4169.9   -10009.4     4370.4     96.9    125.2    102.2 2023  3  9  7 50 26.180  3.9   1
     4912  26.841593  102.977572    11.551     3754.3   -11885.9     5558.3    171.0    157.7    151.2 2023  3  9  8  5  8.630  4.8   1
     4914  26.849076  102.942594     6.639      279.7   -11056.7      645.7    156.1    145.0    152.2 2023  3  9  8 52 12.370  3.2   1
     4916  26.853621  102.979207    11.223     3916.7   -10553.2     5230.3    118.5    100.4    103.3 2023  3  9  9  0 32.420  4.1   1
     4917  26.850582  102.975830     7.634     3581.8   -10890.1     1640.8    113.0    100.7    163.2 2023  3  9  9  4 21.020  3.5   1
     4918  26.855939  102.932056    10.474     -767.0   -10296.5     4481.0    190.4    133.9    207.7 2023  3  9  9 17 12.240  4.3   1
     4926  27.118632  102.844499    10.852    -9454.6    18810.7     4858.6    191.3    126.9    310.8 2023  3  9 10 41  7.130  4.5   1
     4928  26.849874  102.958114     5.589     1821.6   -10968.4     -404.0    220.2    190.4    286.0 2023  3  9 10 55  9.960  2.9   1
     4929  26.865615  102.961768    13.387     2184.0    -9224.3     7393.8    148.7    115.3    177.2 2023  3  9 11 29 18.650  3.4   1
     4930  26.859806  102.989372    10.080     4926.7    -9868.0     4086.8    143.2    128.9    147.0 2023  3  9 11 30 47.930  3.3   1
     4948  26.840902  102.990747    11.135     5063.6   -11962.5     5142.0    107.2    112.8    153.2 2023  3  9 14 21 16.690  3.2   1
     4952  26.840841  102.989087     7.190     4898.6   -11969.3     1196.6    175.1    182.3    289.6 2023  3  9 16 32  5.440  4.1   1
     4958  26.866315  102.862606     9.944    -7666.4    -9146.8     3950.7     97.6    160.3    238.7 2023  3  9 19  9 13.540  4.3   1
     4959  26.851274  102.919735    11.441    -1991.6   -10813.3     5448.1    205.2    174.3    146.3 2023  3  9 19 16 19.620  2.8   1
     4963  26.852867  102.945923    11.380      610.6   -10636.8     5386.9    127.7     79.8     82.0 2023  3  9 20 12 33.500  2.8   1
     4966  26.857271  102.941781    13.845      198.7   -10148.7     7851.9    109.8     99.4     71.3 2023  3  9 20 28 34.180  3.9   1
     4968  26.852531  102.943148    13.841      334.6   -10674.1     7848.3    269.3    151.3    322.1 2023  3  9 20 45 26.880  3.4   1
     4969  26.850289  102.948625    10.891      879.2   -10922.4     4897.9    101.8     64.3    124.6 2023  3  9 20 49 10.180  3.5   1
     4971  26.840719  102.972323     6.613     3232.9   -11982.9      619.7    421.9    352.5    482.6 2023  3  9 20 56  0.000  2.7   1
     4972  26.856264  102.937972    13.912     -179.9   -10260.4     7918.7    278.5    259.9    272.7 2023  3  9 20 59 26.520  3.3   1
     4974  26.864915  102.963452    13.400     2351.5    -9302.0     7407.1    188.4    143.6    119.0 2023  3  9 21  6 49.720  5.2   1
     4975  26.872066  102.942269    16.261      247.6    -8509.5    10268.3    239.2    151.0    152.4 2023  3  9 21 12 28.800  3.3   1
     4977  26.889840  102.869466     7.277    -6983.7    -6540.1     1284.0     34.2     28.1     59.0 2023  3  9 21 21 14.400  2.6   1
     4978  26.839917  102.975358    12.169     3534.4   -12071.8     6175.7    634.1    550.6    558.2 2023  3  9 21 23 53.800  3.0   1
     4981  26.854728  102.949536    11.386      969.6   -10430.5     5393.4    152.6    119.1    130.1 2023  3  9 21 36  5.360  3.9   1
     4982  26.853792  102.943286    15.661      348.5   -10534.3     9668.3    390.3    276.4    433.2 2023  3  9 21 40 47.760  3.0   1
     4984  26.844674  102.997201    10.188     5704.5   -11544.6     4194.9    267.2    271.5    254.7 2023  3  9 21 46 59.720  2.8   1
     4988  26.879464  102.897046    13.048    -4245.0    -7689.8     7054.6     51.0     19.4     38.3 2023  3  9 22 21 41.340  2.9   1
     4992  26.851878  102.974927    10.892     3492.0   -10746.5     4898.8     93.6     88.1     98.1 2023  3  9 22 48 34.400  3.8   1
     4993  26.920052  102.857707     9.405    -8151.0    -3192.4     3411.6    347.1    311.1    225.2 2023  3  9 23 12 44.980  3.2   1
     4997  26.864640  102.950684    13.025     1083.2    -9332.2     7032.2    160.8     96.2    103.5 2023  3 10  0 20 44.950  5.5   1
     4999  26.853227  102.947493    11.815      766.6   -10597.0     5822.0    193.7    134.1    133.1 2023  3 10  0 50 10.610  4.2   1
     5000  26.855229  102.979386    15.708     3934.5   -10375.0     9715.1    148.8    116.0    169.5 2023  3 10  1 32 17.130  4.6   1
     5001  26.859285  102.962817    12.223     2288.5    -9925.6     6229.6    137.4    113.7    117.6 2023  3 10  1 58 31.600  2.6   1
     5004  26.866890  102.905811     9.071    -3374.4    -9082.9     3078.0     83.7     36.1    108.2 2023  3 10  2 51 15.710  3.4   1
     5005  26.941323  102.828467     8.876   -11053.4     -835.7     2882.9     30.7     27.6     37.0 2023  3 10  2 53 24.800  3.2   1
     5007  26.842088  102.971452     9.210     3146.7   -11831.1     3217.2    163.7    142.2    218.3 2023  3 10  3 17 29.440  3.0   1
     5009  26.847951  103.015210    14.389     7493.9   -11181.6     8396.1    244.2    199.0    193.4 2023  3 10  3 28 22.810  3.7   1
     5010  26.842607  102.939714     9.777       -6.1   -11773.7     3783.8    150.5    118.0    248.4 2023  3 10  3 57 59.450  3.5   1
     5011  26.867017  102.932886    11.592     -684.9    -9068.9     5599.3    156.4    152.4    117.7 2023  3 10  5 39 33.770  2.9   1
     5014  26.866644  102.951571    11.814     1171.7    -9110.3     5821.4    105.4     96.6     91.4 2023  3 10  6 35 52.600  3.3   1
     5015  26.967981  102.794360     6.805   -14438.4     2118.1      811.7    214.0    189.1    342.8 2023  3 10  6 36 58.260  2.9   1
     5021  26.859715  102.915552     9.352    -2406.4    -9878.1     3358.6    247.3    128.0    233.0 2023  3 10 10 18  2.270  2.9   1
     5022  26.844173  102.990731    10.292     5061.7   -11600.1     4299.0    118.4    105.2     92.2 2023  3 10 11 21 23.550  3.4   1
     5023  26.854667  102.964339    13.640     2439.8   -10437.3     7646.8    241.2    287.7    166.6 2023  3 10 12 19 19.430  3.5   1
     5024  26.832312  102.988444    12.974     4835.2   -12914.4     6980.8    116.7     99.4    156.9 2023  3 10 13 19 22.060  4.1   1
     5030  26.870140  102.928158    10.735    -1154.2    -8722.9     4741.9    251.2    202.7    176.4 2023  3 10 14 54 40.440  2.6   1
     5032  26.842326  102.932796    14.570     -693.3   -11804.8     8576.8    317.4    203.1    179.3 2023  3 10 16 13 27.840  3.8   1
     5036  27.034908  102.893091    11.536    -4634.1     9533.8     5543.4    354.1    248.3    160.2 2023  3 10 18  8  4.040  4.8   1
     5041  27.025700  102.899471    11.921    -4001.2     8513.4     5928.2    321.3    243.1    115.2 2023  3 10 18 52 49.780  3.7   1
     5043  27.038153  102.910034     9.649    -2952.1     9893.4     3655.7    513.4    280.1    345.8 2023  3 10 18 57 22.840  3.7   1
     5044  27.020990  102.888460    11.060    -5094.6     7991.6     5066.7    332.3    303.7    243.6 2023  3 10 19  2 23.560  3.3   1
     5045  27.027999  102.898145     9.832    -4132.8     8768.3     3838.7    213.3    136.1    143.1 2023  3 10 19  5 56.440  3.2   1
     5048  27.014140  102.895076    11.921    -4438.0     7232.6     5928.4    403.4    203.8    131.6 2023  3 10 19 23 42.860  2.3   1
     5049  26.867686  102.941252    10.574      146.7    -8994.9     4580.8    152.0    146.3    156.5 2023  3 10 19 42 54.160  3.0   1
     5052  27.025236  102.905509     9.473    -3402.0     8462.1     3480.2    289.0    180.7    203.3 2023  3 10 19 55 36.560  3.2   1
     5054  26.851766  102.971785     6.823     3179.4   -10758.7      830.2    174.1    141.9    204.2 2023  3 10 20 14 21.840  3.4   1
     5055  27.028652  102.888298    10.115    -5109.9     8840.6     4122.0    326.6    197.1    195.8 2023  3 10 20 25 37.900  3.9   1
     5061  26.856620  102.961572     8.620     2165.0   -10220.9     2626.7    208.4    147.5    251.0 2023  3 10 21  1 11.540  3.5   1
     5064  26.848130  102.970133     5.676     3015.4   -11161.6     -316.6    168.4    115.5    289.6 2023  3 10 21 25  8.900  3.2   1
     5065  26.846114  102.940340     8.997       55.6   -11385.1     3003.5    163.0    122.2    205.7 2023  3 10 21 37 59.520  3.1   1
     5070  26.853727  102.968742     8.467     2877.0   -10541.6     2473.5    152.7    110.5    179.6 2023  3 10 22 15  6.200  3.0   1
     5071  27.117881  102.860034    13.481    -7912.8    18727.6     7488.1    218.7    156.6    171.1 2023  3 10 22 20 47.880  3.5   1
     5072  26.866742  102.940413    12.870       63.1    -9099.4     6877.3    137.8     98.6    107.3 2023  3 10 22 47  7.080  2.2   1
     5079  26.858136  102.946029     6.893      620.6   -10053.1      899.9    119.0     90.4    174.9 2023  3 10 23 16  8.140  3.5   1
     5080  26.862266  102.971826     8.503     3183.5    -9595.3     2510.0    256.5    222.6    268.1 2023  3 10 23 23 55.640  3.3   1
     5083  27.108407  102.830973     9.792   -10796.7    17677.7     3799.1     75.9     40.7     86.3 2023  3 11  0  8 26.740  3.5   1
     5087  26.849670  102.959139    12.330     1923.4   -10991.0     6337.1    356.4    254.6    334.2 2023  3 11 13  1 44.270  3.3   1
     5091  26.918056  102.791862    10.587   -14690.0    -3413.7     4593.7    140.7    182.0    149.5 2023  3 11 14 29 21.430  2.3   1
     5092  27.101318  102.821745     9.266   -11713.3    16892.2     3272.6    120.6     58.4     81.2 2023  3 11 14 41 36.040  2.8   1
     5106  26.875505  102.872689     7.772    -6664.2    -8128.4     1778.6     44.1     21.8     61.7 2023  3 11 21  1 59.360  2.7   1
     5108  26.853320  103.013737    16.222     7347.1   -10586.5    10229.3    422.6    305.8    526.9 2023  3 11 21 12 16.400  3.5   1
     5115  27.160252  103.119263    12.461    17806.0    23422.3     6467.9    120.7     96.2    178.5 2023  3 11 23 30 29.120  4.9   1
     5121  26.840196  102.933634    13.019     -610.6   -12040.9     7026.2    219.4    153.5    151.6 2023  3 12  1 19  0.220  4.1   1
     5132  26.845355  102.960124     9.299     2021.0   -11469.0     3306.1    257.9    195.1    249.6 2023  3 12  8 12 14.250  3.6   1
     5136  27.117527  102.794417     2.241   -14423.6    18688.2    -3752.6    211.2    157.4    344.6 2023  3 12  9 45 22.730  4.0   1
     5148  26.874937  102.895296    14.560    -4418.3    -8191.4     8567.1     51.7     20.0     37.2 2023  3 12 15 10  5.380  3.3   1
     5152  26.861784  102.928687     8.984    -1102.1    -9648.9     2990.8    174.1    144.0    176.8 2023  3 12 16  1 19.410  2.5   1
     5157  26.879083  102.916471    15.012    -2314.8    -7731.9     9018.6    265.4    185.6    199.3 2023  3 12 19  9 25.120  3.2   1
     5158  27.002110  102.802246     5.142   -13654.1     5899.6     -850.9    164.9    306.4    191.8 2023  3 12 19 23 38.260  3.5   1
     5162  27.128369  102.840828     9.599    -9818.1    19889.5     3605.8    270.0    247.6    376.5 2023  3 12 20 30 52.180  2.9   1
     5165  26.945966  102.823405     8.077   -11555.8     -321.3     2084.3     30.1     27.8     39.6 2023  3 12 21 27  6.560  3.0   1
