        3  26.919122  102.842179    12.060    -9693.2    -3295.5     6067.4    105.3    132.1     90.4 2022  8 23 16 29 48.550  1.9   1
        4  27.234298  102.883154     0.511    -5615.5    31626.7    -5481.6    333.7    152.1    230.1 2022  8 24  0  4  1.570  2.7   1
       91  26.531984  103.169263    18.650    22829.2   -46191.5    12656.5     79.0     68.8     79.3 2022  8 31 10 53 13.050  2.7   1
      135  27.032947  103.117708    10.497    17661.7     9316.4     4503.6     39.4     40.9     55.9 2022  9  2 20 12 18.120  2.3   1
      141  26.538098  103.177401    19.686    23638.5   -45514.0    13693.0     78.1     70.2     77.9 2022  9  3  2 56 53.270  2.8   1
      144  26.593441  102.939535     4.334      -24.2   -39381.9    -1659.5    343.1    189.3    484.7 2022  9  3  9 16  5.250  3.6   1
      222  26.878402  102.777197    15.800   -16149.2    -7807.4     9806.5      0.0      0.0      0.0 2022  9  8 17 34 28.040  3.0   1
      257  27.037923  103.002677     2.437     6243.8     9868.0    -3556.2    130.9     39.6     60.4 2022  9 12  0 14 51.300  2.7   1
      269  27.238031  102.963420     1.505     2344.7    32040.4    -4487.9     16.8     56.9     56.3 2022  9 12 17 33 19.000 -0.5   1
      276  26.959930  103.004508     9.368     6427.7     1226.1     3375.0      6.3      5.9     12.1 2022  9 13  0 33 14.780  1.3   1
      371  27.215043  102.961263     1.728     2130.7    29493.2    -4265.3     12.9     16.6     23.7 2022  9 18  5 49 58.600  1.3   1
      392  26.921818  102.735116     5.443   -20325.5    -2996.8     -549.7      8.2     10.1     11.6 2022  9 19 21  5  7.620  2.8   1
      439  27.298484  103.015682     4.835     7526.0    38738.8    -1158.0      0.0      0.0      0.0 2022  9 24  1 45 33.660  2.9   1
      444  27.014874  102.765373     8.121   -17313.5     7314.0     2127.9    225.7    275.8    416.6 2022  9 24  7 41 55.320  2.6   1
      489  27.230273  102.962899     1.596     2293.2    31180.8    -4396.6     16.7     48.3     39.2 2022  9 27 19 23 18.840  0.0   1
      523  27.053975  102.848438     8.053    -9066.1    11646.5     2060.1     53.6     45.3     57.2 2022  9 29 17 23 38.880  2.1   1
      536  27.229360  102.962720     0.922     2275.0    31079.6    -5070.9     15.4     40.3     64.1 2022  9 30  9 49 58.940  1.2   1
      543  26.675513  103.097664     0.783    15697.0   -30288.1    -5210.5    114.6     60.0     78.9 2022  9 30 20 38 44.360  2.2   1
      563  27.304211  103.017236     5.396     7679.6    39373.3     -597.5      0.0      0.0      0.0 2022 10  2 12 44 16.360  2.3   1
      624  26.922323  102.997054     6.510     5688.2    -2940.9      516.8      4.5      5.7      5.0 2022 10  6 19 23 17.160  0.7   1
      663  26.543313  103.000920     3.766     6081.7   -44936.3    -2227.5     18.2     26.9     22.0 2022 10  9 11 37 14.950  2.2   1
      672  26.809469  102.900968    10.672    -3856.1   -15445.5     4678.8      1.8      1.1      1.5 2022 10 10  3 35  1.940  3.7   1
      811  26.538936  102.962638     5.355     2273.9   -45421.1     -638.0     69.6     56.1    180.3 2022 10 19 14 46 46.080  3.0   1
      839  26.745734  103.023226     9.176     8293.8   -22507.4     3182.8      8.0      6.3      9.2 2022 10 20 17 33 27.740  2.5   1
      903  27.209283  102.977808     1.485     3771.8    28855.0    -4508.2    129.4     73.5    149.4 2022 10 26  7 44 50.780  2.5   1
      959  26.930227  102.815177     4.626   -12373.9    -2065.3    -1367.2     96.5    285.9    160.6 2022 11  1  0 13 34.950  2.8   1
     1011  26.938906  102.881502     5.525    -5786.8    -1103.4     -468.4    184.8    258.7    172.3 2022 11  8 16 46  5.690  2.4   1
     1016  26.568746  103.072965     2.762    13247.6   -42118.1    -3230.7      7.7      5.0      5.7 2022 11  9  5 41  9.940  2.7   1
     1090  26.860785  103.104110     2.018    16324.8    -9759.4    -3975.0    199.7    237.9    254.1 2022 12 11  7  3 23.660  2.7   1
     1101  26.849921  103.094222     1.200    15342.7   -10963.3    -4793.5    176.5    347.2    332.3 2022 12 25 14 50 26.040  2.8   1
     1104  26.869739  102.902214     9.445    -3731.9    -8767.5     3452.3     58.9     43.4     66.9 2023  1  1  1  2 48.170  2.7   1
     1120  27.213737  102.960758     1.651     2081.1    29348.4    -4342.0     19.7     26.8     39.7 2023  1  1  8 59 58.740  1.1   1
     1148  26.921645  102.901994     9.737    -3752.8    -3015.9     3744.2    135.0     83.9    119.9 2023  1  1 17  9 12.760  2.5   1
     1150  26.924587  102.919352     7.462    -2028.2    -2690.1     1468.5     95.2     58.5     74.0 2023  1  1 17 54 31.060  2.5   1
     1172  26.904767  102.810693     4.186   -12820.9    -4886.3    -1807.1     86.2     89.5    142.5 2023  1  2  2 44 50.100  3.0   1
     1194  26.823702  102.941667    13.425      187.6   -13868.3     7431.8     70.7     85.5     54.8 2023  1  2 13 15 59.500  3.7   1
     1199  26.847459  102.920459    17.879    -1919.5   -11236.0    11886.4     85.1     74.5     50.3 2023  1  2 14 42 20.610  3.5   1
     1210  26.745262  102.902588    14.481    -3696.2   -22559.7     8487.6     21.8     23.9     17.2 2023  1  2 19 33 14.920  1.4   1
     1213  26.979177  102.899056     8.978    -4043.5     3358.7     2984.5     54.2    112.1     33.4 2023  1  2 20 38 12.040  2.4   1
     1214  26.984646  102.904004    19.792    -3551.9     3964.7    13798.5     12.0     17.4     28.6 2023  1  2 20 43 14.180  0.7   1
     1246  26.960077  103.004427     9.222     6419.3     1242.3     3228.4      6.0      6.8     19.9 2023  1  3  9 53 14.500  1.3   1
     1269  26.530029  102.969816     4.515     2988.5   -46408.0    -1478.4     72.7     52.5    140.7 2023  1  3 17  5 17.760  3.4   1
     1270  27.093858  102.771484     2.270   -16701.0    16065.7    -3722.9    122.0    103.6    173.2 2023  1  3 17  7 56.840  2.8   1
     1280  26.913481  103.008993     6.403     6874.2    -3920.7      410.0      4.4      6.4      5.3 2023  1  3 18 37 22.120  2.0   1
     1304  27.113357  102.833211    13.041   -10574.6    18226.1     7047.5    232.7    133.6    197.3 2023  1  4  2 22 33.690  2.9   1
     1338  26.984674  102.903540    21.065    -3597.8     3967.7    15071.6     38.9     23.0     40.8 2023  1  4 16 33 13.890  0.9   1
     1350  26.850830  102.959570    14.005     1966.5   -10862.4     8012.0     68.6     83.7     79.5 2023  1  4 19 27 11.020  3.5   1
     1360  26.970310  102.928800     5.751    -1089.8     2376.3     -241.8     65.0     79.2     98.6 2023  1  4 22 34  8.940  2.1   1
     1371  27.175039  102.809440     1.554   -12929.4    25060.8    -4438.6      3.2      2.7      4.4 2023  1  5  5  3  4.960  3.6   1
     1395  26.923608  102.916227     7.338    -2339.2    -2798.4     1345.3     94.1     68.7     83.5 2023  1  5 16 58 37.710  3.2   1
     1405  26.793923  102.976912    14.392     3689.8   -17168.0     8398.7     66.1     72.4     60.6 2023  1  5 18 48 23.160  3.0   1
     1406  26.980455  102.905566    19.645    -3397.1     3500.2    13651.9     20.3     34.0     17.5 2023  1  5 18 53 13.880  1.2   1
     1410  26.846311  102.946956     4.528      713.0   -11363.2    -1465.0     19.5     36.9     59.8 2023  1  5 19 19 20.860  2.6   1
     1411  26.921908  102.847713    10.776    -9143.4    -2987.0     4783.1    103.8    129.7     91.5 2023  1  5 19 20 31.660  2.4   1
     1412  26.850503  102.943636     4.217      383.0   -10898.8    -1776.0     21.6     25.1     58.5 2023  1  5 19 34 36.200  2.3   1
     1425  26.821889  102.955575    14.276     1569.6   -14069.2     8282.9    138.1    113.2     95.1 2023  1  5 21  4 48.560  3.5   1
     1428  26.830766  102.970833    16.845     3085.0   -13085.6    10852.4     71.9     27.0     58.7 2023  1  5 21 57 36.580  5.6   1
     1431  26.828558  102.949447    10.869      960.9   -13330.3     4876.3    140.4    106.9    105.1 2023  1  5 22  4  9.800  4.9   1
     1432  26.867578  102.872192    11.462    -6713.9    -9006.7     5469.2     35.3     67.3     97.3 2023  1  5 22  8 18.040  2.8   1
     1433  26.837081  102.947306    11.297      748.0   -12385.9     5304.2     48.8     57.2     58.3 2023  1  5 22 15 54.360  2.9   1
     1436  26.823486  102.955998    14.158     1611.5   -13892.2     8164.5     92.2     81.9     65.7 2023  1  5 22 21  5.480  5.6   1
     1439  26.849526  102.999691    14.508     5951.7   -11006.9     8515.4     44.0     40.0     28.1 2023  1  5 22 43 29.800  5.2   1
     1440  26.829724  102.961051    13.550     2113.5   -13201.1     7557.2     56.0     83.0     38.0 2023  1  5 22 45 17.520  4.8   1
     1441  26.836528  102.963306    12.152     2337.1   -12447.4     6158.6     95.5     65.0     55.5 2023  1  5 22 47 20.320  3.1   1
     1442  26.808055  102.943530    16.976      372.8   -15602.2    10982.6    208.2    136.2    128.0 2023  1  5 22 55 34.980  3.9   1
     1444  26.836068  102.966219    16.130     2627.2   -12498.2    10136.9     81.0     85.7     48.8 2023  1  5 23  2 29.760  3.2   1
     1445  26.832210  102.964372    11.671     2443.6   -12925.5     5677.8     70.1     49.9     65.0 2023  1  5 23  5 44.480  4.0   1
     1446  26.833398  102.949699    17.094      985.7   -12793.9    11101.3    235.2    181.2    173.3 2023  1  5 23 11 18.480  3.4   1
     1448  26.821667  102.964754    14.840     2481.7   -14093.9     8846.9     81.9     78.6     61.2 2023  1  5 23 27 57.080  5.4   1
     1450  26.813151  102.933455    15.589     -628.6   -15037.4     9596.0    200.1    134.2    131.2 2023  1  5 23 38 26.920  3.7   1
     1460  26.594177  103.019588     3.352     7937.5   -39300.2    -2640.9     92.8     89.8     94.5 2023  1  6  1 44  6.960  2.5   1
     1461  26.836302  102.922201    11.837    -1746.2   -12472.3     5843.5    141.2     79.3    116.9 2023  1  6  2  9 13.140  3.6   1
     1465  26.824915  102.970207    17.480     3023.0   -13734.1    11486.8    129.1    105.5    109.2 2023  1  6  2 50 22.410  5.9   1
     1467  26.833472  102.962077    11.907     2215.5   -12785.9     5913.9     90.2     73.1     42.7 2023  1  6  2 57  1.020  3.8   1
     1469  26.834859  102.952360    12.440     1250.2   -12632.0     6446.8     66.1     80.4     62.4 2023  1  6  3  0 59.270  3.6   1
     1470  26.828764  102.948869    13.436      903.4   -13307.6     7442.5     64.1     72.9     54.5 2023  1  6  3 25  4.030  3.7   1
     1474  26.817684  102.955493    15.631     1561.0   -14535.1     9638.3    131.1    145.3    150.1 2023  1  6  3 41 32.280  3.4   1
     1479  26.831838  102.961401    14.243     2148.6   -12966.8     8249.5     64.0     76.4     61.2 2023  1  6  4 27 46.330  3.9   1
     1480  26.829980  102.978882    13.206     3884.8   -13172.7     7212.9     99.8     87.7     89.3 2023  1  6  4 51 23.310  3.7   1
     1489  26.809340  102.965332    12.261     2538.8   -15459.7     6267.8     62.1     58.2     51.5 2023  1  6  6  5 52.330  3.0   1
     1490  26.835288  102.965527    13.077     2558.0   -12584.7     7084.1    139.5    143.2    111.6 2023  1  6  6  8 33.500  3.0   1
     1496  26.832664  102.962484    13.691     2256.0   -12875.3     7698.2     91.0     81.1     48.3 2023  1  6  7 51  6.930  4.0   1
     1509  26.832697  102.979191    17.567     3915.4   -12871.8    11573.6    120.0     96.0     88.3 2023  1  6 11  5  1.410  3.2   1
     1510  26.969790  102.908659     8.819    -3090.3     2318.6     2825.8    181.4    223.0    158.8 2023  1  6 11 15 40.300  5.4   1
     1511  26.837931  102.957642    13.834     1774.3   -12291.7     7841.0     60.3     77.9     68.0 2023  1  6 11 24 59.760  3.7   1
     1520  26.835866  102.950675    13.855     1082.7   -12520.5     7862.4     81.6    129.8     85.8 2023  1  6 14 37 17.560  3.7   1
     1530  26.831637  102.943156    10.021      335.9   -12989.2     4028.4    223.6    163.4    197.4 2023  1  6 16 14 42.600  2.7   1
     1531  26.876326  102.932137     8.246     -759.0    -8037.4     2252.9     64.0     67.2    100.4 2023  1  6 16 35 36.810  2.5   1
     1546  26.874410  102.840739     3.762    -9838.3    -8249.8    -2230.8     67.2     30.9     68.3 2023  1  6 18 53 36.500  2.2   1
     1551  26.823409  102.950822    13.236     1097.1   -13900.9     7242.5     67.1     74.9     64.8 2023  1  6 20 36  5.420  3.7   1
     1558  26.828184  102.962565    13.226     2264.1   -13371.8     7233.3     75.8     96.6     47.4 2023  1  6 21 38 29.200  4.3   1
     1562  27.018321  102.831950     3.538   -10703.9     7695.8    -2454.8     67.8     74.9     76.8 2023  1  6 22 19 21.680  1.4   1
     1566  26.820654  103.023560    13.890     8324.1   -14206.0     7897.0     46.0     55.5     41.7 2023  1  6 23 10 13.040  3.2   1
     1584  26.927089  102.658757    13.594   -27908.6    -2412.7     7600.6    225.1    400.0    286.5 2023  1  7  5 10 35.680  2.9   1
     1597  26.896714  102.922770    11.773    -1689.2    -5778.5     5780.0      5.2      3.2      3.2 2023  1  7 11 13 16.360  1.4   1
     1598  26.839508  102.936947    15.520     -281.5   -12117.0     9527.1    181.7    134.4    187.6 2023  1  7 11 38 45.550  3.3   1
     1607  26.962093  102.896086     8.123    -4338.5     1465.7     2130.4    162.2    105.7    177.4 2023  1  7 15 39 14.060  2.9   1
     1610  26.809170  103.070557     4.887    12994.2   -15478.6    -1106.1    197.3    215.0    321.0 2023  1  7 16 25  3.150  1.9   1
     1611  26.834501  102.949878    14.323     1003.6   -12671.7     8330.4     83.2     83.8     62.1 2023  1  7 16 37 55.380  2.6   1
     1620  26.803975  102.959367    12.640     1946.5   -16054.2     6646.8     63.6     62.0     67.8 2023  1  7 20 13  6.540  3.4   1
     1641  26.749072  102.858065    11.089    -8121.6   -22137.4     5096.4      0.0      0.0      0.0 2023  1  8  4 26  9.320  3.1   1
     1644  26.833006  102.924634    13.069    -1504.4   -12837.5     7075.7    213.0    156.0    161.0 2023  1  8  5 28 16.570  3.7   1
     1653  26.833411  102.953467    14.153     1359.7   -12792.7     8160.2     64.2     60.3     60.2 2023  1  8  9 21  3.240  3.7   1
     1662  26.820762  102.918913    12.032    -2073.0   -14194.1     6038.7    266.8    192.5    168.3 2023  1  8 12 18 53.450  3.6   1
     1675  26.830314  102.957576    11.585     1768.1   -13135.8     5591.6     92.8     45.8     90.6 2023  1  8 17  5 43.960  3.1   1
     1678  26.679177  103.007096    14.895     6692.7   -29882.1     8901.7     82.1     29.9     44.3 2023  1  8 18  3 48.840  3.2   1
     1688  26.829191  102.963224    14.785     2329.1   -13260.2     8791.7     69.7     91.2     83.2 2023  1  8 20 59 20.120  3.0   1
     1690  27.000077  102.877922    16.254    -6140.8     5674.5    10261.1     25.3     26.6     22.1 2023  1  8 21 29 31.160  2.8   1
     1691  26.933856  102.858219    12.606    -8099.7    -1662.9     6613.0     82.4     58.7     59.5 2023  1  8 21 39 13.640  3.3   1
     1692  26.935543  102.871476    13.132    -6782.6    -1476.1     7139.2     84.2     58.6     57.9 2023  1  8 21 47 29.700  3.2   1
     1696  26.893337  102.924097    11.087    -1557.3    -6152.6     5094.0      5.1      3.2      3.3 2023  1  9  1  2 25.250  3.1   1
     1719  26.883494  102.931722     9.148     -800.0    -7243.2     3154.5     98.5     75.8     78.4 2023  1  9 16  6 17.470  3.2   1
     1720  26.875429  102.932357    10.917     -737.2    -8136.9     4923.5     96.4    109.4     75.7 2023  1  9 16 14 24.770  3.0   1
     1721  26.878044  102.939575     9.377      -20.5    -7847.2     3383.5    120.4    106.9     97.0 2023  1  9 16 39 28.720  3.0   1
     1722  26.872803  102.961003    15.010     2108.6    -8427.8     9016.9     69.9     93.3     77.6 2023  1  9 16 57 16.400  4.2   1
     1727  26.894661  102.963224    11.200     2328.7    -6006.0     5207.4    207.4    185.8    151.5 2023  1  9 19  8 37.980  2.9   1
     1730  26.865481  102.952205     7.644     1234.4    -9239.1     1651.0    151.9    122.7    168.2 2023  1  9 19 27 32.440  2.9   1
     1732  26.884320  102.963403     9.860     2346.9    -7151.7     3867.3    193.8    170.8    155.8 2023  1  9 20 35 17.380  4.9   1
     1733  26.880438  102.941772    11.138      198.0    -7581.9     5144.8    119.4     68.0     61.1 2023  1  9 20 39 20.860  3.4   1
     1734  26.875033  102.934123     8.285     -561.9    -8180.9     2292.2     61.1     62.0     86.7 2023  1  9 21 45  5.440  3.0   1
     1737  26.884129  102.937874    10.983     -189.2    -7172.8     4990.2    118.5     64.7     62.5 2023  1  9 22  7  4.500  3.6   1
     1738  26.898136  102.947119    12.292      728.9    -5620.8     6298.8    238.6    293.2    201.5 2023  1  9 22 12 25.440  3.7   1
     1742  27.040116  102.834204    11.396   -10479.0    10110.9     5402.5     63.7     32.9     41.5 2023  1  9 23 27  6.800  3.3   1
     1748  26.884462  102.935767    10.086     -398.7    -7136.0     4092.5    116.6     81.2     81.1 2023  1 10  1 44 54.780  2.7   1
     1770  26.873201  102.928149     8.381    -1154.8    -8383.7     2387.5    102.8     83.6     69.8 2023  1 10  9 51  7.700  3.4   1
     1772  27.242930  102.963672     1.805     2369.4    32583.2    -4188.4     26.9     61.5     60.7 2023  1 10 10 46 38.980  1.5   1
     1778  26.863059  102.953735    19.372     1386.3    -9507.5    13378.6    113.6     67.2     64.4 2023  1 10 13 34 23.820  3.4   1
     1779  26.849025  102.929329    11.356    -1038.4   -11062.4     5363.1     64.5     62.8     58.8 2023  1 10 13 36 48.280  3.4   1
     1781  26.822847  102.946126    10.804      630.4   -13963.0     4810.9     47.4     59.7     57.5 2023  1 10 15  7 20.700  2.9   1
     1785  26.852704  102.937419    11.528     -234.7   -10654.8     5535.3     60.8     84.0     74.4 2023  1 10 16 19 19.210  2.9   1
     1790  26.968298  102.922616     6.610    -1704.4     2153.4      616.9    120.9    110.3     52.4 2023  1 10 18 32 50.840  2.7   1
     1795  27.015090  102.791447     8.627   -14724.8     7337.8     2634.0      0.0      0.0      0.0 2023  1 10 20 13 13.680  0.7   1
     1810  26.838833  102.926400    15.602    -1329.1   -12191.8     9609.2    173.8    118.3     83.0 2023  1 11  0  7 17.780  3.6   1
     1812  26.948254  102.912712     8.899    -2687.6      -67.7     2906.4     62.5     43.8     35.0 2023  1 11  0 36  5.800  2.7   1
     1820  26.876957  102.932031     7.416     -769.5    -7967.5     1422.7     51.4     69.5    131.0 2023  1 11  4 17  3.990  2.8   1
     1823  27.108811  102.845898    14.928    -9315.6    17722.5     8935.0    133.2     74.9     98.3 2023  1 11  4 48 26.140  4.3   1
     1825  26.949742  103.015177    10.620     7487.0       97.3     4626.6     51.2     47.8     76.2 2023  1 11  5 46 50.880  3.1   1
     1846  26.878064  102.931185    12.052     -853.7    -7844.8     6058.8    105.5    106.6    117.6 2023  1 11 12 40 18.140  3.3   1
     1847  27.098706  102.869312    13.305    -6992.4    16602.7     7312.1     87.3     51.4     67.4 2023  1 11 12 47 56.460  2.5   1
     1855  26.885004  102.943587    10.612      378.1    -7075.9     4618.8     86.2     60.8     50.9 2023  1 11 15 39  2.760  3.5   1
     1862  26.889827  102.950789     9.878     1093.3    -6541.6     3884.5    141.6     95.9     93.6 2023  1 11 18 31 49.400  3.0   1
     1898  27.114950  102.823885    13.401   -11499.8    18402.7     7407.6    153.0     93.1    145.3 2023  1 12 11  0 25.500  4.2   1
     1918  26.981368  102.788338    14.884   -15035.8     3601.4     8890.5    117.7    374.2    115.6 2023  1 12 19 47 23.600  2.7   1
     1923  27.112980  102.829549    14.359   -10937.6    18184.4     8366.4     70.0     51.4     68.0 2023  1 12 21 27 16.860  4.8   1
     1926  27.107800  102.839632    14.503    -9937.9    17610.4     8510.1    119.3     96.7    148.9 2023  1 12 22 45 29.160  3.7   1
     1928  27.101103  102.867179    12.870    -7203.9    16868.4     6876.5    101.1     63.7     64.8 2023  1 13  0  2  4.850  3.5   1
     1934  27.107198  102.863192    12.082    -7599.6    17543.9     6089.3    104.4     64.8     78.9 2023  1 13  1 42 41.480  3.2   1
     1941  26.824921  102.980070    10.672     4003.0   -13733.4     4679.2    123.2     93.1    108.2 2023  1 13  5 13  5.790  3.6   1
     1947  27.111967  102.832910    14.420   -10604.8    18072.1     8427.1     75.4     59.9     72.0 2023  1 13  9 37 46.380  2.8   1
     1948  27.121234  102.846997    14.317    -9206.5    19099.0     8324.0    203.6    163.8    184.3 2023  1 13  9 48 48.310  3.4   1
     1957  27.116748  102.824325    10.568   -11456.5    18601.9     4575.3     88.4     48.0     48.7 2023  1 13 11 23 47.790  3.1   1
     1965  27.100702  102.819295    13.180   -11956.0    16824.0     7187.4    187.9    131.2    175.1 2023  1 13 13 55 47.290  3.4   1
     1983  27.107477  102.872843    13.001    -6642.3    17574.7     7007.7    103.4     75.7     80.4 2023  1 13 18 44 10.720  3.2   1
     1999  26.793551  102.972323    14.270     3234.1   -17209.3     8277.1     67.1     72.6     62.2 2023  1 14  2  9 10.410  3.6   1
     2008  26.860972  102.839193     4.421    -9991.8    -9738.7    -1571.7     69.3     30.9     62.8 2023  1 14  5 22 43.770  2.9   1
     2014  26.880467  102.926099     8.927    -1358.6    -7578.6     2933.5     88.9     74.0     81.8 2023  1 14  8 57 20.990  2.8   1
     2040  26.927405  102.752677     5.605   -18580.6    -2377.8     -387.6      8.3     10.4     11.9 2023  1 14 16  0 25.770  2.5   1
     2044  26.940405  102.909741     6.649    -2982.7     -937.4      656.2     44.2     31.5     46.9 2023  1 14 16 43 43.950  2.8   1
     2056  27.066384  102.845296     5.811    -9377.4    13021.4     -182.3     37.4     50.1     67.7 2023  1 14 21 23 21.280  2.7   1
     2057  26.958639  102.916162     8.391    -2345.0     1083.1     2398.0     91.9    105.1     87.9 2023  1 14 21 31 33.240  2.7   1
     2063  27.107874  102.825195    10.476   -11370.5    17618.7     4482.8     29.6     27.7     42.4 2023  1 14 23 36 57.880  3.7   1
     2077  27.069419  103.136727    12.932    19546.6    13357.8     6939.2      9.8      6.5     22.3 2023  1 15  3  5 26.790  3.6   1
     2081  27.126253  102.801424     0.544   -13727.7    19655.0    -5449.5    133.3    108.7    220.4 2023  1 15  4 24 51.860  3.0   1
     2084  27.049471  102.990576     2.898     5041.6    11147.4    -3094.6    120.7     40.4     61.2 2023  1 15  5 40 13.010  2.7   1
     2093  26.683260  103.090454     1.649    14979.6   -29429.8    -4344.0     84.7     56.8    174.2 2023  1 15  8 44 35.800  2.4   1
     2119  27.107678  102.844425    14.309    -9462.1    17597.0     8316.3    126.6     72.5     99.5 2023  1 15 17 11  5.080  3.8   1
     2121  26.905774  102.818945     4.897   -12001.4    -4774.5    -1096.0     88.3     89.3    123.9 2023  1 15 17 27 46.360  2.8   1
     2131  26.803402  103.055884     3.896    11536.3   -16117.6    -2097.2    201.1    202.6    501.3 2023  1 15 20  8 42.660  2.1   1
     2153  26.836401  102.956209    13.017     1632.1   -12461.1     7023.9     67.1     74.0     61.5 2023  1 16  2 13 26.450  3.6   1
     2157  27.169163  102.816992     1.644   -12180.7    24409.6    -4348.8      3.3      2.7      4.4 2023  1 16  3 47 40.300  3.3   1
     2173  26.853554  102.959399    11.417     1948.8   -10560.6     5424.3    117.2    104.5    102.7 2023  1 16  8 53 26.520  3.6   1
     2175  26.846765  102.964396    14.356     2445.8   -11312.9     8362.5     93.6     75.1     95.3 2023  1 16  8 58 50.730  3.3   1
     2195  26.840397  102.976815    12.984     3679.8   -12018.5     6991.3     34.0     41.9     62.0 2023  1 16 16  3 18.920  3.4   1
     2198  26.975374  102.923413     8.293    -1624.6     2937.4     2299.5     72.4     57.0     53.3 2023  1 16 16 16 44.450  3.2   1
     2199  26.971434  102.949251     8.554      940.2     2500.8     2561.4    156.0    141.5    147.2 2023  1 16 16 20  5.830  3.0   1
     2215  26.474489  102.981608     5.838     4162.2   -52562.1     -155.4    131.4    109.7    168.6 2023  1 16 19 35 29.480  2.0   1
     2230  26.934690  103.056616    10.608    11602.8    -1570.6     4615.0     36.1     31.5     32.4 2023  1 16 23  4  7.160  2.5   1
     2231  26.583667  102.944303     4.043      450.3   -40464.8    -1949.6    366.6    187.9    554.7 2023  1 16 23 51 20.800  2.3   1
     2255  27.161196  103.116838    14.511    17565.7    23526.8     8517.7    159.2    175.6    145.1 2023  1 17  9 14 52.110  3.4   1
     2259  26.920290  103.063249    10.313    12261.8    -3166.1     4320.0     36.0     32.7     31.3 2023  1 17 10  7  6.440  2.6   1
     2276  27.025323  102.768481     6.901   -17003.7     8471.9      908.0    226.2    259.9    414.9 2023  1 17 14 35 43.370  3.3   1
     2294  27.125537  102.804964     2.039   -13376.4    19575.7    -3953.6     88.6     76.0    138.6 2023  1 17 18 47 54.980  3.6   1
     2305  27.047345  102.842830     7.112    -9622.8    10911.9     1119.3     56.0     28.0     79.6 2023  1 17 20 43 35.940  3.1   1
     2306  26.929317  102.921729    12.601    -1792.9    -2165.9     6607.8     81.0     75.3     54.1 2023  1 17 20 57  4.440  2.7   1
     2327  26.817578  103.025757    29.785     8542.9   -14547.0    23791.7    215.4    164.4    120.6 2023  1 18  1 23 41.130  3.2   1
     2339  27.102956  102.794507     1.058   -14415.8    17073.7    -4934.7     25.3     17.2     18.0 2023  1 18  6 11 30.060  3.3   1
     2348  26.991003  102.882682     5.120    -5668.4     4669.0     -873.0      3.6      2.2      1.0 2023  1 18  7 22 51.730  3.2   1
     2385  27.038973  102.818302    12.590   -12058.2     9984.2     6597.1     54.9     34.3     40.8 2023  1 18 21 12 59.400  3.2   1
     2438  27.099379  102.999089     3.716     5885.6    16677.5    -2277.5     44.5     33.3     43.5 2023  1 19 17 24 12.840  2.9   1
     2443  26.572544  103.046159    12.862    10581.3   -41697.3     6870.4    130.5    111.3    111.8 2023  1 19 18 37 36.240  3.7   1
     2447  26.857640  102.930355    11.652     -936.1   -10108.0     5659.0    111.3    109.1     99.9 2023  1 19 22  6 22.960  3.6   1
     2451  26.860940  102.931258    11.898     -846.1    -9742.4     5904.8    138.5     77.4     86.9 2023  1 19 22 42 21.840  3.2   1
     2463  26.984977  102.822396    14.241   -11654.0     4001.3     8247.7    203.7    174.7    159.7 2023  1 20  8 24  0.370  3.4   1
     2468  27.043628  102.847323     7.704    -9177.2    10500.0     1711.3     55.8     26.6     61.0 2023  1 20 14 49 58.820  3.6   1
     2490  27.115076  102.826392    14.474   -11251.0    18416.6     8480.6     88.5     55.1     89.7 2023  1 20 19  7 17.640  3.4   1
     2499  26.745101  102.901945    14.451    -3760.0   -22577.5     8457.7     10.7     21.2     23.8 2023  1 20 20 43 15.000  1.3   1
     2537  26.981936  102.805176    14.312   -13363.9     3664.4     8319.2    209.4     78.6    134.7 2023  1 21 19 43 34.100  3.3   1
     2543  26.985048  102.847412    14.613    -9170.7     4009.3     8619.8     95.3     63.7     78.9 2023  1 21 23 20 39.120  2.4   1
     2544  27.121718  102.821045     2.890   -11781.3    19152.7    -3102.9     70.0     79.1    165.1 2023  1 21 23 20 59.640  2.4   1
     2595  26.923971  102.936035    11.971     -372.0    -2758.4     5978.2     72.9     72.8     56.3 2023  1 22 20 25 59.880  2.7   1
     2608  27.125667  102.792269    10.454   -14636.1    19590.1     4461.3     73.7     58.8     84.1 2023  1 22 23 57 49.340  3.1   1
     2630  27.062516  103.127336    11.748    18614.8    12593.0     5754.5      9.8      6.0     22.5 2023  1 23 13 50 46.020  3.2   1
     2654  27.103752  102.855566    14.766    -8356.3    17161.9     8773.2    149.0     85.2     89.0 2023  1 23 21 54 10.300  4.3   1
     2662  27.117582  102.795508     3.875   -14315.6    18694.3    -2118.4    119.0     92.1    279.9 2023  1 24  0 35 17.620  2.5   1
     2672  27.047471  103.067057     5.971    12632.9    10926.0      -21.7    190.2    104.6    333.5 2023  1 24  3 57  8.160  2.7   1
     2674  27.115365  102.820451    10.973   -11840.6    18448.5     4979.7    122.5    100.5    103.4 2023  1 24  5 27  3.620  3.5   1
     2700  26.981759  102.928809     9.531    -1089.1     3644.8     3537.7    123.1    147.6     98.8 2023  1 24 17  6 42.280  4.3   1
     2703  26.842906  102.930412    13.868     -930.6   -11740.6     7875.0     82.0     65.9     54.3 2023  1 24 18 28 40.720  5.3   1
     2705  26.842483  102.934733     9.813     -501.6   -11787.4     3819.6     49.1     63.8     44.2 2023  1 24 18 39  8.100  3.5   1
     2706  26.841500  102.938973    13.592      -79.9   -11896.2     7599.4    101.3     66.4     81.4 2023  1 24 19  2 19.360  4.5   1
     2729  26.868951  102.908089    15.680    -3147.5    -8854.5     9687.4    109.5     90.6     84.8 2023  1 25  2 54 46.450  3.1   1
     2735  26.920020  102.932096     6.244     -763.0    -3196.1      251.0    111.6    105.0    124.3 2023  1 25  7  1 11.130  2.1   1
     2747  27.220129  102.961906     2.021     2194.4    30056.9    -3971.6     11.6     28.6     38.3 2023  1 25 12 43 18.710  0.7   1
     2748  26.970422  102.918368     8.746    -2126.2     2388.5     2753.2     54.5     54.4     61.2 2023  1 25 12 51 58.640  3.5   1
     2751  26.975411  102.924227     9.762    -1544.1     2941.4     3769.2     71.0     84.8     62.2 2023  1 25 14  8 38.810  3.4   1
     2756  26.953007  102.902189     7.776    -3733.0      459.0     1782.8    231.6    174.2    171.7 2023  1 25 15 29  8.450  3.3   1
     2764  26.980485  102.900448     1.584    -3905.0     3503.7    -4409.3    117.4    275.6    170.2 2023  1 25 17 53 40.760  0.9   1
     2790  26.714736  103.009847    11.595     6964.6   -25942.0     5602.1     98.0     88.5     87.4 2023  1 25 22 18 21.720  4.1   1
     2804  26.743648  102.901587    14.586    -3795.5   -22738.5     8593.0     18.6     30.5     25.8 2023  1 25 23 33 14.880  3.5   1
     2823  26.984558  102.904012    19.581    -3551.2     3955.0    13588.4     10.0     15.4     32.3 2023  1 26  8 13 13.850  1.8   1
     2826  26.996161  102.815592    14.353   -12329.5     5240.6     8359.6    202.0    183.1    161.4 2023  1 26  8 57 51.390  3.5   1
     2827  27.178839  102.813037     7.670   -12572.4    25481.7     1677.0     86.8    135.7    211.8 2023  1 26  9  1 50.390  4.0   1
     2868  26.856612  102.939006    11.059      -76.8   -10221.8     5065.8    133.9     90.9    102.8 2023  1 27  3  4  5.290  3.2   1
     2873  26.958805  103.005924    10.976     6567.6     1101.4     4982.6     47.9     41.8     67.6 2023  1 27  6  3 14.460  1.4   1
     2876  26.857556  102.977865    12.754     3783.8   -10117.2     6761.0    112.3    123.1    116.9 2023  1 27  6 13 52.750  3.3   1
     2877  26.683805  103.009432    14.674     6924.7   -29369.3     8680.9     86.5     28.4     45.5 2023  1 27  6 25 49.430  3.5   1
     2889  26.988249  102.837646    13.069   -10140.3     4363.9     7075.9     37.3     31.3     29.2 2023  1 27 10 58 34.340  3.6   1
     2893  27.196224  102.955811     7.007     1590.5    27408.1     1014.0     26.3     18.6     19.0 2023  1 27 11 32  3.620  2.5   1
     2895  26.983763  102.901025     9.814    -3847.8     3866.7     3820.9     55.0    190.1     33.3 2023  1 27 12  9 22.740  3.3   1
     2898  26.975940  102.933512     9.361     -622.1     3000.1     3368.0     97.4    140.6     97.3 2023  1 27 13 50 19.660  3.3   1
     2904  26.993715  102.832861    13.431   -10614.9     4969.6     7438.3     32.5     31.7     29.6 2023  1 27 15 33 31.920  3.2   1
     2922  27.115509  102.847363     8.225    -9169.8    18464.6     2232.4    102.4     52.1    103.2 2023  1 27 20 21  5.380  3.1   1
     2929  27.045540  102.763420    14.022   -17505.2    10712.0     8029.3    118.6    114.0    120.9 2023  1 27 23 50 57.520  3.2   1
     2936  26.824880  102.972559    15.003     3256.9   -13737.9     9009.5     88.0    104.2     72.7 2023  1 28  2  0 52.420  3.3   1
     2956  26.881647  102.872144    10.088    -6718.1    -7447.8     4095.2     50.1     56.5     37.0 2023  1 28 10 40 14.790  2.7   1
     2958  26.982322  102.788436    14.671   -15026.1     3707.1     8677.8    115.0     80.7     98.3 2023  1 28 11 46 10.310  3.4   1
     2964  26.923922  102.900578     6.685    -3893.1    -2763.8      692.1     89.2     71.3     57.9 2023  1 28 12 13 23.580  3.3   1
     2970  27.024618  102.823918    14.125   -11500.9     8393.6     8131.5     59.6     54.7     48.1 2023  1 28 16 10 17.490  3.4   1
     2982  26.930815  102.885278    10.735    -5412.2    -1999.9     4742.0     90.0    116.4     53.9 2023  1 28 19 57 32.200  3.4   1
     3022  26.712221  103.026180    11.147     8588.9   -26220.7     5153.5     90.5     87.9     90.4 2023  1 29 13 41  6.720  3.2   1
     3042  27.099817  102.770809     4.414   -16767.9    16725.9    -1579.0    133.8    107.3    144.2 2023  1 29 20 41  5.560  1.4   1
     3045  26.877317  102.966992    15.584     2703.4    -7927.6     9590.5     52.1     52.0     71.9 2023  1 29 22 13  6.640  3.5   1
     3047  26.861918  102.940894     8.654      110.9    -9634.0     2661.0     47.9     52.6     76.4 2023  1 29 22 51 44.600  3.2   1
     3073  26.834471  102.942440     9.394      264.2   -12675.3     3401.1     46.6     68.5     65.4 2023  1 30 12  1 48.770  3.0   1
     3077  26.856944  102.951823    14.930     1196.1   -10185.1     8936.6    229.4    216.4    130.2 2023  1 30 12 26 51.580  3.5   1
     3101  26.864052  102.969458     6.179     2948.3    -9397.5      186.1    155.9    202.9    220.3 2023  1 30 23 34 55.420  2.2   1
     3113  27.160854  103.108089    14.539    16697.8    23489.0     8545.6    170.1    180.1    148.8 2023  1 31  7  0 35.670  3.4   1
     3136  26.619232  103.015112    12.140     7491.1   -36524.1     6146.9    101.3     73.9     91.6 2023  1 31 16 27 59.290  3.8   1
     3140  26.881883  102.922754     8.594    -1691.0    -7421.7     2600.6     80.9     62.6     69.6 2023  1 31 17  3 23.640  3.8   1
     3152  27.021250  102.942806     4.303      300.4     8020.5    -1690.3     54.0     56.3     65.9 2023  1 31 19 52 21.760  2.3   1
     3153  26.928143  102.914990     8.385    -2461.9    -2295.9     2392.1     85.7     72.5     66.4 2023  1 31 20 31 50.780  2.5   1
     3156  26.951998  102.908008    10.295    -3154.8      347.1     4302.2    129.2    142.0     81.3 2023  1 31 21 28 23.660  2.7   1
     3161  26.932613  102.916569     8.522    -2304.8    -1800.7     2529.1    119.7     89.9    116.3 2023  1 31 22 23 52.560  2.7   1
     3178  26.944812  102.896899     7.782    -4258.4     -449.1     1788.4     57.9     40.0     34.9 2023  2  1  8 53 40.230  3.3   1
     3199  27.016742  102.810400     6.228   -12843.2     7521.0      235.3     89.1     98.7    104.6 2023  2  1 19 32 33.220  2.8   1
     3200  27.056016  102.868986     4.672    -7026.0    11872.5    -1320.6    159.2     99.1    213.6 2023  2  1 20  5  3.440  3.0   1
     3205  26.991817  102.884318     3.752    -5506.2     4759.3    -2241.1      3.2      2.1      1.2 2023  2  1 21 43 10.840  1.7   1
     3219  26.976969  102.948470     6.549      862.8     3114.1      555.5    105.1    114.0     87.2 2023  2  2  4 41  3.020  2.7   1
     3256  27.091284  102.770711     3.974   -16777.7    15780.5    -2019.0    127.2    109.5    145.8 2023  2  2 18 28 39.720  2.2   1
     3257  27.032823  103.069466     4.934    12873.5     9302.7    -1058.8    186.5    104.5    189.9 2023  2  2 18 33 15.720  1.0   1
     3264  26.945947  102.890934    11.400    -4850.2     -323.3     5407.3    136.5    130.1     65.8 2023  2  2 20 27  4.280  2.9   1
     3291  27.109633  102.838232     8.245   -10076.1    17813.6     2251.7    141.8     80.6    127.1 2023  2  3  9 59 32.770  3.5   1
     3310  27.026233  102.832593    15.330   -10639.9     8572.5     9336.5     63.6     55.2     49.3 2023  2  3 20 44 11.440  1.8   1
     3335  27.235982  102.898885     1.780    -4055.3    31813.4    -4213.5    154.3    151.2    168.0 2023  2  4  9 55  4.260  2.1   1
     3336  27.167826  103.120060    13.402    17884.7    24261.6     7409.0     81.2     73.7     90.9 2023  2  4 10 29 17.550  4.6   1
     3356  26.978367  102.906274     1.108    -3326.9     3268.9    -4884.8    114.3    244.3    213.8 2023  2  4 16 28 44.010  2.2   1
     3366  26.981698  102.913444    20.164    -2614.6     3638.0    14171.2     75.1     46.3     21.9 2023  2  4 20  3 14.540  1.6   1
     3367  26.852488  102.950057    13.539     1020.9   -10678.8     7545.9    132.3    140.1     81.5 2023  2  4 20  7 36.480  2.5   1
     3395  26.987872  102.770231    12.014   -16833.5     4322.1     6020.5     64.5     68.0     44.8 2023  2  5 12 41 57.150  3.3   1
     3396  27.010449  102.881608     6.760    -5774.9     6823.8      767.2     51.8    121.1     91.6 2023  2  5 13 31  8.540  2.5   1
     3405  26.986007  102.884229    15.941    -5515.6     4115.5     9948.3     23.4     27.6     21.4 2023  2  5 20 21 55.300  2.4   1
     3419  26.967448  102.920996    10.024    -1865.1     2059.0     4031.1     44.2     66.5     42.8 2023  2  6  1 12 27.600  4.9   1
     3421  26.991313  102.955469     5.676     1557.4     4703.4     -316.8     91.8     54.3    101.9 2023  2  6  1 43 57.790  3.2   1
     3423  27.017462  102.935311     4.678     -443.4     7600.7    -1314.6     53.9     57.7     61.1 2023  2  6  2 11 43.840  2.9   1
     3434  26.967135  102.917961    10.250    -2166.6     2024.3     4256.9     59.2     65.3     46.7 2023  2  6  8 30 31.150  4.5   1
     3437  27.025450  103.116626    11.036    17555.3     8485.8     5042.5     39.2     41.4     53.8 2023  2  6 11 44 13.880  1.6   1
     3478  26.743154  102.858390    12.822    -8089.4   -22793.3     6829.2      0.0      0.0      0.0 2023  2  7  0 34 55.370  2.5   1
     3497  26.577354  103.060628    11.205    12020.0   -41164.4     5211.9     63.3     67.5     68.4 2023  2  7 12 22 33.570  3.9   1
     3499  26.566160  103.063346    11.042    12290.8   -42404.6     5048.6     98.8     96.7    115.5 2023  2  7 12 51 49.860  3.6   1
     3506  26.978996  102.933032     5.794     -670.2     3338.6     -198.7    105.4    105.0     97.0 2023  2  7 14 24 46.020  2.7   1
     3521  26.573354  103.054183    11.869    11379.2   -41607.5     5875.7     65.3     69.7     72.8 2023  2  7 18 46 48.700  4.0   1
     3533  27.101367  102.863298    14.095    -7589.7    16897.7     8102.1    127.1     74.4     61.9 2023  2  7 22 51 25.800  4.0   1
     3558  27.010805  102.870166     6.659    -6910.7     6863.2      665.5     52.0    118.1     88.3 2023  2  8 12  8 20.810  3.0   1
     3564  27.106496  102.800846     2.540   -13786.2    17466.0    -3453.3     26.0     17.5     33.9 2023  2  8 16 55 27.230  2.5   1
     3603  26.926707  102.924170     8.534    -1549.9    -2455.2     2540.9    112.3     93.8     91.6 2023  2  9 17 12 51.860  1.9   1
     3621  26.981148  102.898006     4.247    -4147.4     3577.0    -1745.9     44.1     26.3     47.5 2023  2  9 22 14 15.300  2.2   1
     3641  26.829500  102.957756    12.210     1786.0   -13225.9     6217.1     64.5     83.2     66.4 2023  2 10  3 51 17.800  3.1   1
     3643  26.868003  102.938379     5.962     -139.4    -8959.7      -31.3     73.7     65.9    141.1 2023  2 10  4 12 31.530  3.3   1
     3661  26.962349  102.925456     7.898    -1422.4     1494.1     1904.7     92.6     88.1     77.6 2023  2 10 13 44 34.240  3.2   1
     3676  26.865574  102.942098     4.340      230.3    -9228.9    -1653.0     28.1     39.7    108.9 2023  2 10 18  5 36.080  2.7   1
     3677  26.988660  102.764657    12.773   -17386.7     4409.3     6780.1     60.6     68.3     42.2 2023  2 10 18 13 48.420  2.2   1
     3679  26.824809  102.964421    11.766     2448.5   -13745.7     5773.4     79.7    110.9     91.2 2023  2 10 18 51 51.000  2.9   1
     3681  26.828111  102.954964    15.875     1509.0   -13379.8     9881.5    104.6    145.6     88.5 2023  2 10 18 59 17.160  3.7   1
     3682  26.850366  103.000651    14.776     6047.4   -10913.8     8783.2     38.9     41.5     27.7 2023  2 10 20  1 54.320  2.5   1
     3689  26.809564  102.981372    14.797     4132.8   -15434.8     8803.8    125.8     85.3     80.2 2023  2 10 21 25 36.460  3.2   1
     3694  26.833561  102.958464    16.860     1856.4   -12776.0    10866.7     76.5     81.4     65.6 2023  2 10 22 52 55.800  3.0   1
     3696  26.815279  102.959001    12.663     1909.5   -14801.6     6670.2     49.7     56.8     99.7 2023  2 10 23 21 27.120  3.0   1
     3697  27.003796  102.813200     5.823   -12566.3     6086.7     -170.3     83.0    101.0    117.8 2023  2 10 23 27 25.760  2.8   1
     3703  26.932045  102.900480    10.687    -3902.4    -1863.7     4694.3    118.2    119.9     53.0 2023  2 11  0 34 33.290  3.9   1
     3721  27.128149  102.852970    10.866    -8613.5    19865.3     4872.5     73.5     61.5     73.9 2023  2 11  8 41  3.690  2.8   1
     3737  27.016099  102.839119     3.552    -9992.8     7449.8    -2441.1     76.0     74.8     72.5 2023  2 11 12 38 24.070  3.2   1
     3744  26.868976  102.943351     6.576      355.1    -8852.0      583.1     74.2     66.1    118.2 2023  2 11 15  5 42.430  2.9   1
     3786  27.179995  102.836792     7.997   -10216.1    25609.9     2003.8     84.2     66.4    134.7 2023  2 12  3 32 54.620  4.6   1
     3787  27.007300  102.811442     4.814   -12740.8     6474.8    -1179.1     77.3     90.7     95.2 2023  2 12  3 34  5.200  4.2   1
     3788  26.847921  102.952905    12.695     1303.8   -11184.8     6701.9    190.6    217.9    202.6 2023  2 12  3 36 55.170  3.0   1
     3810  26.841176  102.765299     4.265   -17334.0   -11932.1    -1728.2     17.9      8.7     17.5 2023  2 12  9 16 52.860  2.7   1
     3830  26.873523  102.928182    15.880    -1151.9    -8348.0     9886.8    261.5    173.6    153.7 2023  2 12 15 24 31.290  3.6   1
     3868  26.865615  102.916789    11.974    -2283.4    -9224.4     5980.6    205.9    156.0    161.1 2023  2 13  3 57 56.990  3.5   1
     3890  26.478320  102.976595     5.425     3663.1   -52137.6     -568.0    125.6    111.1    181.9 2023  2 13 12 44 44.880  3.3   1
     3906  26.831063  102.758146     2.913   -18045.4   -13052.7    -3079.8     15.4      8.6     25.8 2023  2 13 19 30 15.820  1.4   1
     3943  26.879584  102.972274    14.367     3227.4    -7676.6     8373.6    137.8     99.0    105.9 2023  2 14 21 11 56.760  3.0   1
     3948  27.120980  102.811849    13.112   -12693.8    19070.8     7118.9    156.7    102.7    157.4 2023  2 14 23  2 21.120  3.0   1
     3954  26.973124  102.849593    13.548    -8954.7     2688.1     7554.5     86.2     73.5     78.5 2023  2 15  2 44 14.520  3.0   1
     3970  27.115055  102.818262     9.161   -12057.5    18414.5     3167.8     95.8     56.9     83.5 2023  2 15 11 38  6.520  3.0   1
     3973  26.969102  102.904191     8.372    -3533.4     2242.3     2379.4    127.1    160.2    105.2 2023  2 15 14 54  0.720  2.3   1
     3976  27.110862  102.842074     8.054    -9695.5    17949.8     2060.9    120.9     74.4    139.7 2023  2 15 15 17 29.780  2.8   1
     3977  26.838619  102.971590    12.174     3160.6   -12215.5     6180.7     72.2     78.5     84.4 2023  2 15 16  9 19.260  4.2   1
     3983  26.836812  102.970125    16.863     3014.7   -12415.7    10870.4     87.1     91.1     67.7 2023  2 15 20 50 46.760  2.9   1
     4024  27.120231  102.817863     2.104   -12097.0    18987.9    -3889.3     65.8    110.9    154.7 2023  2 17  0 14 51.630  3.4   1
     4041  26.951333  102.917798     7.461    -2183.0      273.5     1467.8     49.2     36.7     43.0 2023  2 17 13 22  2.790  2.8   1
     4048  26.838049  102.934277    18.279     -546.8   -12278.5    12285.8     79.4     77.9     49.7 2023  2 17 17 50 30.180  2.9   1
     4055  26.549520  103.011377     3.520     7122.4   -44248.4    -2472.8     14.2     15.7     16.2 2023  2 17 22 21 14.240  1.9   1
     4058  26.828469  102.969775    13.300     2980.0   -13340.1     7306.9    104.0     64.7     67.9 2023  2 17 23  0 31.120  3.8   1
     4070  27.079608  102.773763    29.141   -16475.9    14486.7    23148.3      0.0      0.0      0.0 2023  2 18  6 23 13.990  2.5   1
     4084  26.832461  103.013354    14.850     7309.9   -12897.9     8856.7     26.4     35.1     32.5 2023  2 18 11 25  4.350  3.4   1
     4116  27.098606  103.007316     2.126     6701.9    16591.8    -3867.4     46.1     35.2     59.4 2023  2 19  6 32 11.650  3.1   1
     4127  26.920166  102.642977    14.338   -29476.5    -3179.9     8344.7    224.9    392.1    288.8 2023  2 19 17 14  2.520  2.8   1
     4128  27.208105  102.961174     0.563     2122.1    28724.6    -5429.8     18.0     43.7    118.0 2023  2 19 19 13 18.680  0.8   1
     4135  26.950401  102.872054     4.363    -6725.4      170.3    -1630.4    170.3    209.5    194.8 2023  2 19 21 46 38.960  1.5   1
     4145  27.190206  102.961499     5.760     2154.7    26741.2     -232.7     23.9     17.5     20.9 2023  2 20  2 42 49.690  2.0   1
     4208  27.104283  102.867188    14.323    -7203.8    17220.8     8329.8    148.3     90.6    121.0 2023  2 21 17 57 10.720  4.4   1
     4224  26.916382  102.905900     6.788    -3364.3    -3599.2      794.5     91.3     61.0     50.5 2023  2 21 23 18 40.080  4.2   1
     4231  26.606199  103.016024     3.852     7582.8   -37968.3    -2140.7     97.9     84.5     97.9 2023  2 22  4 44 59.660  2.3   1
     4249  27.231832  102.895296     2.062    -4411.2    31353.5    -3931.0    153.5    152.7    168.8 2023  2 22 13 53 29.500  2.2   1
     4257  27.117362  102.851668     9.059    -8742.5    18669.9     3065.6    110.3     68.5    104.5 2023  2 22 16 22 50.940  3.6   1
     4273  27.212543  102.807715    10.897   -13098.9    29216.3     4904.4     88.5    110.2     93.9 2023  2 22 23 31 42.920  3.7   1
     4282  26.546057  103.018180     3.723     7799.2   -44632.1    -2269.7     13.1     14.5     13.8 2023  2 23  7  6 45.310  2.5   1
     4289  26.812797  102.906527    10.680    -3303.8   -15076.6     4687.4      1.8      1.1      1.5 2023  2 23 11 33 42.170  3.2   1
     4311  27.216591  102.783431     6.688   -15507.0    29664.8      694.5     36.0     35.4     60.2 2023  2 24  1 42  1.350  3.7   1
     4315  26.968079  102.893522     9.349    -4593.2     2129.0     3355.5    162.6    107.0    159.6 2023  2 24  5 13 31.620  3.6   1
     4322  26.562541  103.067204     2.771    12674.4   -42805.7    -3221.6      8.4      5.4      5.5 2023  2 24 12 38 47.950  3.1   1
     4349  27.211485  102.807349    10.836   -13135.2    29099.0     4842.6    172.0    144.9    176.5 2023  2 25  5 47 20.360  3.6   1
     4354  27.178648  102.814022     8.416   -12474.7    25460.7     2422.9     87.6    136.6    167.6 2023  2 25  8 59 17.600  2.5   1
     4359  26.918193  102.920866     7.086    -1878.3    -3398.6     1093.1    164.9    134.4    124.1 2023  2 25 10  3 21.110  2.7   1
     4367  27.220357  102.780672    12.427   -15780.1    30082.2     6433.6    143.1    281.2    152.1 2023  2 25 12  5 31.040  3.5   1
     4379  26.816846  103.041089    29.485    10066.1   -14628.0    23492.2    201.0    164.5    121.6 2023  2 25 14 34  6.980  3.2   1
     4386  26.854506  102.952507     9.816     1264.0   -10455.1     3823.0     75.1     74.7    109.4 2023  2 25 17 28  3.480  3.4   1
     4419  27.216473  102.797078    12.311   -14153.2    29651.6     6318.3     90.0     79.8     86.2 2023  2 26  2 50 36.150  4.6   1
     4422  27.216276  102.801139    11.978   -13751.0    29630.0     5984.6     81.6     79.0     82.1 2023  2 26  3 56 46.530  4.0   1
     4445  26.848747  102.969499     7.982     2952.5   -11093.4     1989.1     69.9     69.0     85.9 2023  2 26 16 17  1.720  2.8   1
     4464  26.919008  102.925675     7.860    -1400.5    -3308.2     1867.1     94.9     90.4     74.6 2023  2 27  1 33 45.570  4.1   1
     4471  26.862775  102.952100    13.627     1223.7    -9538.9     7633.5     97.9     98.9     71.2 2023  2 27  5 56 53.330  3.4   1
     4472  27.068929  102.853906     5.657    -8522.6    13303.3     -335.8     34.5     45.2     64.0 2023  2 27  6  6 59.560  2.5   1
     4476  27.018589  102.803158     9.767   -13562.0     7725.8     3773.6      0.0      0.0      0.0 2023  2 27 10 16 56.540  3.3   1
     4478  27.136497  102.848348    10.485    -9071.7    20790.2     4491.7    101.2     52.5    109.8 2023  2 27 11 59 33.760  4.3   1
     4491  26.828440  102.965625    10.376     2568.2   -13343.4     4383.0    132.1     90.4    109.6 2023  2 27 20 25 38.820  3.6   1
     4508  26.980833  102.915479     3.845    -2412.7     3542.2    -2147.7     41.2     26.6     47.5 2023  2 28  9 41 52.130  2.7   1
     4517  26.869806  102.919279    14.531    -2036.2    -8760.0     8537.6    176.0    123.1     93.6 2023  2 28 15 11  5.610  3.4   1
     4526  26.756799  103.010474     9.994     7026.1   -21281.5     4002.3      7.0      4.5      9.0 2023  2 28 18 42 34.080  2.2   1
     4530  26.622121  103.009489    12.452     6931.9   -36204.1     6458.7    102.0     74.3     91.5 2023  2 28 21 42 45.880  3.9   1
     4540  26.910168  102.792106    10.407   -14666.8    -4287.7     4414.0     78.3     95.5     84.2 2023  3  1  5 57 41.830  3.5   1
     4544  27.082937  102.764958    28.164   -17349.7    14855.5    22170.5      0.0      0.0      0.0 2023  3  1 10 14  7.510  3.8   1
     4549  26.845233  102.972843     7.393     3284.9   -11482.6     1400.1    135.3    139.1    127.1 2023  3  1 11 36  8.330  4.1   1
     4551  26.857143  102.942668    11.514      286.9   -10163.0     5520.8     94.7     89.3     86.9 2023  3  1 11 57 26.400  3.6   1
     4560  26.838885  102.969971     6.312     2999.4   -12186.0      319.1    103.8     97.3    168.3 2023  3  1 16 21 48.300  2.7   1
     4563  27.212209  102.783716     4.538   -15479.0    29179.3    -1455.0     10.7     10.9     17.7 2023  3  1 18 54 27.200  3.0   1
     4565  26.850330  102.966097    13.019     2614.3   -10918.0     7025.8     85.8     91.0     87.9 2023  3  1 21 29 18.360  3.0   1
     4568  26.957292  102.801961     8.580   -13684.4      933.8     2587.1     93.4    126.7    152.6 2023  3  2  0 30 50.080  2.5   1
     4579  26.991561  102.765283    11.471   -17324.4     4730.8     5477.6     62.6     99.9     52.2 2023  3  2 11 35 43.970  2.1   1
     4588  26.929557  102.797819     5.055   -14097.5    -2139.2     -937.7     96.2    317.9    224.8 2023  3  2 15 53 24.000  2.5   1
     4591  27.005369  102.808081     6.386   -13074.1     6260.7      393.2     85.0     99.6    104.7 2023  3  2 16 50 48.560  4.2   1
     4596  26.858921  102.954281    13.946     1440.4    -9966.1     7952.5    110.1     89.1     71.2 2023  3  2 22 25 24.180  5.2   1
     4597  26.853652  103.019971     6.311     7966.5   -10549.8      318.0     40.2     23.7     47.9 2023  3  2 22 32 59.520  2.6   1
     4599  26.845066  102.973364     6.975     3336.9   -11501.2      982.7     63.1     79.4    114.9 2023  3  2 22 48 55.160  3.7   1
     4601  26.839899  102.928581    14.338    -1112.3   -12073.7     8345.0    115.5     74.6     79.1 2023  3  3  1 24  8.360  3.3   1
     4615  26.825346  102.958838    11.346     1893.2   -13686.3     5352.5     66.4     59.1     70.0 2023  3  3 18 35 13.960  2.7   1
     4618  27.120817  102.796891     1.660   -14177.7    19052.9    -4332.6     84.6     79.4    155.3 2023  3  4  3  1  2.620  3.2   1
     4629  26.870475  102.935368    10.861     -437.9    -8685.7     4867.7    145.8    109.6    114.0 2023  3  4 14 18 51.790  2.9   1
     4641  27.187842  102.847705     8.844    -9133.5    26479.3     2851.3     90.0     67.9    106.1 2023  3  4 20 26 14.320  3.4   1
     4645  27.214154  102.784106     5.000   -15440.4    29394.8     -992.8     10.8     11.0     55.7 2023  3  4 22 23 24.320  2.7   1
     4646  27.112716  102.851880     8.604    -8721.7    18155.1     2611.3    123.6     66.4     90.7 2023  3  4 22 34 25.720  3.0   1
     4647  27.208667  102.814876    12.480   -12388.3    28786.8     6486.7    171.3    180.3    118.6 2023  3  4 22 58 19.380  3.1   1
     4648  27.132707  102.796248     9.828   -14241.1    20370.2     3835.4     74.1     58.7    102.3 2023  3  5  0  8  8.700  3.6   1
     4651  26.853227  102.968058     7.248     2809.7   -10597.0     1254.7     82.6     90.3    115.5 2023  3  5  8 40 14.220  2.9   1
     4659  26.856547  102.950415    11.612     1056.6   -10229.1     5618.8     99.1     90.4     80.3 2023  3  5 15 55  1.790  3.5   1
     4673  26.863027  102.956071    12.229     1618.4    -9511.0     6236.1     58.6     58.3     60.7 2023  3  6  3 24 59.860  3.1   1
     4682  27.130210  102.856388    10.165    -8274.3    20093.5     4172.3     91.8     55.4     77.6 2023  3  6  7 43  0.390  2.5   1
     4685  27.122845  102.876497     9.912    -6279.2    19277.6     3919.1    200.9    104.2    137.8 2023  3  6 11 41 37.020  4.0   1
     4690  27.213468  102.961198     1.456     2124.4    29318.7    -4537.3     10.9     25.2     40.1 2023  3  6 17 43 18.820  1.0   1
     4693  27.061572  102.855485     5.940    -8366.4    12488.4      -53.0    126.3     48.6     63.3 2023  3  6 18 33 21.060  3.4   1
     4699  26.842696  102.950472    13.651     1062.5   -11763.7     7657.9    204.0    156.8    129.3 2023  3  6 20 48 46.520  6.1   1
     4702  26.839587  102.989274     8.337     4917.0   -12108.2     2344.4     73.6     62.5    113.4 2023  3  6 21  4 33.560  2.8   1
     4709  26.838049  102.989307    10.831     4920.7   -12278.7     4838.0    137.2     88.1    102.9 2023  3  6 21 58  3.300  3.2   1
     4710  26.860189  102.940739    10.990       95.6    -9825.5     4997.4     89.2     91.8     81.8 2023  3  6 22 22 54.720  3.4   1
     4713  26.797557  102.989909    13.772     4980.9   -16765.3     7779.3    110.5    111.3     81.2 2023  3  6 23 10 34.880  3.3   1
     4716  26.863560  102.956974    11.942     1707.8    -9451.9     5949.2     59.1     54.0     50.8 2023  3  6 23 32 30.960  2.8   1
     4718  26.841482  102.993693     6.436     5356.0   -11898.4      442.5    115.1    124.3    167.9 2023  3  6 23 47  1.200  2.9   1
     4719  26.859739  102.968660    14.248     2868.8    -9875.4     8255.2     74.4     60.1     66.3 2023  3  6 23 51 24.000  3.8   1
     4727  26.855239  102.969352    11.751     2937.6   -10374.0     5757.5     97.8     98.9     75.6 2023  3  7  1 31 58.920  3.6   1
     4728  26.845245  102.958040    10.877     1813.8   -11481.2     4883.6    105.7     70.6    121.0 2023  3  7  2 24 32.150  4.1   1
     4730  26.847555  102.939388     7.593      -39.1   -11225.5     1600.0    121.2     90.2    118.3 2023  3  7  3 21 32.720  3.4   1
     4731  26.848199  102.985490    13.129     4541.1   -11153.9     7136.0     59.6     61.4     91.7 2023  3  7  3 41 30.630  4.1   1
     4734  26.866370  102.924048    10.674    -1562.3    -9140.8     4680.5    129.0     93.9     70.4 2023  3  7  4 37  7.440  3.5   1
     4738  27.043740  102.771655    13.710   -16688.0    10512.3     7716.9    119.5    113.4    121.3 2023  3  7  5 32 22.230  4.8   1
     4739  26.860362  102.977083     8.657     3705.8    -9806.4     2663.9    320.7    239.3    371.3 2023  3  7  5 48 34.360  3.6   1
     4741  26.853269  102.967106    13.538     2714.9   -10592.1     7544.6     56.4     62.8     63.3 2023  3  7  7  3 58.910  4.4   1
     4744  26.853241  102.948454    12.920      861.8   -10595.4     6926.7    166.1    121.7    133.7 2023  3  7  8 29 47.790  3.6   1
     4745  26.851471  102.960685     6.618     2076.7   -10791.5      624.7    124.0    103.4    167.9 2023  3  7  9  0 10.610  3.3   1
     4753  26.847780  102.940918    13.887      112.9   -11200.4     7893.9    109.0     78.3     95.5 2023  3  7 14  7 58.450  3.7   1
     4754  26.857227  102.919425    10.802    -2021.8   -10153.7     4808.6    124.8     83.2     95.0 2023  3  7 14 12 42.270  4.2   1
     4755  26.855646  102.941984    11.018      219.1   -10328.9     5024.6     77.4     76.6     49.4 2023  3  7 14 38 37.150  4.4   1
     4756  26.840247  102.973022    13.224     3303.1   -12035.1     7230.7    109.1    106.3     87.6 2023  3  7 14 40 28.990  5.1   1
     4759  26.841162  102.969499    11.394     2952.3   -11933.7     5401.4     93.4     49.4     73.1 2023  3  7 15 16 58.030  4.7   1
     4764  26.853290  102.979419    11.389     3938.0   -10590.0     5395.8     65.2     62.4     68.9 2023  3  7 19  1 47.760  3.4   1
     4765  26.854382  102.965153    10.827     2520.9   -10468.9     4834.3     97.6     82.2     80.5 2023  3  7 19 34 57.800  3.5   1
     4769  26.850844  102.968506    15.382     2853.8   -10860.8     9388.5     81.8     49.5     64.0 2023  3  7 21 13 56.800  4.2   1
     4770  26.845380  102.981445    10.496     4139.3   -11466.4     4502.6     71.0     56.2     67.4 2023  3  7 21 21 38.080  4.7   1
     4771  26.854897  102.967472     7.180     2751.0   -10411.9     1187.3     89.3     87.2    151.3 2023  3  7 21 31 15.840  3.3   1
     4773  26.854191  102.969222     7.230     2925.1   -10490.1     1237.1     73.0     77.1     81.2 2023  3  7 21 37  4.420  3.1   1
     4774  26.851678  102.961711    16.084     2178.5   -10768.6    10091.0     82.2     63.2     70.6 2023  3  7 21 44 29.740  4.6   1
     4775  26.857416  102.942228    11.006      243.6   -10132.7     5012.9     81.0     73.3    109.1 2023  3  7 21 58 11.320  3.5   1
     4776  26.844291  102.945630     6.486      581.6   -11587.1      492.5    172.8    166.9    143.5 2023  3  7 22 12 13.060  3.0   1
     4777  26.868388  102.937573    11.262     -219.1    -8917.1     5268.8     63.5     85.1     68.0 2023  3  7 22 18  8.440  2.5   1
     4778  26.850423  102.931063    10.259     -865.7   -10907.6     4266.3    241.4    183.0    212.5 2023  3  7 22 33 19.200  3.1   1
     4784  26.854976  102.984196    12.705     4412.6   -10403.2     6712.0    121.5    100.8    123.7 2023  3  7 23 35 24.520  3.5   1
     4789  26.856085  102.940161    14.825       37.6   -10280.2     8832.4    160.0    111.7     80.2 2023  3  8  0 57 17.160  4.1   1
     4790  26.838184  102.968457     8.896     2849.3   -12263.7     2903.0     38.9     33.3     49.1 2023  3  8  1  6 50.680  2.6   1
     4791  26.849719  102.978963    11.894     3892.4   -10985.6     5900.6    138.9    152.3    124.2 2023  3  8  3  2 53.700  3.9   1
     4792  26.840000  102.942627     7.536      282.7   -12062.5     1543.2     95.9     67.5     89.3 2023  3  8  3 38 24.440  3.5   1
     4796  26.850385  102.987500    10.502     4740.9   -10911.8     4508.5     69.6     58.1     58.0 2023  3  8  4 57 33.230  3.8   1
     4797  26.851699  102.955054    11.869     1517.7   -10766.3     5875.5    152.8    152.8    130.2 2023  3  8  5 35 57.320  3.5   1
     4800  26.864215  102.964746    12.524     2480.5    -9379.4     6530.9    146.8     97.6    114.0 2023  3  8  8 34 31.720  2.9   1
     4804  26.862138  102.972005    13.898     3201.2    -9609.6     7905.4     78.6     75.9     56.0 2023  3  8 10 57 26.430  3.6   1
     4807  26.852405  102.987598    11.858     4750.0   -10688.1     5864.7     77.8     98.4    109.6 2023  3  8 11 16  2.730  4.7   1
     4808  26.843980  102.995215    11.272     5507.1   -11621.5     5279.3    127.9    134.3    150.5 2023  3  8 11 32  1.250  4.6   1
     4811  26.848535  102.979590    13.817     3955.4   -11116.8     7824.4    119.3    108.5     88.8 2023  3  8 12 16  0.270  3.5   1
     4815  26.852673  102.924015     9.516    -1566.3   -10658.2     3522.6    246.7    159.5    183.2 2023  3  8 13 18 43.040  4.4   1
     4817  26.859460  102.977417     8.476     3739.2    -9906.3     2482.6    105.5    107.3    119.0 2023  3  8 14 11 31.600  3.5   1
     4819  26.873442  102.926253    13.571    -1343.4    -8357.1     7578.3    279.4    214.8    152.6 2023  3  8 14 20 24.160  3.3   1
     4826  26.860223  103.000342    12.272     6016.3    -9821.6     6278.6    177.6    154.1    195.1 2023  3  8 16 15 45.670  3.2   1
     4829  27.127936  102.838550    10.551   -10043.8    19841.5     4557.6     59.2     61.6    108.4 2023  3  8 16 47  0.080  4.2   1
     4831  26.851166  102.939185     7.818      -59.2   -10825.2     1825.2    149.9    106.4    154.3 2023  3  8 17 18 39.800  3.2   1
     4842  26.838149  102.955428     8.008     1554.8   -12267.5     2014.9     89.8     68.9     88.5 2023  3  8 18 28  0.140  3.5   1
     4844  26.852035  102.938761    14.324     -101.1   -10729.0     8331.4     98.5     82.7     86.3 2023  3  8 18 45 27.760  2.8   1
     4847  26.844763  102.975968     7.346     3594.9   -11534.7     1352.5     33.3     32.3     63.4 2023  3  8 18 57 27.600  2.7   1
     4849  26.958706  102.809977     7.650   -12888.9     1090.5     1657.1     91.8    125.3    139.9 2023  3  8 19  8 18.620  2.2   1
     4851  26.847546  102.929167     8.268    -1054.4   -11226.4     2274.7    160.4    149.0    180.4 2023  3  8 19 33  5.040  3.0   1
     4861  26.840855  102.955176     6.572     1530.0   -11967.7      579.0    180.7    133.5    204.4 2023  3  8 21  9 17.160  3.3   1
     4863  26.851674  102.950114     9.904     1026.8   -10768.9     3911.3     67.0     57.2     90.4 2023  3  8 22  6  3.880  2.9   1
     4866  26.829818  102.981315     5.946     4126.5   -13190.8      -47.4    206.1    155.9    277.4 2023  3  8 22 33 58.560  2.5   1
     4867  26.849430  102.976693    14.228     3667.4   -11017.5     8235.3    100.5    116.2     81.3 2023  3  8 22 37 23.320  5.3   1
     4869  26.844008  102.973942     9.013     3394.1   -11618.3     3020.2     54.8     43.6     62.4 2023  3  8 22 47 56.720  3.4   1
     4870  26.849223  102.956250    11.095     1636.4   -11040.5     5102.3    122.7     90.9    100.7 2023  3  8 22 53 20.080  4.4   1
     4871  26.857505  102.957723    11.293     1782.3   -10122.8     5300.4    141.5    154.1    109.0 2023  3  8 23  1 14.240  4.4   1
     4874  26.852753  103.023535     7.366     8320.2   -10649.4     1372.8     40.8     25.0     66.0 2023  3  8 23 13 55.680  3.0   1
     4875  26.850096  102.946501     9.617      667.6   -10943.9     3624.4     77.6     67.5     82.3 2023  3  8 23 18 10.680  3.7   1
     4876  26.847139  102.928426    11.091    -1127.8   -11271.5     5097.8     66.5     55.2     60.6 2023  3  8 23 31 30.160  3.5   1
     4878  26.858746  102.993693    15.112     5355.9    -9985.3     9118.8     52.9     57.0     57.5 2023  3  8 23 45 23.320  3.4   1
     4879  26.839996  102.936743    10.903     -301.9   -12062.8     4909.6     97.8     82.9     85.2 2023  3  8 23 46 48.580  3.6   1
     4881  26.859861  102.938249     8.138     -152.0    -9861.9     2145.2     71.1     57.2     54.3 2023  3  9  0  8 16.170  3.0   1
     4882  26.842204  102.995337     9.945     5519.9   -11818.4     3952.2     60.1     54.5     73.1 2023  3  9  0 11 33.010  3.5   1
     4883  26.850419  102.933626    11.343     -611.3   -10908.1     5349.7     75.2     52.2     86.5 2023  3  9  0 20 14.340  4.0   1
     4884  26.865295  102.961263    17.623     2134.5    -9259.7    11629.5    109.3     66.1     66.3 2023  3  9  0 23 50.010  4.0   1
     4886  26.888391  102.784285    17.102   -15444.3    -6700.6    11109.0      0.0      0.0      0.0 2023  3  9  0 34 17.400  2.9   1
     4890  26.848678  102.921370    12.013    -1828.8   -11101.1     6020.0     88.3     71.9     81.8 2023  3  9  1 40 14.960  3.8   1
     4893  26.853294  102.960889    10.062     2097.1   -10589.4     4069.0    125.3    124.3    108.3 2023  3  9  5 13 22.700  5.9   1
     4894  26.858016  102.989803    14.045     4969.2   -10066.3     8052.0     48.0     42.3     30.7 2023  3  9  5 38 48.930  3.3   1
     4897  26.880408  102.889795    10.879    -4964.6    -7585.3     4886.4     61.7     55.8     35.6 2023  3  9  6 15  2.590  3.8   1
     4898  26.862952  102.971029     8.883     3104.0    -9519.5     2890.4     81.3     59.5     70.7 2023  3  9  6 15 57.280  3.5   1
     4900  26.858736  102.971566    10.703     3157.4    -9986.5     4710.0    153.0    120.5    146.1 2023  3  9  6 32  3.540  4.3   1
     4902  26.857542  102.968669    10.910     2869.6   -10118.8     4916.6     84.1     78.2     74.0 2023  3  9  6 45 48.880  4.0   1
     4903  26.861462  102.949748    11.815      990.7    -9684.3     5821.9    100.9     64.8     79.4 2023  3  9  6 46 51.560  3.8   1
     4905  26.844539  102.955851     4.765     1597.0   -11559.4    -1228.1     45.2     51.4     61.4 2023  3  9  7  8 25.460  3.1   1
     4909  26.866823  102.953060    14.754     1319.5    -9090.4     8760.6    192.9    166.2     82.7 2023  3  9  7 34 40.850  4.3   1
     4910  26.863841  102.959880    11.691     1996.7    -9420.8     5698.4     58.8     63.3     63.5 2023  3  9  7 45 49.050  3.3   1
     4911  26.858728  102.981641    10.373     4158.7    -9987.4     4379.6     52.6     60.1     52.5 2023  3  9  7 50 26.180  3.9   1
     4912  26.842912  102.975366    11.685     3535.8   -11740.0     5691.7     90.2     58.9     93.4 2023  3  9  8  5  8.630  4.8   1
     4914  26.851725  102.945117     6.959      530.7   -10763.4      965.5    112.8     89.5    125.0 2023  3  9  8 52 12.370  3.2   1
     4916  26.854468  102.980216    11.204     4017.2   -10459.4     5211.2     71.1     62.2     69.8 2023  3  9  9  0 32.420  4.1   1
     4917  26.850096  102.974227     7.748     3421.8   -10943.9     1754.5     69.6     39.4     89.0 2023  3  9  9  4 21.020  3.5   1
     4918  26.854338  102.928117    10.505    -1158.6   -10473.9     4511.8    147.6    118.0    134.9 2023  3  9  9 17 12.240  4.3   1
     4926  27.117603  102.842065    10.813    -9696.0    18696.6     4820.1    117.0     74.2     90.0 2023  3  9 10 41  7.130  4.5   1
     4928  26.839083  102.958960     3.840     1905.7   -12164.2    -2152.7    193.9    184.1    301.7 2023  3  9 10 55  9.960  2.9   1
     4929  26.868483  102.966585    13.314     2662.5    -8906.5     7320.7     88.0     88.7     62.8 2023  3  9 11 29 18.650  3.4   1
     4930  26.858982  102.990698     9.964     5058.7    -9959.2     3971.1     67.2     78.3     82.5 2023  3  9 11 30 47.930  3.3   1
     4948  26.842037  102.991195    11.351     5108.3   -11836.8     5357.7     60.9     69.3     76.1 2023  3  9 14 21 16.690  3.2   1
     4952  26.841028  102.987402     8.124     4731.0   -11948.6     2130.7     71.4     61.7    112.8 2023  3  9 16 32  5.440  4.1   1
     4958  26.865045  102.862728     9.631    -7654.0    -9287.3     3637.9     39.4     63.1    105.3 2023  3  9 19  9 13.540  4.3   1
     4959  26.850804  102.916105    11.265    -2351.6   -10865.5     5271.7     94.9     85.5     82.1 2023  3  9 19 16 19.620  2.8   1
     4963  26.850873  102.943075    11.266      327.7   -10857.7     5273.2     82.5     71.9     61.7 2023  3  9 20 12 33.500  2.8   1
     4966  26.855825  102.942188    13.946      239.6   -10309.1     7952.9    103.3     86.9     66.0 2023  3  9 20 28 34.180  3.9   1
     4969  26.850669  102.948006    11.024      817.5   -10880.3     5031.3     62.6     48.9     57.6 2023  3  9 20 49 10.180  3.5   1
     4971  26.842240  102.969002     6.993     2903.0   -11814.2      999.8    593.9    464.1    683.6 2023  3  9 20 56  0.000  2.7   1
     4972  26.856443  102.937980    13.998     -178.6   -10240.5     8004.5    143.0    137.6    119.8 2023  3  9 20 59 26.520  3.3   1
     4974  26.867806  102.961035    13.542     2111.6    -8981.5     7548.6    136.0    126.3     97.1 2023  3  9 21  6 49.720  5.2   1
     4975  26.866890  102.944035    15.947      423.0    -9083.0     9954.0    226.7    172.5    154.4 2023  3  9 21 12 28.800  3.3   1
     4977  26.889744  102.869181     7.253    -7011.8    -6550.7     1259.5     15.8     13.7     27.2 2023  3  9 21 21 14.400  2.6   1
     4981  26.855495  102.946232    11.623      641.4   -10345.6     5630.0     93.6     45.9     69.2 2023  3  9 21 36  5.360  3.9   1
     4984  26.844562  102.996615    10.148     5646.2   -11557.1     4155.2    145.8    115.7    163.9 2023  3  9 21 46 59.720  2.8   1
     4988  26.879085  102.896549    13.051    -4294.3    -7731.7     7057.7     32.9     31.5     19.1 2023  3  9 22 21 41.340  2.9   1
     4992  26.851805  102.973389    10.879     3338.7   -10754.6     4885.5     71.0     66.1     49.1 2023  3  9 22 48 34.400  3.8   1
     4997  26.864203  102.947729    13.248      790.2    -9380.7     7255.2    120.3     78.5     90.5 2023  3 10  0 20 44.950  5.5   1
     4999  26.849672  102.944067    11.812      426.0   -10990.7     5818.7    131.7    108.0    109.6 2023  3 10  0 50 10.610  4.2   1
     5000  26.854059  102.976221    16.023     3620.6   -10504.6    10030.4    127.6    101.1    110.9 2023  3 10  1 32 17.130  4.6   1
     5001  26.860706  102.962663    12.306     2272.9    -9768.2     6313.0     76.1     80.1     69.7 2023  3 10  1 58 31.600  2.6   1
     5004  26.866638  102.906079     9.234    -3348.0    -9110.9     3241.0     51.7     33.1     67.0 2023  3 10  2 51 15.710  3.4   1
     5005  26.940969  102.828206     8.885   -11079.4     -875.0     2891.8     25.0     28.2     21.9 2023  3 10  2 53 24.800  3.2   1
     5007  26.842843  102.971053     9.225     3106.7   -11747.5     3232.4     53.3     55.3     62.3 2023  3 10  3 17 29.440  3.0   1
     5009  26.847750  103.016536    14.419     7625.5   -11203.9     8425.7     86.9     38.5     56.9 2023  3 10  3 28 22.810  3.7   1
     5010  26.842505  102.940812     9.604      102.4   -11784.9     3610.5    146.0     99.5    151.0 2023  3 10  3 57 59.450  3.5   1
     5011  26.867607  102.935685    11.069     -406.7    -9003.5     5076.0    118.1    127.2    133.9 2023  3 10  5 39 33.770  2.9   1
     5014  26.867069  102.952165    11.845     1230.4    -9063.1     5852.2     62.4     58.2     53.5 2023  3 10  6 35 52.600  3.3   1
     5015  26.966376  102.792961     7.146   -14578.0     1940.2     1153.0     98.4    149.3    167.8 2023  3 10  6 36 58.260  2.9   1
     5021  26.862089  102.917440     8.999    -2218.8    -9614.9     3006.2     99.2     99.1    120.3 2023  3 10 10 18  2.270  2.9   1
     5022  26.844116  102.991903    10.192     5178.3   -11606.4     4198.7     57.5     49.4     59.4 2023  3 10 11 21 23.550  3.4   1
     5023  26.849353  102.963322    13.237     2338.5   -11026.1     7244.2    122.5     87.8    108.9 2023  3 10 12 19 19.430  3.5   1
     5024  26.831905  102.988224    12.841     4813.2   -12959.4     6848.2     37.4     42.4     72.6 2023  3 10 13 19 22.060  4.1   1
     5030  26.869600  102.924959    10.606    -1471.9    -8782.8     4613.2     84.8     74.5     66.6 2023  3 10 14 54 40.440  2.6   1
     5032  26.841246  102.936890    14.589     -286.8   -11924.4     8595.6    156.7    109.7     63.8 2023  3 10 16 13 27.840  3.8   1
     5036  27.036049  102.883748    11.372    -5561.5     9660.3     5379.1    232.9    138.5    137.2 2023  3 10 18  8  4.040  4.8   1
     5041  27.027356  102.902018    12.015    -3748.7     8697.1     6022.0     52.6     57.3     29.3 2023  3 10 18 52 49.780  3.7   1
     5043  27.038275  102.909090     9.949    -3046.3     9906.9     3956.3    201.9    107.1     96.5 2023  3 10 18 57 22.840  3.7   1
     5044  27.018414  102.890340    10.973    -4907.4     7706.3     4979.6    156.1    120.1     95.5 2023  3 10 19  2 23.560  3.3   1
     5045  27.028855  102.896737     9.820    -4272.3     8863.2     3827.3     80.0     43.8     35.1 2023  3 10 19  5 56.440  3.2   1
     5048  27.014288  102.896476    11.938    -4298.9     7249.2     5944.9     45.4     55.4     36.4 2023  3 10 19 23 42.860  2.3   1
     5049  26.866833  102.938127    10.645     -164.1    -9089.3     4651.6    106.8    106.3     76.7 2023  3 10 19 42 54.160  3.0   1
     5052  27.025981  102.904126     9.547    -3538.8     8544.6     3553.9    112.1     63.2     52.9 2023  3 10 19 55 36.560  3.2   1
     5054  26.851479  102.969743     6.898     2976.9   -10790.5      904.7     81.5     68.3    129.7 2023  3 10 20 14 21.840  3.4   1
     5055  27.026530  102.892163    10.102    -4727.0     8605.6     4108.6    113.1     66.1     36.1 2023  3 10 20 25 37.900  3.9   1
     5061  26.855060  102.960034     8.493     2012.6   -10393.9     2500.0    268.9    224.1    251.3 2023  3 10 21  1 11.540  3.5   1
     5064  26.846413  102.969849     5.586     2987.1   -11352.0     -407.0    121.7     97.7    162.9 2023  3 10 21 25  8.900  3.2   1
     5065  26.846330  102.938086     8.840     -168.2   -11361.1     2847.1    168.7    151.5    174.5 2023  3 10 21 37 59.520  3.1   1
     5070  26.854799  102.968758     8.705     2879.0   -10422.8     2712.4     84.2     81.7     97.9 2023  3 10 22 15  6.200  3.0   1
     5071  27.112095  102.861279    13.219    -7789.1    18086.5     7225.5    165.0    151.1    121.2 2023  3 10 22 20 47.880  3.5   1
     5072  26.866687  102.943693    12.679      389.0    -9105.5     6685.9    108.0     99.2     86.7 2023  3 10 22 47  7.080  2.2   1
     5079  26.859155  102.949259     6.859      941.7    -9940.0      866.0     89.4     95.0    124.5 2023  3 10 23 16  8.140  3.5   1
     5080  26.862067  102.972152     8.349     3216.2    -9617.4     2356.4     76.7     66.5     80.2 2023  3 10 23 23 55.640  3.3   1
     5083  27.108445  102.830477     9.745   -10846.1    17681.9     3751.9     50.2     27.8     37.6 2023  3 11  0  8 26.740  3.5   1
     5087  26.850476  102.960701    11.839     2078.6   -10901.7     5845.9     74.8     78.3     93.3 2023  3 11 13  1 44.270  3.3   1
     5091  26.918127  102.791813    10.585   -14694.9    -3405.8     4592.0     77.8    100.5     82.7 2023  3 11 14 29 21.430  2.3   1
     5092  27.100488  102.824495     9.513   -11439.9    16800.3     3520.1     89.8     54.9     87.6 2023  3 11 14 41 36.040  2.8   1
     5106  26.875580  102.873071     7.799    -6625.9    -8120.1     1806.0     20.5     10.9     28.3 2023  3 11 21  1 59.360  2.7   1
     5115  27.159701  103.120394    12.265    17918.1    23361.2     6271.7     67.7     51.7    100.3 2023  3 11 23 30 29.120  4.9   1
     5121  26.840523  102.941162    12.470      137.3   -12004.6     6476.7    167.9    123.0    124.9 2023  3 12  1 19  0.220  4.1   1
     5132  26.844509  102.962541     9.141     2261.4   -11562.8     3148.4    176.1    128.5    194.2 2023  3 12  8 12 14.250  3.6   1
     5136  27.117495  102.794320     3.110   -14433.4    18684.7    -2883.3     93.7     69.8    220.7 2023  3 12  9 45 22.730  4.0   1
     5148  26.875332  102.895850    14.559    -4363.2    -8147.7     8565.5     34.4     32.1     18.2 2023  3 12 15 10  5.380  3.3   1
     5152  26.862642  102.930607     8.758     -910.8    -9553.7     2765.3    154.1     87.0    101.3 2023  3 12 16  1 19.410  2.5   1
     5157  26.881482  102.911735    15.201    -2785.7    -7466.3     9208.1    150.9    119.3     83.3 2023  3 12 19  9 25.120  3.2   1
     5158  26.997827  102.800342     4.955   -13843.4     5425.2    -1038.4     83.8     93.2    100.7 2023  3 12 19 23 38.260  3.5   1
     5162  27.127700  102.845516    10.221    -9353.1    19815.3     4228.3    155.5    136.0    171.5 2023  3 12 20 30 52.180  2.9   1
     5165  26.946297  102.823641     8.061   -11532.3     -284.6     2067.8     24.0     27.3     25.0 2023  3 12 21 27  6.560  3.0   1
