        3  26.913654  102.834896    12.042   -10267.0    -4025.7     5905.7    385.2    477.2    345.1 2022  8 23 16 29 48.550  1.9   1
      444  27.025075  102.791121     8.814   -14607.2     8320.1     2677.9      8.9     11.7      6.1 2022  9 24  7 41 55.320  2.6   1
      672  26.822904  102.895199    10.756    -4279.7   -14080.9     4619.1      3.6      2.3      2.9 2022 10 10  3 35  1.940  3.7   1
      779  27.067674  102.753988     4.537   -18289.9    13040.1    -1599.1     11.2     17.2     14.9 2022 10 17 22 37 48.240  2.6   1
     1068  26.731866  103.090853     9.751    15165.3   -24168.3     3614.2     25.1     26.0     66.0 2022 12  4 21  3 17.040  1.6   1
     1104  26.870927  102.902832     9.590    -3520.9    -8759.9     3453.1     54.5     31.8     67.8 2023  1  1  1  2 48.170  2.7   1
     1148  26.921934  102.899512     9.395    -3849.6    -3108.2     3258.2    180.0    102.0    162.4 2023  1  1 17  9 12.760  2.5   1
     1150  26.924976  102.916374     7.221    -2174.5    -2771.1     1084.8     95.4     71.5     88.7 2023  1  1 17 54 31.060  2.5   1
     1194  26.824333  102.943368    13.243      506.3   -13922.7     7106.5    111.1    107.4     74.8 2023  1  2 13 15 59.500  3.7   1
     1213  26.979675  102.897445     8.529    -4054.1     3289.7     2393.0    213.6    447.2    131.9 2023  1  2 20 38 12.040  2.4   1
     1214  26.981724  102.906494    20.215    -3155.3     3516.7    14078.2     24.7     35.6     45.2 2023  1  2 20 43 14.180  0.7   1
     1233  27.102020  102.981217     8.010     4261.3    16845.8     1873.3      6.0      3.6      6.8 2023  1  3  3 48 43.310  3.1   1
     1248  27.135175  102.834188    12.690   -10326.8    20519.3     6553.6     21.5     29.2     15.1 2023  1  3 10 35 16.200  2.6   1
     1350  26.851925  102.957910    14.500     1950.8   -10865.4     8363.2     85.7     84.4    104.1 2023  1  4 19 27 11.020  3.5   1
     1360  26.969336  102.930029     5.802     -818.7     2144.0     -334.6     74.3     80.9     68.6 2023  1  4 22 34  8.940  2.1   1
     1387  26.843199  102.959456     8.147     2104.3   -11832.2     2010.1    142.0    142.7    178.5 2023  1  5 13 36 43.040  3.8   1
     1395  26.924337  102.914567     7.203    -2354.5    -2841.9     1066.3     99.1     69.1     91.4 2023  1  5 16 58 37.710  3.2   1
     1406  26.975260  102.908797    19.790    -2926.5     2800.4    13653.2     17.3     27.7     53.1 2023  1  5 18 53 13.880  1.2   1
     1410  26.847365  102.948193     4.767      985.3   -11370.6    -1369.3     28.1     48.8     80.3 2023  1  5 19 19 20.860  2.6   1
     1411  26.922172  102.838184    10.786    -9940.1    -3081.9     4649.8    374.0    495.4    349.0 2023  1  5 19 20 31.660  2.4   1
     1412  26.851823  102.944767     4.404      645.5   -10876.7    -1732.3     26.1     36.9     75.0 2023  1  5 19 34 36.200  2.3   1
     1425  26.823940  102.952474    13.910     1410.9   -13966.2     7773.6    164.1    145.2    101.7 2023  1  5 21  4 48.560  3.5   1
     1428  26.832204  102.971411    16.742     3292.0   -13050.5    10605.9    102.5     74.8     83.8 2023  1  5 21 57 36.580  5.6   1
     1431  26.831285  102.947648    10.768      931.4   -13152.4     4631.4    171.3    114.0    141.4 2023  1  5 22  4  9.800  4.9   1
     1432  26.874583  102.857747    11.208    -7998.8    -8354.8     5071.8    316.2    368.3    249.2 2023  1  5 22  8 18.040  2.8   1
     1433  26.838059  102.946672    11.585      834.6   -12401.8     5448.6     89.3    107.4    101.8 2023  1  5 22 15 54.360  2.9   1
     1436  26.824345  102.953361    14.187     1499.3   -13921.2     8050.5    174.0     97.3     86.1 2023  1  5 22 21  5.480  5.6   1
     1440  26.831342  102.960189    13.691     2177.7   -13146.1     7554.5     74.2    101.5     60.3 2023  1  5 22 45 17.520  4.8   1
     1441  26.837946  102.963949    12.339     2550.4   -12414.3     6202.7    103.8     69.8     69.2 2023  1  5 22 47 20.320  3.1   1
     1444  26.837651  102.967448    16.020     2898.1   -12447.2     9883.7     90.9    135.2     59.2 2023  1  5 23  2 29.760  3.2   1
     1445  26.833606  102.964323    11.826     2587.9   -12895.1     5689.4     78.0     60.9    104.9 2023  1  5 23  5 44.480  4.0   1
     1446  26.842957  102.944604    16.924      629.4   -11859.2    10787.8   9890.8   6431.3   6479.0 2023  1  5 23 11 18.480  3.4   1
     1448  26.823667  102.961922    14.700     2349.5   -13996.4     8563.9    140.6     75.4     72.0 2023  1  5 23 27 57.080  5.4   1
     1461  26.836094  102.922030    11.349    -1614.0   -12619.4     5212.1    139.5     66.8    146.1 2023  1  6  2  9 13.140  3.6   1
     1465  26.825895  102.971248    17.200     3276.0   -13749.5    11063.6    192.8    147.5    145.5 2023  1  6  2 50 22.410  5.9   1
     1467  26.835288  102.963818    11.992     2537.8   -12708.8     5855.2    103.5     64.9     46.3 2023  1  6  2 57  1.020  3.8   1
     1469  26.837817  102.949805    12.517     1145.5   -12428.5     6381.0    155.0    169.7    115.1 2023  1  6  3  0 59.270  3.6   1
     1470  26.829081  102.950562    13.287     1221.0   -13396.6     7150.3     81.6     68.0     68.0 2023  1  6  3 25  4.030  3.7   1
     1479  26.833901  102.960783    14.299     2236.3   -12862.5     8162.4     50.9     80.9     69.0 2023  1  6  4 27 46.330  3.9   1
     1480  26.832328  102.976326    13.443     3781.0   -13036.8     7306.3    141.4    151.7     91.4 2023  1  6  4 51 23.310  3.7   1
     1489  26.814669  102.960978    12.372     2255.8   -14993.5     6235.2    118.6    102.9    106.4 2023  1  6  6  5 52.330  3.0   1
     1490  26.836829  102.963517    13.413     2507.8   -12538.0     7276.8    202.2    223.6    137.4 2023  1  6  6  8 33.500  3.0   1
     1496  26.835443  102.960531    13.920     2211.3   -12691.6     7784.1    101.2    100.4     65.9 2023  1  6  7 51  6.930  4.0   1
     1509  26.836605  102.979891    17.156     4134.3   -12563.0    11019.4    127.8    164.4     90.5 2023  1  6 11  5  1.410  3.2   1
     1510  26.970219  102.908773     8.263    -2929.5     2241.9     2126.8    225.3    247.3    212.8 2023  1  6 11 15 40.300  5.4   1
     1511  26.838253  102.956966    14.088     1857.4   -12380.3     7951.5    102.0     87.3     89.9 2023  1  6 11 24 59.760  3.7   1
     1520  26.838013  102.949837    13.984     1148.8   -12406.8     7847.3    135.1    163.5     96.5 2023  1  6 14 37 17.560  3.7   1
     1530  26.834578  102.936442    10.360     -182.0   -12787.3     4223.5    139.4    110.4    140.0 2023  1  6 16 14 42.600  2.7   1
     1551  26.824615  102.952409    13.255     1404.5   -13891.4     7118.3    104.5     79.5     66.3 2023  1  6 20 36  5.420  3.7   1
     1558  26.828548  102.962720    13.371     2428.9   -13455.6     7234.7    105.4    133.9     71.0 2023  1  6 21 38 29.200  4.3   1
     1573  27.093427  102.979997     8.048     4140.8    15893.6     1911.7      5.9      3.5      7.0 2023  1  7  0 47 17.390  3.2   1
     1584  26.939162  102.671346    12.433   -26507.2    -1199.3     6296.6     43.5     54.0     51.6 2023  1  7  5 10 35.680  2.9   1
     1607  26.959629  102.890869     7.147    -4706.6     1068.6     1010.6    137.0     95.6    154.1 2023  1  7 15 39 14.060  2.9   1
     1608  27.100214  102.885197    14.010    -5267.2    16645.6     7873.6    333.3    173.3    170.3 2023  1  7 15 40  8.830  4.2   1
     1611  26.834798  102.949064    14.506     1071.9   -12763.1     8369.1     96.4     98.2     86.7 2023  1  7 16 37 55.380  2.6   1
     1620  26.809493  102.953939    12.711     1556.4   -15567.0     6574.2    117.9     88.2    131.4 2023  1  7 20 13  6.540  3.4   1
     1644  26.835030  102.923055    12.850    -1511.8   -12737.5     6714.1    292.0    222.5    218.7 2023  1  8  5 28 16.570  3.7   1
     1653  26.833936  102.952979    14.241     1461.2   -12858.8     8104.4     73.9     71.4     63.8 2023  1  8  9 21  3.240  3.7   1
     1662  26.821773  102.917619    11.975    -2052.1   -14206.2     5838.2    337.9    298.5    263.9 2023  1  8 12 18 53.450  3.6   1
     1675  26.831592  102.956689    11.782     1829.4   -13118.4     5645.9     97.7     60.9    103.6 2023  1  8 17  5 43.960  3.1   1
     1678  26.682129  102.997201    13.972     5858.4   -29679.3     7836.0     94.8     32.8     54.2 2023  1  8 18  3 48.840  3.2   1
     1688  26.827759  102.962362    14.554     2393.3   -13543.0     8418.0    135.4    154.0    106.4 2023  1  8 20 59 20.120  3.0   1
     1691  26.934326  102.856364    12.101    -8133.7    -1735.2     5964.2    116.5     68.6     89.6 2023  1  8 21 39 13.640  3.3   1
     1692  26.935836  102.869165    12.573    -6862.7    -1567.9     6436.2    114.7     70.2     87.9 2023  1  8 21 47 29.700  3.2   1
     1719  26.883984  102.939006     9.551       72.9    -7313.2     3414.5    104.7    102.1     95.2 2023  1  9 16  6 17.470  3.2   1
     1720  26.874302  102.933927    10.692     -432.0    -8385.9     4555.2    101.8     96.3    100.4 2023  1  9 16 14 24.770  3.0   1
     1721  26.874239  102.938493     9.268       21.5    -8392.9     3131.2    196.2    132.3    116.8 2023  1  9 16 39 28.720  3.0   1
     1722  26.875277  102.955558    14.826     1717.4    -8278.0     8689.9     43.6     48.1     22.4 2023  1  9 16 57 16.400  4.2   1
     1727  26.894676  102.963062    10.985     2461.8    -6128.5     4848.1    265.1    225.2    193.3 2023  1  9 19  8 37.980  2.9   1
     1730  26.869529  102.945728     8.368      740.8    -8914.8     2231.7     76.8     59.1     64.5 2023  1  9 19 27 32.440  2.9   1
     1732  26.884104  102.963607     9.607     2516.0    -7299.8     3470.2    231.7    219.8    188.4 2023  1  9 20 35 17.380  4.9   1
     1733  26.881946  102.945093    11.003      677.1    -7539.0     4866.9    123.0     86.9     67.8 2023  1  9 20 39 20.860  3.4   1
     1734  26.875730  102.942025     8.560      372.3    -8227.7     2423.4     56.2     57.5     57.3 2023  1  9 21 45  5.440  3.0   1
     1737  26.883885  102.939591    10.810      131.0    -7324.2     4673.3    131.6     69.9     77.8 2023  1  9 22  7  4.500  3.6   1
     1748  26.885630  102.941707    10.582      340.8    -7130.8     4445.2    129.0    117.0     96.7 2023  1 10  1 44 54.780  2.7   1
     1770  26.883293  102.918758     8.467    -1938.4    -7389.8     2330.3    187.1    170.1    137.6 2023  1 10  9 51  7.700  3.4   1
     1779  26.849225  102.929215    11.115     -899.8   -11164.7     4978.1     93.2     63.2     74.1 2023  1 10 13 36 48.280  3.4   1
     1781  26.824337  102.946322    11.173      800.0   -13922.1     5036.1     90.1    110.9    106.0 2023  1 10 15  7 20.700  2.9   1
     1783  26.856484  102.912565    15.176    -2554.1   -10360.2     9039.3    118.4    149.2    138.2 2023  1 10 15 13 25.930  3.7   1
     1785  26.853473  102.937134    11.604     -113.0   -10694.0     5467.5    105.1     79.8     84.8 2023  1 10 16 19 19.210  2.9   1
     1790  26.964506  102.919824     6.425    -1832.2     1608.8      288.3    167.4    150.6    117.5 2023  1 10 18 32 50.840  2.7   1
     1810  26.837939  102.925391    16.237    -1280.2   -12414.9    10101.0    272.8    185.2    192.7 2023  1 11  0  7 17.780  3.6   1
     1823  27.109790  102.835042    14.433   -10243.4    17706.8     8296.9    171.0    127.3    137.1 2023  1 11  4 48 26.140  4.3   1
     1846  26.877808  102.935270    11.441     -298.1    -7997.4     5305.1    104.7     99.0     99.6 2023  1 11 12 40 18.140  3.3   1
     1847  27.100535  102.855623    13.357    -8201.4    16681.2     7220.3     75.7     58.4     88.3 2023  1 11 12 47 56.460  2.5   1
     1855  26.884680  102.945597    10.469      727.8    -7235.9     4332.7    107.6     88.7     74.1 2023  1 11 15 39  2.760  3.5   1
     1862  26.889327  102.950789     9.583     1243.2    -6721.1     3446.1    191.2    121.2    123.5 2023  1 11 18 31 49.400  3.0   1
     1878  27.028312  102.801864    18.289   -13540.7     8678.7    12152.8    133.5     75.4    130.7 2023  1 12  1 42  2.140  3.9   1
     1898  27.114303  102.820215    13.636   -11714.8    18206.7     7499.8    122.4    116.6    121.0 2023  1 12 11  0 25.500  4.2   1
     1923  27.113407  102.816642    13.875   -12068.8    18107.5     7738.4     97.9    107.2    101.1 2023  1 12 21 27 16.860  4.8   1
     1926  27.106608  102.824992    14.433   -11240.7    17354.1     8296.4    222.0    149.7    213.0 2023  1 12 22 45 29.160  3.7   1
     1934  27.109583  102.851497    11.876    -8610.9    17683.8     5739.8    196.2    184.2    181.3 2023  1 13  1 42 41.480  3.2   1
     1941  26.824990  102.981274    10.479     4272.7   -13849.8     4342.4    141.1    110.3    121.7 2023  1 13  5 13  5.790  3.6   1
     1947  27.112030  102.821021    13.957   -11634.4    17955.0     7820.8    116.1     90.3    108.1 2023  1 13  9 37 46.380  2.8   1
     1957  27.114919  102.820964    10.516   -11640.4    18275.0     4379.9    108.0     59.8     56.9 2023  1 13 11 23 47.790  3.1   1
     1965  27.103882  102.809220    12.623   -12806.0    17052.2     6486.8     82.4     42.3     49.7 2023  1 13 13 55 47.290  3.4   1
     1983  27.109395  102.861051    13.194    -7662.3    17663.0     7057.3    180.1    113.7     73.5 2023  1 13 18 44 10.720  3.2   1
     1986  27.095667  102.954940     6.835     1653.7    16141.8      698.6    178.1    114.2    199.0 2023  1 13 20 24 47.360  2.4   1
     1999  26.780353  102.977393    13.856     3887.8   -18795.7     7719.8     65.9     81.3     94.7 2023  1 14  2  9 10.410  3.6   1
     2002  26.789929  102.977368    14.867     3885.1   -17734.7     8730.9     69.7     87.4     83.8 2023  1 14  2 13 49.160  3.6   1
     2014  26.881234  102.925065     8.738    -1312.1    -7617.8     2601.8    131.1    105.0    109.0 2023  1 14  8 57 20.990  2.8   1
     2057  26.958146  102.909001     7.779    -2906.9      904.3     1642.8    159.4    116.1    122.6 2023  1 14 21 31 33.240  2.7   1
     2063  27.105520  102.824227    10.818   -11316.9    17233.5     4681.6     47.6     40.8     67.2 2023  1 14 23 36 57.880  3.7   1
     2077  27.067830  103.140511    11.355    20071.8    13057.5     5219.0      6.4      7.1     11.2 2023  1 15  3  5 26.790  3.6   1
     2119  27.108160  102.831128    13.640   -10632.3    17526.1     7504.0    160.4    125.2    139.8 2023  1 15 17 11  5.080  3.8   1
     2153  26.838920  102.954850    13.075     1646.6   -12306.3     6938.9    115.2    121.0    112.4 2023  1 16  2 13 26.450  3.6   1
     2173  26.858608  102.960173    10.720     2175.8   -10124.9     4583.9    125.3     70.4    159.7 2023  1 16  8 53 26.520  3.6   1
     2175  26.844444  102.970044    13.955     3156.1   -11694.2     7818.6    163.1    156.9    159.3 2023  1 16  8 58 50.730  3.3   1
     2195  26.839508  102.978483    13.359     3994.9   -12241.2     7222.5     27.1     55.7     88.2 2023  1 16 16  3 18.920  3.4   1
     2198  26.974290  102.921257     7.803    -1689.9     2692.9     1666.6    104.2     61.0     73.2 2023  1 16 16 16 44.450  3.2   1
     2199  26.969767  102.947371     8.268      903.4     2191.8     2131.8    184.5    156.2    173.6 2023  1 16 16 20  5.830  3.0   1
     2281  27.063961  103.037956    11.064     9893.8    12628.8     4927.2    174.8     67.1    156.9 2023  1 17 15 29  9.270  3.3   1
     2293  26.826097  102.969531     8.261     3106.0   -13727.2     2124.7     20.6     12.6      8.3 2023  1 17 18 26 33.720  2.6   1
     2348  26.998747  102.876221     6.136    -6160.1     5402.7       -0.0     10.3      6.0      7.2 2023  1 18  7 22 51.730  3.2   1
     2409  26.951676  102.990861     6.675     5221.7      187.4      538.8     22.3     35.1     20.1 2023  1 19  5 13 45.370  2.7   1
     2443  26.575362  103.042367    13.048    10353.7   -41509.3     6912.9    152.6    153.1    151.2 2023  1 19 18 37 36.240  3.7   1
     2447  26.858140  102.946086    11.916      776.1   -10176.9     5780.1    185.0    146.9    116.9 2023  1 19 22  6 22.960  3.6   1
     2453  26.932068  102.678019    12.216   -25845.1    -1985.4     6079.9     43.4     52.8     52.2 2023  1 19 23 53 15.560  1.7   1
     2463  26.978339  102.832983    14.114   -10453.9     3141.7     7977.9    180.3    155.1    120.2 2023  1 20  8 24  0.370  3.4   1
     2480  26.916897  102.925065    12.531    -1312.0    -3666.4     6394.4    150.7    136.2    128.4 2023  1 20 16 55 36.370  2.9   1
     2487  26.978689  102.900496    20.758    -3750.7     3180.3    14621.7     39.5     24.3     19.6 2023  1 20 18 16 42.820  3.0   1
     2490  27.115497  102.812907    14.248   -12439.8    18339.1     8111.3    128.7    114.8    131.2 2023  1 20 19  7 17.640  3.4   1
     2499  26.733997  102.897965    13.786    -4006.3   -23932.2     7649.8     11.8     19.9     19.1 2023  1 20 20 43 15.000  1.3   1
     2537  26.977588  102.803735    14.754   -13357.9     3058.4     8617.1    286.9    121.5    192.8 2023  1 21 19 43 34.100  3.3   1
     2595  26.920502  102.922445    11.291    -1572.1    -3267.0     5154.7    149.6    134.2    131.8 2023  1 22 20 25 59.880  2.7   1
     2608  27.124015  102.787549    10.522   -14955.1    19283.0     4385.8     87.9     92.5    107.5 2023  1 22 23 57 49.340  3.1   1
     2630  27.060909  103.130705     9.955    19098.7    12290.6     3818.4      6.5      7.0     18.9 2023  1 23 13 50 46.020  3.2   1
     2654  27.104433  102.846232    14.725    -9133.3    17113.2     8588.6    157.8    110.5    107.0 2023  1 23 21 54 10.300  4.3   1
     2674  27.111906  102.812264    11.695   -12503.8    17941.2     5559.0     81.0     43.8     58.5 2023  1 24  5 27  3.620  3.5   1
     2700  26.980210  102.926090     9.364    -1209.4     3348.9     3227.8    143.9    186.5    131.3 2023  1 24 17  6 42.280  4.3   1
     2703  26.844214  102.927637    13.955    -1056.5   -11719.8     7818.2    123.1     94.5     78.1 2023  1 24 18 28 40.720  5.3   1
     2705  26.844440  102.934709    10.315     -353.8   -11694.8     4178.5     74.9     87.4     63.4 2023  1 24 18 39  8.100  3.5   1
     2706  26.843892  102.937476    13.704      -79.2   -11755.4     7567.9    134.1    100.1    102.0 2023  1 24 19  2 19.360  4.5   1
     2729  26.864429  102.917334    14.919    -2080.2    -9479.9     8782.3    119.8    144.3    105.9 2023  1 25  2 54 46.450  3.1   1
     2748  26.969371  102.916317     8.231    -2180.5     2148.0     2094.1     72.1     71.9     78.2 2023  1 25 12 51 58.640  3.5   1
     2751  26.974851  102.923096     9.165    -1507.1     2755.2     3028.3    106.5    117.1     96.9 2023  1 25 14  8 38.810  3.4   1
     2756  26.948667  102.905697     6.464    -3234.9     -146.1      328.1    308.1    231.2    242.0 2023  1 25 15 29  8.450  3.3   1
     2790  26.720894  103.007536    11.669     6884.7   -25384.0     5532.5    124.4    125.2    111.3 2023  1 25 22 18 21.720  4.1   1
     2804  26.734391  102.898079    13.745    -3994.9   -23888.5     7608.9     11.8     19.9     19.2 2023  1 25 23 33 14.880  3.5   1
     2823  26.978715  102.907528    19.861    -3052.4     3183.4    13724.4     22.1     41.1     47.9 2023  1 26  8 13 13.850  1.8   1
     2826  26.987748  102.831429    14.525   -10607.9     4184.3     8389.0    168.8    120.5    112.7 2023  1 26  8 57 51.390  3.5   1
     2851  26.955552  102.936784     9.936     -148.1      616.8     3799.3     81.6     67.7     71.9 2023  1 26 20 34 54.440  2.6   1
     2868  26.856930  102.937085    11.135     -118.3   -10311.0     4998.5    157.9    109.1    114.0 2023  1 27  3  4  5.290  3.2   1
     2876  26.862789  102.982137    12.663     4357.7    -9661.6     6526.7    242.4    223.0    206.2 2023  1 27  6 13 52.750  3.3   1
     2877  26.686749  102.999097    13.733     6046.9   -29167.3     7596.3     95.3     33.8     57.4 2023  1 27  6 25 49.430  3.5   1
     2889  26.988283  102.832503    13.346   -10501.1     4243.5     7209.7    135.4     85.6     97.7 2023  1 27 10 58 34.340  3.6   1
     2895  26.981616  102.902010     9.299    -3600.5     3504.7     3162.2    208.9    548.0    132.2 2023  1 27 12  9 22.740  3.3   1
     2898  26.974190  102.931160     9.070     -705.9     2682.0     2933.6    115.2    145.4    102.3 2023  1 27 13 50 19.660  3.3   1
     2904  26.993913  102.826668    13.786   -11080.0     4867.3     7649.8    112.3     55.4     87.2 2023  1 27 15 33 31.920  3.2   1
     2917  27.052216  102.754036     4.401   -18286.2    11327.3    -1735.0     10.3     20.4     13.8 2023  1 27 18 35 17.800  1.3   1
     2922  27.114329  102.848698     7.757    -8888.5    18209.7     1620.5    141.5     85.0    148.6 2023  1 27 20 21  5.380  3.1   1
     2929  27.035463  102.759928    13.783   -17702.8     9471.2     7646.8    127.8    129.6    124.5 2023  1 27 23 50 57.520  3.2   1
     2936  26.828805  102.971037    14.452     3255.3   -13427.2     8315.1    122.0    148.6     89.7 2023  1 28  2  0 52.420  3.3   1
     2956  26.878794  102.869946    10.464    -6786.8    -7888.1     4327.5    332.0    367.8    245.2 2023  1 28 10 40 14.790  2.7   1
     2958  26.976440  102.790544    16.239   -14668.0     2931.2    10102.3    276.6    115.9    245.8 2023  1 28 11 46 10.310  3.4   1
     2964  26.924369  102.899349     6.432    -3865.3    -2838.3      295.8     79.0     57.1     61.0 2023  1 28 12 13 23.580  3.3   1
     2982  26.927317  102.886702     9.845    -5121.5    -2511.7     3709.1    101.9    130.1     76.9 2023  1 28 19 57 32.200  3.4   1
     2983  26.828107  102.975765     8.249     3724.7   -13504.5     2112.3     22.4     12.9      8.5 2023  1 28 20  3 15.040  1.2   1
     3022  26.718697  103.024194    11.245     8540.9   -25627.4     5108.2    116.0    124.2    114.9 2023  1 29 13 41  6.720  3.2   1
     3042  27.115887  102.752653     7.392   -18418.5    18382.4     1256.0    325.1    181.0    217.1 2023  1 29 20 41  5.560  1.4   1
     3047  26.857284  102.952865     7.833     1449.4   -10271.6     1696.7     87.8     86.9    119.0 2023  1 29 22 51 44.600  3.2   1
     3073  26.835746  102.942586     9.807      428.7   -12657.9     3670.7     70.9     92.1     94.2 2023  1 30 12  1 48.770  3.0   1
     3077  26.862697  102.953076    14.942     1470.4    -9671.8     8805.3    202.3    216.4    162.8 2023  1 30 12 26 51.580  3.5   1
     3101  26.868508  102.953418     8.280     1504.3    -9027.9     2143.9    105.7    140.4    119.9 2023  1 30 23 34 55.420  2.2   1
     3136  26.623918  103.014852    12.194     7614.7   -36129.2     6057.4     97.0     62.8     93.0 2023  1 31 16 27 59.290  3.8   1
     3140  26.883049  102.922559     8.705    -1560.6    -7416.8     2569.0    141.5     95.8    124.9 2023  1 31 17  3 23.640  3.8   1
     3153  26.928764  102.912948     8.195    -2515.3    -2351.4     2058.9    106.5     89.0     77.0 2023  1 31 20 31 50.780  2.5   1
     3161  26.933435  102.912565     8.225    -2552.9    -1833.9     2089.0    163.2    115.8    143.1 2023  1 31 22 23 52.560  2.7   1
     3205  26.995036  102.860409     5.929    -7730.7     4991.7     -207.2     10.2      6.0      7.1 2023  2  1 21 43 10.840  1.7   1
     3256  27.105200  102.763127     6.744   -17379.8    17198.2      607.7    264.5    185.8    210.8 2023  2  2 18 28 39.720  2.2   1
     3269  26.830865  102.955933     6.059     1754.3   -13198.8      -77.1    173.8    140.6    263.1 2023  2  2 21 52 48.160  2.3   1
     3291  27.107147  102.838696     8.489    -9881.4    17414.0     2352.5    144.5     90.2    154.6 2023  2  3  9 59 32.770  3.5   1
     3336  27.165615  103.130347    12.112    19054.8    23892.3     5975.4     65.4     54.8    109.1 2023  2  4 10 29 17.550  4.6   1
     3366  26.984414  102.897803    19.956    -4017.9     3814.6    13819.4     50.0     17.8     39.6 2023  2  4 20  3 14.540  1.6   1
     3367  26.855573  102.948258    13.742      991.8   -10461.3     7605.9    129.6    128.4     78.5 2023  2  4 20  7 36.480  2.5   1
     3368  26.733777  103.088639    10.975    14945.7   -23956.5     4838.2     29.9     27.7     61.0 2023  2  4 20 33 16.400 -0.2   1
     3373  26.981830  102.920451     6.760    -1769.1     3528.4      623.3    265.4    253.2    332.4 2023  2  4 21 12 48.680  2.8   1
     3392  26.494576  102.992228     9.388     5368.7   -50460.5     3251.2     31.2     46.6     40.0 2023  2  5 11 56 54.050  3.3   1
     3395  26.976764  102.758732    12.099   -17826.2     2967.2     5962.2     93.2    110.4     67.0 2023  2  5 12 41 57.150  3.3   1
     3419  26.967497  102.919165     9.532    -1896.9     1940.3     3395.8     69.5     81.9     76.7 2023  2  6  1 12 27.600  4.9   1
     3434  26.967891  102.915951     9.864    -2216.4     1984.1     3727.4     83.9     89.6     73.5 2023  2  6  8 30 31.150  4.5   1
     3470  27.127657  102.878198     6.486    -5960.3    19686.4      349.7     39.8     35.1     55.4 2023  2  6 22 10  4.780  2.6   1
     3497  26.578833  103.057015    11.506    11809.9   -41124.6     5369.7    110.1     95.3    105.4 2023  2  7 12 22 33.570  3.9   1
     3499  26.567853  103.059644    11.328    12071.8   -42341.3     5191.1    150.2    139.7    159.1 2023  2  7 12 51 49.860  3.6   1
     3505  27.024829  102.793294    16.992   -14391.5     8292.8    10855.2     81.6     62.0     87.4 2023  2  7 14  0  9.910  3.1   1
     3506  26.976622  102.931543     5.294     -667.8     2951.3     -842.8     73.9     95.8     78.1 2023  2  7 14 24 46.020  2.7   1
     3521  26.574864  103.050545    12.222    11167.1   -41564.6     6085.6    101.4    101.6    106.8 2023  2  7 18 46 48.700  4.0   1
     3533  27.101536  102.854842    14.014    -8279.3    16792.2     7877.9    103.7     58.4     51.6 2023  2  7 22 51 25.800  4.0   1
     3597  26.942963  102.925578    10.410    -1260.4     -778.3     4273.8     83.0     59.7     70.9 2023  2  9 13 58 42.220  2.9   1
     3603  26.926335  102.921143     8.450    -1701.3    -2620.5     2314.0    141.3    108.7    104.6 2023  2  9 17 12 51.860  1.9   1
     3643  26.868111  102.937354     5.919      -91.6    -9071.9     -217.1    121.6    109.6    209.8 2023  2 10  4 12 31.530  3.3   1
     3661  26.962545  102.922860     7.395    -1530.4     1391.5     1258.9    104.2    101.6    114.2 2023  2 10 13 44 34.240  3.2   1
     3668  26.920730  102.859798     8.964    -7793.6    -3241.6     2827.6      3.1      3.5      2.7 2023  2 10 15 49  8.740  1.8   1
     3677  26.976703  102.760116    13.527   -17688.9     2960.3     7390.3     96.4    111.4     63.5 2023  2 10 18 13 48.420  2.2   1
     3679  26.832815  102.958057    11.604     1965.1   -12982.9     5467.5    290.5    145.6    214.4 2023  2 10 18 51 51.000  2.9   1
     3681  26.830467  102.956022    15.876     1763.2   -13243.1     9739.1    120.3    215.3     73.3 2023  2 10 18 59 17.160  3.7   1
     3682  26.853884  103.009961    14.807     7121.4   -10648.4     8671.0      6.1      9.3      6.2 2023  2 10 20  1 54.320  2.5   1
     3694  26.838009  102.958374    16.411     1996.8   -12407.3    10274.4     89.9    110.9     88.4 2023  2 10 22 52 55.800  3.0   1
     3696  26.820030  102.950684    12.401     1233.0   -14399.4     6264.6    151.1     70.6    101.7 2023  2 10 23 21 27.120  3.0   1
     3697  27.003459  102.806421     5.590   -13089.7     5924.9     -546.9    171.7    240.9    224.2 2023  2 10 23 27 25.760  2.8   1
     3703  26.929189  102.901554     9.652    -3646.4    -2304.3     3515.1    134.7    136.9     75.5 2023  2 11  0 34 33.290  3.9   1
     3721  27.127527  102.851855    11.228    -8574.8    19672.1     5091.3    113.8    111.8     92.8 2023  2 11  8 41  3.690  2.8   1
     3744  26.870624  102.941870     6.096      357.1    -8793.5      -40.5    122.9    109.3    199.4 2023  2 11 15  5 42.430  2.9   1
     3786  27.171924  102.835929     6.692   -10152.8    24591.4      555.5    125.0    107.2    186.2 2023  2 12  3 32 54.620  4.6   1
     3787  27.006641  102.801693     4.295   -13559.1     6277.4    -1841.8    122.5    136.8    173.0 2023  2 12  3 34  5.200  4.2   1
     3830  26.875895  102.938143    15.782      -12.7    -8209.3     9646.1    221.7    190.4    157.5 2023  2 12 15 24 31.290  3.6   1
     3886  26.493372  102.980054     9.333     4157.1   -50594.1     3197.1     25.5     47.0     41.6 2023  2 13 11 20 53.140  3.7   1
     3943  26.881293  102.965535    14.240     2707.7    -7611.4     8104.1     43.6     46.4    109.9 2023  2 14 21 11 56.760  3.0   1
     3948  27.119670  102.814242    13.303   -12307.2    18801.4     7166.9    176.0    131.7    166.2 2023  2 14 23  2 21.120  3.0   1
     3970  27.113416  102.815373     8.992   -12195.4    18108.4     2855.5    135.8    102.0    109.6 2023  2 15 11 38  6.520  3.0   1
     3973  26.971269  102.905094     8.334    -3294.0     2358.2     2197.5    119.1    165.6    109.8 2023  2 15 14 54  0.720  2.3   1
     3976  27.108653  102.842106     8.287    -9542.7    17580.8     2150.6    149.8     86.3    152.7 2023  2 15 15 17 29.780  2.8   1
     3977  26.845890  102.964478    12.822     2603.0   -11534.0     6685.1     91.5    117.0     98.2 2023  2 15 16  9 19.260  4.2   1
     3978  27.108437  102.845353     8.602    -9220.4    17556.9     2466.1    171.9    104.2    163.6 2023  2 15 16 28  5.090  2.4   1
     3983  26.838080  102.969344    16.566     3087.0   -12399.5    10429.8    144.3    102.8    112.1 2023  2 15 20 50 46.760  2.9   1
     4058  26.830334  102.964958    13.563     2650.8   -13257.7     7426.6    106.8    111.0     77.1 2023  2 17 23  0 31.120  3.8   1
     4084  26.853805  103.003621    12.307     6491.5   -10657.1     6170.6     47.4     67.8     92.5 2023  2 18 11 25  4.350  3.4   1
     4191  27.118624  102.828231    12.902   -10919.1    18685.6     6765.5     20.3     29.4     16.7 2023  2 21 10 20 53.620  4.4   1
     4208  27.105599  102.856120    14.417    -8152.4    17242.3     8280.6    162.8    102.2    148.1 2023  2 21 17 57 10.720  4.4   1
     4224  26.917000  102.903923     6.486    -3411.6    -3654.9      349.2     82.8     55.6     59.8 2023  2 21 23 18 40.080  4.2   1
     4226  27.120030  102.859668     7.917    -7799.7    18841.4     1780.6    106.9     71.5    146.3 2023  2 21 23 53 52.720  4.6   1
     4237  26.658036  103.007788    13.827     6911.3   -32348.7     7691.1     33.5     40.5     23.1 2023  2 22  7 42  7.120  3.2   1
     4255  27.114620  102.888916    14.200    -4897.2    18242.0     8063.5    315.8    171.9    175.8 2023  2 22 15 42 47.490  5.8   1
     4257  27.116075  102.851912     8.951    -8569.2    18403.1     2814.8    158.9    109.5    132.7 2023  2 22 16 22 50.940  3.6   1
     4268  26.884076  102.919596    12.506    -1855.2    -7303.1     6369.6     21.6     26.8     29.9 2023  2 22 19 47 48.020  2.6   1
     4289  26.821346  102.889087    10.364    -4887.0   -14253.5     4227.7      3.5      2.3      3.0 2023  2 23 11 33 42.170  3.2   1
     4315  26.965190  102.889136     8.543    -4879.1     1684.6     2407.0    137.4     93.8    122.0 2023  2 24  5 13 31.620  3.6   1
     4349  27.206750  102.799097     9.776   -13804.3    28450.1     3640.1    126.7    140.3    211.4 2023  2 25  5 47 20.360  3.6   1
     4359  26.924215  102.925602     7.702    -1258.2    -2855.5     1565.5    155.0    113.7    158.1 2023  2 25 10  3 21.110  2.7   1
     4383  27.127547  102.891545     7.243    -4636.2    19674.3     1107.0     42.9     34.9     54.7 2023  2 25 16 42 41.760  3.2   1
     4386  26.854535  102.954451     9.958     1607.2   -10576.1     3821.9     64.8     69.2    111.0 2023  2 25 17 28  3.480  3.4   1
     4419  27.212278  102.791024    11.454   -14605.0    29062.7     5317.8    126.6    142.1    172.4 2023  2 26  2 50 36.150  4.6   1
     4445  26.850728  102.976392     8.729     3786.8   -10998.0     2592.2     87.5     71.1    120.3 2023  2 26 16 17  1.720  2.8   1
     4464  26.920036  102.922713     7.677    -1545.4    -3318.5     1540.8     94.7    103.4    105.4 2023  2 27  1 33 45.570  4.1   1
     4471  26.864889  102.949642    13.460     1129.1    -9429.1     7323.4    157.4    151.9    114.5 2023  2 27  5 56 53.330  3.4   1
     4478  27.135317  102.849300    10.133    -8828.0    20535.1     3996.2    171.3    154.2    183.3 2023  2 27 11 59 33.760  4.3   1
     4491  26.829897  102.963607    10.492     2516.7   -13306.2     4355.7    156.7    108.9    120.1 2023  2 27 20 25 38.820  3.6   1
     4517  26.873619  102.925700    14.655    -1248.8    -8461.6     8518.5    274.7    266.7    137.4 2023  2 28 15 11  5.610  3.4   1
     4530  26.626601  103.007861    12.167     6920.1   -35831.9     6030.7     97.9     62.7     96.1 2023  2 28 21 42 45.880  3.9   1
     4540  26.938025  102.765845     7.040   -17123.2    -1325.3      903.8    178.9    306.2    305.2 2023  3  1  5 57 41.830  3.5   1
     4551  26.857395  102.939738    11.359      145.3   -10259.3     5222.1    104.1     94.7    100.9 2023  3  1 11 57 26.400  3.6   1
     4560  26.843302  102.972306     6.933     3381.4   -11820.8      796.1     94.6     96.0     99.5 2023  3  1 16 21 48.300  2.7   1
     4565  26.852700  102.963363    13.043     2492.8   -10779.5     6906.7    107.9     91.8     86.7 2023  3  1 21 29 18.360  3.0   1
     4591  27.005174  102.794572     5.812   -14265.8     6115.0     -323.9    175.4    314.7    247.0 2023  3  2 16 50 48.560  4.2   1
     4596  26.860805  102.954557    13.877     1617.8    -9881.4     7740.8     95.1     83.7     80.0 2023  3  2 22 25 24.180  5.2   1
     4597  26.854789  103.025008     7.084     8616.7   -10547.9      948.1     39.7     18.8     61.7 2023  3  2 22 32 59.520  2.6   1
     4599  26.850350  102.971712     8.054     3322.0   -11039.9     1918.8     90.7     96.1    106.0 2023  3  2 22 48 55.160  3.7   1
     4601  26.841073  102.926782    14.369    -1141.5   -12067.9     8232.3    150.3     98.5     90.0 2023  3  3  1 24  8.360  3.3   1
     4615  26.826471  102.958537    11.459     2013.5   -13685.7     5323.0    105.8     70.1     67.7 2023  3  3 18 35 13.960  2.7   1
     4620  26.948342  103.001693     5.772     6297.4     -182.1     -364.7     21.1     34.3     26.3 2023  3  4  4  7 31.650  3.8   1
     4629  26.858185  102.947445     8.164      910.7   -10171.9     2028.1    334.0    301.4    224.5 2023  3  4 14 18 51.790  2.9   1
     4641  27.179329  102.847095     7.595    -9044.6    25412.0     1458.5    128.5    108.2    195.8 2023  3  4 20 26 14.320  3.4   1
     4646  27.111871  102.853475     8.306    -8414.3    17937.4     2170.1    165.5     90.8    117.6 2023  3  4 22 34 25.720  3.0   1
     4648  27.131299  102.790869     9.837   -14625.6    20089.9     3701.1     87.8     92.5    128.6 2023  3  5  0  8  8.700  3.6   1
     4651  26.857650  102.940894     8.576      260.1   -10231.1     2439.1    122.4    137.4    115.1 2023  3  5  8 40 14.220  2.9   1
     4659  26.855770  102.951196    11.607     1283.9   -10439.4     5471.1     71.6     55.0     60.6 2023  3  5 15 55  1.790  3.5   1
     4673  26.863127  102.958496    12.393     2008.7    -9624.2     6256.3     71.9     36.5     70.1 2023  3  6  3 24 59.860  3.1   1
     4680  27.131248  102.813135    14.890   -12416.6    20084.2     8753.7    245.8    185.7    213.4 2023  3  6  7 11 16.110  4.4   1
     4682  27.129201  102.854671    10.173    -8295.2    19857.5     4036.8    112.5    102.9    100.2 2023  3  6  7 43  0.390  2.5   1
     4686  27.124129  102.858903     7.837    -7875.4    19295.6     1701.0    119.0     66.2    147.6 2023  3  6 14 35 50.270  3.5   1
     4699  26.843803  102.947241    14.022      890.7   -11765.2     7885.8    179.8    182.6    114.4 2023  3  6 20 48 46.520  6.1   1
     4702  26.841341  102.992261     8.546     5363.5   -12038.1     2409.2     90.8     85.2    146.3 2023  3  6 21  4 33.560  2.8   1
     4706  26.856437  102.911027     7.796    -2706.8   -10365.3     1659.2      9.0      5.8     11.8 2023  3  6 21 45 18.720  2.7   1
     4709  26.839056  102.988298    11.281     4969.9   -12291.4     5144.9    162.3    110.0    113.3 2023  3  6 21 58  3.300  3.2   1
     4710  26.862512  102.947909    11.430      956.8    -9692.3     5293.1    122.1    111.2    134.8 2023  3  6 22 22 54.720  3.4   1
     4716  26.863226  102.959595    11.975     2117.7    -9613.3     5838.7     61.0     55.3     56.7 2023  3  6 23 32 30.960  2.8   1
     4719  26.862472  102.967049    14.356     2858.6    -9696.8     8219.4     79.5     69.5     70.1 2023  3  6 23 51 24.000  3.8   1
     4727  26.855414  102.964111    12.302     2567.0   -10478.9     6165.6    102.1     60.7     89.7 2023  3  7  1 31 58.920  3.6   1
     4728  26.844737  102.959521    11.067     2111.2   -11661.8     4930.1    203.4    168.4    189.2 2023  3  7  2 24 32.150  4.1   1
     4730  26.848079  102.941805     7.949      350.5   -11291.5     1812.4    143.9    119.9    144.2 2023  3  7  3 21 32.720  3.4   1
     4731  26.856045  102.995068    13.777     5642.4   -10408.9     7640.2     45.2     64.1     60.4 2023  3  7  3 41 30.630  4.1   1
     4732  26.845695  102.980054     7.641     4150.3   -11555.8     1504.6    132.6    105.9    152.6 2023  3  7  4  7 50.350  3.1   1
     4733  27.145976  103.121273    11.231    18155.9    21716.1     5094.9     61.4     99.4     93.8 2023  3  7  4 18 49.650  3.6   1
     4738  27.031964  102.770500    13.844   -16653.9     9083.4     7707.9    132.5    130.7    125.6 2023  3  7  5 32 22.230  4.8   1
     4739  26.857585  102.982853     9.252     4428.6   -10238.3     3115.6    247.0    197.7    286.9 2023  3  7  5 48 34.360  3.6   1
     4741  26.855530  102.965316    13.539     2686.8   -10465.9     7402.7     79.6     70.1     80.0 2023  3  7  7  3 58.910  4.4   1
     4744  26.848281  102.947664    12.604      933.0   -11269.2     6467.5    228.1    212.2    176.8 2023  3  7  8 29 47.790  3.6   1
     4745  26.849571  102.962443     6.880     2400.9   -11126.3      743.6    108.2     85.9    160.0 2023  3  7  9  0 10.610  3.3   1
     4746  27.103741  102.945068     6.509      674.5    17036.6      372.3    179.6    114.1    201.2 2023  3  7  9 21 49.230  3.0   1
     4753  26.849738  102.937484    13.810      -78.5   -11107.8     7673.8    126.6     89.5    106.2 2023  3  7 14  7 58.450  3.7   1
     4754  26.857546  102.921102    10.810    -1706.1   -10242.5     4673.8    144.6    107.5    123.9 2023  3  7 14 12 42.270  4.2   1
     4755  26.855902  102.948193    11.236      985.5   -10424.7     5099.2    109.3    108.8     75.1 2023  3  7 14 38 37.150  4.4   1
     4756  26.840625  102.973047    13.447     3454.3   -12117.4     7311.0    117.6    127.9    115.4 2023  3  7 14 40 28.990  5.1   1
     4759  26.842228  102.968221    11.337     2974.9   -11939.8     5200.4    110.2     76.9    110.4 2023  3  7 15 16 58.030  4.7   1
     4764  26.851923  102.983219    11.415     4465.1   -10865.6     5278.3    226.2    235.7    209.7 2023  3  7 19  1 47.760  3.4   1
     4765  26.854773  102.970866    10.796     3238.1   -10549.8     4660.1     84.2     77.2     70.1 2023  3  7 19 34 57.800  3.5   1
     4769  26.851288  102.963053    14.782     2461.8   -10936.0     8645.1    127.2     89.8     75.3 2023  3  7 21 13 56.800  4.2   1
     4770  26.848045  102.979875    10.738     4132.5   -11295.4     4601.2     86.8     68.3     81.4 2023  3  7 21 21 38.080  4.7   1
     4771  26.860286  102.969238     7.937     3076.0    -9938.9     1800.4    153.8    110.6    155.3 2023  3  7 21 31 15.840  3.3   1
     4773  26.851512  102.973275     6.810     3476.9   -10911.2      673.3    155.7    163.8    227.2 2023  3  7 21 37  4.420  3.1   1
     4774  26.852110  102.964657    15.476     2621.3   -10845.0     9339.4    120.7     83.2     76.4 2023  3  7 21 44 29.740  4.6   1
     4775  26.858797  102.941398    11.390      310.3   -10103.9     5253.9    104.1     89.6    129.7 2023  3  7 21 58 11.320  3.5   1
     4776  26.844834  102.951090     7.367     1273.6   -11651.0     1230.6    160.1    142.5    189.3 2023  3  7 22 12 13.060  3.0   1
     4777  26.870144  102.940983    11.421      269.5    -8846.6     5284.2     94.1    117.6     87.4 2023  3  7 22 18  8.440  2.5   1
     4778  26.848470  102.934652    10.403     -359.4   -11248.2     4266.8    338.1    270.0    281.3 2023  3  7 22 33 19.200  3.1   1
     4780  26.848193  102.979517     7.356     4097.2   -11278.9     1220.6    114.2     94.6    147.6 2023  3  7 22 43 48.740  3.1   1
     4784  26.843005  102.990658    11.749     5203.8   -11853.7     5612.3    120.2    120.9    180.5 2023  3  7 23 35 24.520  3.5   1
     4788  26.864268  102.972119    14.910     3362.0    -9497.8     8773.7    193.6    145.8    137.8 2023  3  8  0 27 48.520  3.5   1
     4789  26.854907  102.937223    14.968     -104.1   -10535.0     8831.5    163.4     97.3    132.6 2023  3  8  0 57 17.160  4.1   1
     4796  26.853188  102.989640    11.043     5102.6   -10725.4     4907.0     84.6     80.6    104.8 2023  3  8  4 57 33.230  3.8   1
     4797  26.852098  102.958179    11.735     1977.8   -10846.2     5598.8    185.3    185.4    174.4 2023  3  8  5 35 57.320  3.5   1
     4800  26.865027  102.964746    12.634     2629.6    -9413.6     6498.1    167.8    108.7    125.3 2023  3  8  8 34 31.720  2.9   1
     4804  26.864502  102.971330    13.939     3283.5    -9471.9     7802.3     99.6     71.8     70.1 2023  3  8 10 57 26.430  3.6   1
     4807  26.855233  102.987467    11.719     4887.3   -10499.0     5582.5    113.4    110.2    147.4 2023  3  8 11 16  2.730  4.7   1
     4808  26.846596  103.008472    11.004     6973.6   -11455.9     4867.1    124.2     75.1     97.9 2023  3  8 11 32  1.250  4.6   1
     4811  26.848517  102.972135    14.151     3363.9   -11243.1     8014.5    180.5    144.3    125.2 2023  3  8 12 16  0.270  3.5   1
     4817  26.858337  102.979801     8.294     4125.3   -10154.8     2157.7    117.7    111.0    184.9 2023  3  8 14 11 31.600  3.5   1
     4819  26.873415  102.928011    13.871    -1019.5    -8484.2     7734.8    522.7    471.1    308.6 2023  3  8 14 20 24.160  3.3   1
     4826  26.850505  102.999959    13.102     6128.2   -11022.7     6966.0    206.6    253.9    228.1 2023  3  8 16 15 45.670  3.2   1
     4829  27.126941  102.838664    10.571    -9883.4    19607.0     4435.1    139.3    130.7    138.9 2023  3  8 16 47  0.080  4.2   1
     4831  26.851508  102.941748     7.535      345.5   -10911.7     1398.6    192.1    153.9    207.1 2023  3  8 17 18 39.800  3.2   1
     4837  26.858409  102.956771    14.230     1837.8   -10147.0     8093.8    187.6    132.6    151.7 2023  3  8 17 50 50.880  4.7   1
     4844  26.852500  102.937240    14.486     -102.8   -10801.7     8349.6    123.2    117.0    108.0 2023  3  8 18 45 27.760  2.8   1
     4845  26.832208  102.950732     6.715     1237.5   -13050.1      578.4    180.6    140.0    246.9 2023  3  8 18 49 30.880  3.0   1
     4847  26.852091  102.985409     9.176     4682.1   -10847.0     3040.0    256.9    220.1    299.4 2023  3  8 18 57 27.600  2.7   1
     4851  26.847819  102.932096     8.864     -613.5   -11320.4     2728.1    216.4    223.6    228.3 2023  3  8 19 33  5.040  3.0   1
     4861  26.840163  102.955428     7.210     1704.1   -12168.6     1073.4    163.6    153.4    225.3 2023  3  8 21  9 17.160  3.3   1
     4863  26.851025  102.953442     9.833     1507.1   -10965.0     3697.0     84.0     41.7     91.7 2023  3  8 22  6  3.880  2.9   1
     4867  26.851681  102.976302    14.380     3777.9   -10892.5     8243.3    135.2    147.2    119.2 2023  3  8 22 37 23.320  5.3   1
     4869  26.841408  102.972404     8.270     3390.6   -12030.7     2133.6    113.3     98.8    182.0 2023  3  8 22 47 56.720  3.4   1
     4870  26.848893  102.963810    10.857     2537.0   -11201.2     4720.8    130.9    100.0    118.8 2023  3  8 22 53 20.080  4.4   1
     4871  26.855568  102.965291    11.309     2684.4   -10461.6     5172.3    197.1    177.3    170.4 2023  3  8 23  1 14.240  4.4   1
     4874  26.853640  103.030225     7.991     9134.9   -10675.5     1854.2     40.0     19.4     37.8 2023  3  8 23 13 55.680  3.0   1
     4875  26.851731  102.947274     9.816      894.3   -10886.7     3679.2    111.9    103.6    114.3 2023  3  8 23 18 10.680  3.7   1
     4876  26.846025  102.932560    10.906     -567.8   -11519.2     4769.8     92.0     54.0     95.6 2023  3  8 23 31 30.160  3.5   1
     4879  26.838961  102.941154    10.669      286.1   -12301.8     4532.4    102.5     75.2     98.8 2023  3  8 23 46 48.580  3.6   1
     4881  26.863171  102.930876     8.686     -734.9    -9619.2     2549.7    158.2    134.5    169.1 2023  3  9  0  8 16.170  3.0   1
     4882  26.844065  102.997363    10.158     5869.9   -11736.4     4022.0     80.4     74.4     83.1 2023  3  9  0 11 33.010  3.5   1
     4883  26.849099  102.936515    11.453     -174.7   -11178.6     5316.9    109.7     58.8     97.7 2023  3  9  0 20 14.340  4.0   1
     4890  26.847489  102.926326    12.155    -1186.8   -11356.8     6018.4    131.3    108.0    104.3 2023  3  9  1 40 14.960  3.8   1
     4893  26.852037  102.971200    10.022     3270.7   -10853.1     3885.4    117.2    111.8    128.2 2023  3  9  5 13 22.700  5.9   1
     4894  26.858964  102.969002    13.789     3053.0   -10085.5     7652.7     99.9     75.3     77.7 2023  3  9  5 38 48.930  3.3   1
     4897  26.876160  102.914494    12.235    -2362.0    -8180.2     6098.8     26.3     22.8     30.9 2023  3  9  6 15  2.590  3.8   1
     4898  26.862795  102.972217     9.018     3371.6    -9661.0     2881.1    134.0    126.3    136.4 2023  3  9  6 15 57.280  3.5   1
     4900  26.862162  102.972217    11.069     3372.2    -9731.1     4932.3    166.2    133.6    153.8 2023  3  9  6 32  3.540  4.3   1
     4902  26.858567  102.971810    10.862     3331.4   -10129.5     4726.0    113.5    118.2     94.8 2023  3  9  6 45 48.880  4.0   1
     4903  26.865120  102.957104    11.226     1871.0    -9403.4     5089.6    102.3    118.0     65.1 2023  3  9  6 46 51.560  3.8   1
     4905  26.846082  102.955298     5.897     1691.1   -11512.8     -239.4     64.9     54.3    171.6 2023  3  9  7  8 25.460  3.1   1
     4910  26.863611  102.961987    11.733     2355.9    -9570.7     5596.5     62.1     63.5     80.8 2023  3  9  7 45 49.050  3.3   1
     4911  26.858840  102.985913    10.368     4732.3   -10099.3     4231.2     63.0     66.2     56.2 2023  3  9  7 50 26.180  3.9   1
     4912  26.848197  102.976912    12.590     3838.7   -11278.5     6453.2    221.8    158.7    227.5 2023  3  9  8  5  8.630  4.8   1
     4914  26.854036  102.948747     7.689     1040.1   -10631.3     1553.0    185.6    154.6    199.0 2023  3  9  8 52 12.370  3.2   1
     4916  26.855011  102.984456    11.246     4587.6   -10523.4     5109.1     82.2     84.7     79.4 2023  3  9  9  0 32.420  4.1   1
     4917  26.852486  102.978735     8.298     4019.6   -10803.2     2161.7    118.6     79.3    147.6 2023  3  9  9  4 21.020  3.5   1
     4918  26.859387  102.929801    10.400     -841.7   -10038.6     4263.8    305.8    210.2    297.8 2023  3  9  9 17 12.240  4.3   1
     4922  26.840741  102.962809     6.822     2437.3   -12104.6      685.4    112.0    120.1    143.6 2023  3  9  9 50 21.030  3.1   1
     4926  27.116459  102.841561    11.172    -9596.2    18445.7     5035.7    186.7    131.0    120.2 2023  3  9 10 41  7.130  4.5   1
     4929  26.870801  102.965283    13.010     2682.9    -8774.0     6873.4    134.6    124.6    102.1 2023  3  9 11 29 18.650  3.4   1
     4930  26.858913  102.993970     9.894     5533.2   -10091.0     3757.6     87.6     74.7     89.3 2023  3  9 11 30 47.930  3.3   1
     4941  26.849715  102.973657     6.912     3515.0   -11110.3      776.1    108.5     87.8    137.2 2023  3  9 12 37 23.010  3.2   1
     4948  26.844590  102.991642    11.532     5302.0   -11678.1     5395.2    102.1     94.6    109.4 2023  3  9 14 21 16.690  3.2   1
     4952  26.842332  102.989746     8.144     5113.5   -11928.3     2007.3     90.7     84.1    155.7 2023  3  9 16 32  5.440  4.1   1
     4959  26.851475  102.916341    11.183    -2179.0   -10915.4     5046.4    180.6    141.2    147.0 2023  3  9 19 16 19.620  2.8   1
     4962  26.840377  102.965649    15.872     2719.9   -12145.1     9735.9   8914.8   6401.1   6682.1 2023  3  9 20  3 57.880  2.9   1
     4963  26.850260  102.946004    11.320      768.0   -11049.8     5183.7     80.8     63.3     69.9 2023  3  9 20 12 33.500  2.8   1
     4966  26.856909  102.940210    14.103      192.0   -10313.0     7966.2    111.7    107.7     86.5 2023  3  9 20 28 34.180  3.9   1
     4969  26.850368  102.949194    11.067     1085.3   -11037.8     4930.6    117.2    102.6     90.7 2023  3  9 20 49 10.180  3.5   1
     4972  26.858020  102.934269    13.604     -397.6   -10190.0     7467.2    164.3    194.0    155.4 2023  3  9 20 59 26.520  3.3   1
     4974  26.868079  102.966382    13.408     2792.3    -9075.6     7271.8    101.0    120.8     95.5 2023  3  9 21  6 49.720  5.2   1
     4975  26.867519  102.939779    14.347      149.7    -9137.5     8210.2    161.9    107.2    129.3 2023  3  9 21 12 28.800  3.3   1
     4977  26.887880  102.878019     8.411    -5985.1    -6881.4     2274.4     27.0     27.0     53.7 2023  3  9 21 21 14.400  2.6   1
     4981  26.858980  102.957064    11.232     1866.7   -10083.6     5095.9    160.1    113.9     94.9 2023  3  9 21 36  5.360  3.9   1
     4990  26.847575  102.928743    10.654     -946.8   -11347.3     4517.8    181.1    134.6    133.6 2023  3  9 22 27 35.960  3.4   1
     4992  26.859609  102.945955    10.889      763.1   -10014.0     4752.4    163.9    135.1    107.3 2023  3  9 22 48 34.400  3.8   1
     4997  26.863631  102.957454    13.084     1905.2    -9568.3     6947.8     99.0     79.9     79.1 2023  3 10  0 20 44.950  5.5   1
     4999  26.850173  102.947868    12.045      953.0   -11059.5     5908.5    220.4    199.6    180.8 2023  3 10  0 50 10.610  4.2   1
     5000  26.853998  102.969613    16.008     3113.0   -10635.7     9871.8    139.2    103.0    152.2 2023  3 10  1 32 17.130  4.6   1
     5001  26.860089  102.965462    12.422     2701.0    -9960.7     6285.6     66.2     67.7     89.7 2023  3 10  1 58 31.600  2.6   1
     5004  26.871114  102.900903     9.527    -3711.8    -8739.1     3390.2     51.6     31.8     68.0 2023  3 10  2 51 15.710  3.4   1
     5007  26.842128  102.974251     9.481     3574.5   -11951.0     3344.8    114.0    111.6    108.0 2023  3 10  3 17 29.440  3.0   1
     5009  26.850317  103.018490    14.510     7968.7   -11043.5     8373.2      6.0      9.7      6.3 2023  3 10  3 28 22.810  3.7   1
     5010  26.840845  102.945272     9.673      695.3   -12093.1     3536.8    109.2     73.0    127.0 2023  3 10  3 57 59.450  3.5   1
     5011  26.867682  102.941064    10.866      277.3    -9119.5     4729.7    161.5    145.6    160.6 2023  3 10  5 39 33.770  2.9   1
     5014  26.866781  102.954110    11.875     1573.1    -9219.4     5738.3     66.5     61.7     56.6 2023  3 10  6 35 52.600  3.3   1
     5022  26.845856  102.993880    10.319     5524.6   -11538.0     4182.5     75.8     64.9     76.5 2023  3 10 11 21 23.550  3.4   1
     5023  26.849862  102.965251    13.593     2680.3   -11094.0     7457.0    115.5     76.8    114.2 2023  3 10 12 19 19.430  3.5   1
     5024  26.831673  102.989941    13.483     5133.4   -13109.5     7347.1     29.3     54.9     90.5 2023  3 10 13 19 22.060  4.1   1
     5032  26.840688  102.933732    14.602     -450.8   -12110.4     8465.4    156.8    127.6    137.3 2023  3 10 16 13 27.840  3.8   1
     5036  27.028719  102.887272    11.026    -5062.4     8724.0     4889.4    182.0    104.8    102.1 2023  3 10 18  8  4.040  4.8   1
     5041  27.020941  102.897420    11.914    -4055.1     7862.1     5777.5     84.3     83.4     48.3 2023  3 10 18 52 49.780  3.7   1
     5043  27.039128  102.910579     9.392    -2749.2     9877.3     3255.8    196.1    121.6    129.3 2023  3 10 18 57 22.840  3.7   1
     5044  27.018282  102.893392    10.457    -4455.5     7567.5     4320.8    221.2    161.4    123.0 2023  3 10 19  2 23.560  3.3   1
     5045  27.029150  102.899316     9.477    -3867.1     8771.7     3341.1    100.5     55.8     47.6 2023  3 10 19  5 56.440  3.2   1
     5048  27.017684  102.895426    11.317    -4253.1     7501.2     5180.1     70.6     67.1     43.9 2023  3 10 19 23 42.860  2.3   1
     5049  26.868827  102.941431    10.914      314.1    -8992.7     4778.0    136.8    124.8     91.3 2023  3 10 19 42 54.160  3.0   1
     5052  27.026640  102.904915     9.185    -3311.4     8493.5     3048.4    121.8     69.3     73.3 2023  3 10 19 55 36.560  3.2   1
     5054  26.855109  102.970353     7.855     3187.1   -10512.7     1718.6    128.8     96.5    179.5 2023  3 10 20 14 21.840  3.4   1
     5055  27.026115  102.898730     9.862    -3925.6     8435.3     3725.3    141.9     79.8     71.8 2023  3 10 20 25 37.900  3.9   1
     5064  26.851274  102.970866     6.534     3238.1   -10937.6      397.5    106.1    100.7    154.1 2023  3 10 21 25  8.900  3.2   1
     5065  26.846161  102.943937     9.295      563.0   -11504.1     3158.9     91.0     78.9    116.4 2023  3 10 21 37 59.520  3.1   1
     5066  27.036395  102.801628     8.942   -13564.0     9574.5     2805.1      8.7     11.0      6.2 2023  3 10 21 42 31.720  2.3   1
     5070  26.853988  102.968368     8.811     2989.6   -10636.8     2674.4     78.4     69.6     83.3 2023  3 10 22 15  6.200  3.0   1
     5071  27.110811  102.854826    13.436    -8280.1    17820.0     7299.5    165.4    159.1    118.7 2023  3 10 22 20 47.880  3.5   1
     5072  26.866252  102.942603    12.740      429.8    -9277.9     6603.2    193.4    211.4    153.0 2023  3 10 22 47  7.080  2.2   1
     5074  26.912933  102.855827     8.095    -8188.2    -4105.6     1958.4      3.0      3.3      2.8 2023  3 10 22 54 53.120  2.8   1
     5079  26.860913  102.955941     6.313     1754.8    -9869.4      176.8    183.4    275.3    259.2 2023  3 10 23 16  8.140  3.5   1
     5080  26.860878  102.971818     8.252     3332.4    -9873.4     2115.3    148.6    136.6    181.3 2023  3 10 23 23 55.640  3.3   1
     5083  27.106242  102.828703     9.986   -10872.7    17313.6     3849.7     60.5     33.0     45.9 2023  3 11  0  8 26.740  3.5   1
     5087  26.857894  102.952767    12.262     1440.1   -10203.9     6125.6     93.6    116.0    108.1 2023  3 11 13  1 44.270  3.3   1
     5088  26.864559  102.921997     8.954    -1616.5    -9465.4     2817.4      9.2      5.8     10.3 2023  3 11 13 41 47.870  2.5   1
     5091  26.948818  102.771265     7.102   -16583.6     -129.5      965.3    178.5    340.9    286.3 2023  3 11 14 29 21.430  2.3   1
     5092  27.097325  102.825863    10.028   -11155.1    16325.5     3891.6    109.3     62.5     98.8 2023  3 11 14 41 36.040  2.8   1
     5106  26.872121  102.881665     8.521    -5623.1    -8627.5     2384.8     38.4     16.8     56.2 2023  3 11 21  1 59.360  2.7   1
     5115  27.157684  103.129085    11.006    18930.2    23013.5     4869.8     62.2     39.7     95.3 2023  3 11 23 30 29.120  4.9   1
     5121  26.840356  102.946981    12.597      865.0   -12147.1     6460.1    235.0    179.6    148.7 2023  3 12  1 19  0.220  4.1   1
     5132  26.845931  102.962931     9.342     2449.5   -11529.6     3205.7    189.5    180.1    186.3 2023  3 12  8 12 14.250  3.6   1
     5142  27.054989  103.048551    10.295    10945.1    11634.5     4158.6    168.6     64.7    171.1 2023  3 12 12 20  9.100  3.2   1
     5143  26.674945  103.003166    13.401     6451.6   -30475.3     7264.1     33.2     38.5     23.4 2023  3 12 13  0 24.520  2.7   1
     5150  27.016050  102.801392    16.248   -13588.6     7320.1    10111.8    130.4     80.1    121.3 2023  3 12 15 38 22.330  3.2   1
     5157  26.884092  102.912972    14.680    -2513.3    -7301.3     8543.2    462.6    373.6    220.4 2023  3 12 19  9 25.120  3.2   1
     5158  26.997304  102.792228     4.403   -14499.2     5243.1    -1733.0    119.3    103.1    162.1 2023  3 12 19 23 38.260  3.5   1
     5162  27.126988  102.842961     9.724    -9457.4    19612.2     3587.4    214.5    220.4    246.3 2023  3 12 20 30 52.180  2.9   1
