102.88387095085811   27.322897638949225
102.87780868736883   27.313120554383726
102.87413573817511   27.292519588190036
102.87167838207046   27.275174160861305
102.87526497050649   27.260021773378906
102.88126966015733   27.245963288827014
102.88727958379349   27.234071674194883
102.89208438231122   27.22325826053732
102.89565788578398   27.202688698255514
102.89562909886475   27.190770913696817
102.89558984397489   27.174519389298595
102.90037894053668   27.157205365881744
102.89911362458716   27.13336456277904
102.89545114336408   27.117097336424877
102.88693152377014   27.089974824530643
102.87359140370252   27.067165116534685
102.8638875949314   27.049788285294074
102.85658618541916   27.02700474722468
102.86379076620311   27.009701191778458
102.88428312720154   26.993538645130563
102.88784354571101   26.967551908049348
102.90228672818344   26.94702945163536
102.911872772285   26.915651709681306
102.91904594915707   26.8853469347165
102.93347866365886   26.86049073846299
102.94188836956123   26.8421089820422
102.95753144316677   26.81834145473388
102.96472032199478   26.794537289528368
102.97070669269702   26.772894760257305
102.9815161808656   26.74802286204785
102.988686740745   26.71663465212317
103.00190386215776   26.688522917004697
103.00546166367457   26.6614527449636
103.01263484054664   26.6311479699988
103.01499536792299   26.608406303811915
103.02216331080974   26.57593465892735
103.03174150393333   26.54130661209365
103.0353202413914   26.522903919731604
103.05584924028703   26.52190946252205
103.0607430165551   26.54793283750046
103.04993876237182   26.574971605629678
103.04035271827027   26.606349347583734
103.03437681553865   26.63232561669432
103.02599851354817   26.663708592633693
103.01762021155768   26.695091568573062
103.01164430882606   26.72106783768365
103.00326862382823   26.753534248582902
102.99849522922239   26.77734888175904
102.99492695973495   26.80008531396061
102.9768788698779   26.82817611313783
102.97452357648685   26.853084649244476
102.9697554158663   26.87906615234038
102.96377427914936   26.902875551531203
102.95778790844713   26.924518080802265
102.95543523204873   26.950510051868797
102.94703861110965   26.974308983088996
102.92171789865958   26.991534028755517
102.91087962357177   27.004488142406274
102.89281583175877   27.026078331824202
102.88439827487844   27.04120978336535
102.88806337309417   27.058560444679394
102.9001669641315   27.069447134131345
102.90625016356204   27.087891698375895
102.9111256208815   27.106331028635136
102.91481688902381   27.134516039547993
102.91727947911377   27.15402833679649
102.91492156873008   27.177853437943256
102.91738939280536   27.19953260511151
102.91139255413249   27.21684139454305
102.91023715187455   27.238504859755366
102.90302733710529   27.253641545281827
102.89219691299546   27.269845963812227
102.88862864350803   27.2925823960138
102.89590650008635   27.305615019444257
102.90561030885748   27.32299185068487
102.88387095085811   27.322897638949225
