        3  26.930286  102.845638    11.150    -9199.2    -2182.9     5013.2    268.2    375.2    234.9 2022  8 23 16 29 48.550  1.9     0     0     1     1 -9.000  0.007   1
       27  27.157475  103.023869     8.091     8491.5    22990.3     1954.6    196.8    190.2    257.0 2022  8 26  4 53 49.820  2.2     0     0     1     1 -9.000  0.005   1
      217  26.972144  102.811190    15.535   -12617.7     2455.1     9399.1    213.5    155.0    195.8 2022  9  8 14 45 37.460  2.2     0     0     1     2 -9.000  0.092   1
      525  27.008350  102.852734     4.201    -8491.7     6467.0    -1935.0      9.2      6.9     12.4 2022  9 29 19 13 45.080  2.0     0     0     1     1 -9.000  0.000   1
      536  27.221574  102.942586     1.297      427.6    30092.6    -4839.4     14.3     16.7     27.8 2022  9 30  9 49 59.360  1.2     0     0     2     1 -9.000  0.006   1
      672  26.815967  102.901196    11.478    -3684.0   -14849.8     5341.8     10.4      6.5      8.4 2022 10 10  3 35  2.130  3.7     0     0     1     1 -9.000  0.000   1
      839  26.741807  103.018075     9.698     7931.0   -23066.8     3561.5      8.1      8.2      6.2 2022 10 20 17 33 27.760  2.5     0     0     0     2 -9.000  0.000   1
      876  26.666815  102.979175    12.656     4066.9   -31376.0     6519.8      4.1      2.5      3.9 2022 10 23 20 56  3.200  2.5     0     0     0     2 -9.000  0.000   1
     1000  27.174247  103.033260    12.544     9423.0    24848.8     6408.1    314.3    200.5    163.6 2022 11  7 14 44 28.030  3.0     0     0     1     1 -9.000  0.013   1
     1028  26.934627  102.816585     5.858   -12084.2    -1701.7     -278.0    123.8     95.2    142.3 2022 11 14  8 57 36.500  3.0     0     0     2     1 -9.000  0.134   1
     1104  26.869456  102.903597     9.706    -3444.5    -8923.0     3569.6     92.7     73.0    100.7 2023  1  1  1  2 48.340  2.7     0     0     4     3 -9.000  0.074   1
     1107  26.715106  102.804492     1.922   -13297.7   -26025.2    -4214.5    601.0    591.0    398.1 2023  1  1  2 55 37.730  2.0     0     0     1     1 -9.000  0.006   1
     1148  26.919261  102.898177     9.012    -3981.8    -3404.4     2876.1    150.2    106.0    169.6 2023  1  1 17  9 12.640  2.5     0     0     4     2 -9.000  0.106   1
     1150  26.925179  102.919035     7.484    -1910.2    -2748.6     1348.0    118.1     89.0     89.9 2023  1  1 17 54 31.120  2.5     0     0    16    14 -9.000  0.145   1
     1194  26.823857  102.941829    13.212      353.4   -13975.5     7075.3     93.4     75.4     44.1 2023  1  2 13 15 59.760  3.7     0     0    12    10 -9.000  0.110   1
     1198  27.004087  102.845923     8.143    -9167.9     5994.5     2006.4    295.7    544.7    407.5 2023  1  2 14 19 57.700  1.0     0     0     2     1 -9.000  0.015   1
     1213  26.981036  102.898022     8.874    -3996.5     3440.4     2737.3    242.1    578.2    147.7 2023  1  2 20 38 12.400  2.4     0     0     1     1 -9.000  0.003   1
     1214  26.982587  102.907886    20.283    -3017.4     3612.2    14146.3     30.1     43.8     51.6 2023  1  2 20 43 13.880  0.7     0     0     6     3 -9.000  0.065   1
     1233  27.103550  102.970451     6.558     3192.7    17015.4      421.5      8.7      5.8      7.4 2023  1  3  3 48 43.200  3.1     0     0     1     2 -9.000  0.000   1
     1304  27.115509  102.830094    12.695   -10734.2    18340.4     6558.2    286.2    160.4    259.9 2023  1  4  2 22 33.670  2.9     0     0     2     3 -9.000  0.155   1
     1331  27.153436  102.869580     8.049    -6814.7    22542.8     1912.6     39.2     27.4     36.5 2023  1  4 14 29  2.350  2.2     0     0     1     0 -9.000  0.000   1
     1350  26.851058  102.958545    14.312     2013.6   -10961.5     8176.0     87.2     70.9     97.5 2023  1  4 19 27 10.920  3.5     0     0    25    26 -9.000  0.172   1
     1360  26.969775  102.929215     5.752     -899.2     2192.8     -384.5     85.8    102.8     86.8 2023  1  4 22 34  8.660  2.1     0     0     5     4 -9.000  0.142   1
     1387  26.844531  102.954435     8.059     1605.3   -11684.6     1923.0    118.6    101.3    156.3 2023  1  5 13 36 43.380  3.8     0     0    18     2 -9.000  0.178   1
     1395  26.922902  102.915316     7.087    -2280.2    -3001.0      950.7    111.6     67.9     98.6 2023  1  5 16 58 38.060  3.2     0     0    24    21 -9.000  0.160   1
     1406  26.977832  102.909399    19.467    -2867.1     3085.4    13330.4     19.6     29.0     62.3 2023  1  5 18 53 14.000  1.2     0     0     5     2 -9.000  0.051   1
     1411  26.927938  102.851774     9.701    -8590.1    -2443.0     3564.4    264.7    345.4    246.5 2023  1  5 19 20 32.200  2.4     0     0     1     1 -9.000  0.007   1
     1417  26.851139  102.897021    14.079    -4098.1   -10952.5     7942.6     84.7     93.5     90.3 2023  1  5 19 57 23.000  2.6     0     0     2     3 -9.000  0.075   1
     1425  26.823283  102.955005    14.291     1662.1   -14039.0     8154.6    159.3    128.7     96.0 2023  1  5 21  4 48.840  3.5     0     0    11     7 -9.000  0.131   1
     1428  26.831173  102.970817    16.750     3232.9   -13164.8    10614.1     95.5     79.2     82.3 2023  1  5 21 57 36.520  5.6     0     0    11    15 -9.000  0.133   1
     1431  26.830904  102.948014    10.772      968.1   -13194.5     4636.0    121.3     71.8    104.8 2023  1  5 22  4 10.040  4.9     0     0     9     8 -9.000  0.165   1
     1433  26.836035  102.944824    11.071      650.5   -12625.9     4934.2     94.6    119.6    125.5 2023  1  5 22 15 54.140  2.9     0     0     4     8 -9.000  0.079   1
     1436  26.824434  102.955762    14.401     1737.9   -13911.3     8265.1    130.2     86.5     72.1 2023  1  5 22 21  5.540  5.6     0     0    19    23 -9.000  0.174   1
     1439  26.851398  102.996436    14.844     5778.0   -10923.7     8708.0    162.4     69.2     84.2 2023  1  5 22 43 29.440  5.2     0     0     2     3 -9.000  0.036   1
     1440  26.830019  102.960685    13.465     2226.7   -13292.7     7328.1     67.6     93.9     59.0 2023  1  5 22 45 17.440  4.8     0     0    36    38 -9.000  0.118   1
     1441  26.837172  102.963151    12.202     2471.7   -12500.0     6065.7     95.7     64.6     65.4 2023  1  5 22 47 20.480  3.1     0     0    31    38 -9.000  0.131   1
     1444  26.836473  102.967424    16.018     2896.0   -12577.6     9881.5     97.7    145.5     61.3 2023  1  5 23  2 29.660  3.2     0     0    16    15 -9.000  0.140   1
     1445  26.833179  102.963802    11.889     2536.5   -12942.4     5752.9     60.9     55.8     85.1 2023  1  5 23  5 44.480  4.0     0     0    25    24 -9.000  0.141   1
     1446  26.832367  102.954061    16.914     1568.6   -13032.4    10777.9    212.4    267.6    147.4 2023  1  5 23 11 18.580  3.4     0     0     7     6 -9.000  0.188   1
     1448  26.822788  102.963029    14.945     2459.9   -14093.8     8809.1    117.9    100.1     65.6 2023  1  5 23 27 56.900  5.4     0     0    20    23 -9.000  0.158   1
     1461  26.836548  102.922811    11.710    -1536.4   -12569.2     5573.5    103.4     89.5    124.1 2023  1  6  2  9 13.470  3.6     0     0    10     3 -9.000  0.135   1
     1465  26.826501  102.967415    17.113     2895.7   -13682.4    10976.2    144.7    134.0    115.2 2023  1  6  2 50 22.410  5.9     0     0    11     9 -9.000  0.171   1
     1467  26.834684  102.963094    11.910     2466.0   -12775.6     5773.4     91.1     62.6     43.3 2023  1  6  2 57  1.170  3.8     0     0    17    20 -9.000  0.142   1
     1469  26.836633  102.950203    12.426     1185.0   -12559.8     6289.7    136.8    147.0     98.3 2023  1  6  3  0 59.160  3.6     0     0    25    38 -9.000  0.166   1
     1470  26.829130  102.949064    13.281     1071.8   -13391.1     7144.2     76.8     93.1     70.6 2023  1  6  3 25  4.340  3.7     0     0    30    32 -9.000  0.142   1
     1479  26.833634  102.960791    14.248     2237.2   -12892.1     8111.3     48.0     57.9     57.1 2023  1  6  4 27 46.490  3.9     0     0    15    24 -9.000  0.139   1
     1480  26.830391  102.975334    13.183     3681.9   -13251.3     7046.3    138.0    126.5     91.4 2023  1  6  4 51 23.000  3.7     0     0     7    10 -9.000  0.126   1
     1489  26.812197  102.967025    12.271     2856.5   -15267.4     6134.8    148.1    159.5    132.5 2023  1  6  6  5 52.600  3.0     0     0     6    11 -9.000  0.125   1
     1490  26.836796  102.963224    13.095     2478.6   -12541.7     6958.3    130.2    165.6    109.1 2023  1  6  6  8 33.010  3.0     0     0     7     8 -9.000  0.170   1
     1496  26.834365  102.960628    13.783     2221.1   -12811.1     7647.1     84.6    108.7     55.6 2023  1  6  7 51  6.910  4.0     0     0    29    29 -9.000  0.136   1
     1501  27.043191  103.140080    11.196    20031.2    10327.4     5059.5    508.8    488.0    735.9 2023  1  6  9  8 30.170  3.1     0     0     1     0 -9.000  0.000   1
     1509  26.836432  102.980355    17.270     4181.1   -12582.2    11133.9    105.0    156.7     87.2 2023  1  6 11  5  1.740  3.2     0     0     4     6 -9.000  0.077   1
     1510  26.970502  102.908162     8.644    -2989.6     2273.1     2508.0    234.0    268.5    192.3 2023  1  6 11 15 40.710  5.4     0     0     7     6 -9.000  0.150   1
     1511  26.837423  102.957275    13.923     1887.8   -12472.4     7786.2     91.6     90.5     87.9 2023  1  6 11 24 59.480  3.7     0     0    21    23 -9.000  0.100   1
     1520  26.836922  102.950651    13.925     1229.6   -12527.7     7789.1    114.6    143.3     97.2 2023  1  6 14 37 17.190  3.7     0     0    12     8 -9.000  0.167   1
     1530  26.831240  102.945955    10.821      763.4   -13157.4     4685.0    159.9    155.2    141.2 2023  1  6 16 14 43.600  2.7     0     0     2     2 -9.000  0.088   1
     1546  26.865082  102.881494     4.572    -5639.9    -9407.5    -1564.8     10.6      6.2     11.6 2023  1  6 18 53 36.600  2.2     0     0     1     1 -9.000  0.000   1
     1551  26.824650  102.950659    13.376     1231.0   -13887.5     7239.4     77.8     87.3     81.0 2023  1  6 20 36  5.680  3.7     0     0    29    29 -9.000  0.139   1
     1558  26.827753  102.962899    13.156     2446.9   -13543.8     7020.1    100.7    130.4     68.4 2023  1  6 21 38 29.240  4.3     0     0    35    39 -9.000  0.149   1
     1566  26.820192  103.022176    13.739     8335.9   -14381.3     7602.3     50.9     62.6     47.1 2023  1  6 23 10 13.240  3.2     0     0     1     1 -9.000  0.000   1
     1573  27.091870  102.978068     5.983     3949.1    15721.2     -153.7      8.3      5.7      8.5 2023  1  7  0 47 17.430  3.2     0     0     1     2 -9.000  0.000   1
     1578  27.209194  102.844401     9.333    -9310.7    28721.0     3196.9    363.8    462.1    355.3 2023  1  7  2 53 57.320  2.2     0     0     1     1 -9.000  0.086   1
     1584  26.931392  102.675806    12.757   -26065.3    -2060.1     6620.9     49.6     60.2     58.3 2023  1  7  5 10 36.300  2.9     0     0     1     1 -9.000  0.000   1
     1598  26.839087  102.937769    15.399      -50.2   -12287.8     9262.6    152.5    145.1    151.4 2023  1  7 11 38 45.380  3.3     0     0     2     2 -9.000  0.054   1
     1607  26.960400  102.891463     7.775    -4648.2     1154.1     1639.0    165.8    109.4    194.7 2023  1  7 15 39 14.300  2.9     0     0     4     2 -9.000  0.147   1
     1611  26.834509  102.949178    14.333     1083.1   -12795.2     8196.1     91.3     95.4     82.2 2023  1  7 16 37 55.310  2.6     0     0    22    22 -9.000  0.145   1
     1620  26.807719  102.957983    12.522     1958.3   -15763.5     6385.5    106.0    143.2     85.0 2023  1  7 20 13  6.620  3.4     0     0     5    10 -9.000  0.095   1
     1644  26.834957  102.930526    13.390     -769.5   -12745.6     7253.3    200.2    161.2    125.0 2023  1  8  5 28 16.880  3.7     0     0    12     7 -9.000  0.158   1
     1653  26.833268  102.953027    14.190     1466.2   -12932.7     8054.0     74.4     73.7     65.7 2023  1  8  9 21  3.190  3.7     0     0    36    39 -9.000  0.138   1
     1662  26.824133  102.926937    12.779    -1126.0   -13944.7     6642.2    211.0    163.5    133.0 2023  1  8 12 18 53.630  3.6     0     0     7     3 -9.000  0.133   1
     1675  26.830843  102.956673    11.562     1828.5   -13201.3     5425.8     78.6     50.5     95.1 2023  1  8 17  5 44.280  3.1     0     0    19    14 -9.000  0.133   1
     1678  26.682227  103.003507    14.536     6485.3   -29668.4     8399.2     72.0     23.3     40.8 2023  1  8 18  3 49.240  3.2     0     0     3     4 -9.000  0.100   1
     1688  26.827612  102.962646    14.699     2421.8   -13559.4     8562.4     90.1    143.6     88.0 2023  1  8 20 59 20.700  3.0     0     0    24    22 -9.000  0.159   1
     1691  26.935704  102.859627    12.620    -7809.9    -1582.4     6483.3     77.8     54.7     57.3 2023  1  8 21 39 13.960  3.3     0     0     4     4 -9.000  0.093   1
     1692  26.937030  102.872168    13.026    -6564.4    -1435.6     6889.9     77.4     54.5     57.8 2023  1  8 21 47 29.800  3.2     0     0     4     4 -9.000  0.093   1
     1719  26.882853  102.938135     9.263      -13.6    -7438.5     3126.7    102.2     83.5     97.0 2023  1  9 16  6 17.510  3.2     0     0     7     6 -9.000  0.116   1
     1720  26.873442  102.930851    10.423     -737.6    -8481.3     4286.9    116.3    101.8    114.0 2023  1  9 16 14 24.810  3.0     0     0     7     8 -9.000  0.129   1
     1721  26.876440  102.937964     9.189      -30.9    -8149.1     3052.9    143.7    131.1    103.1 2023  1  9 16 39 28.820  3.0     0     0    22    16 -9.000  0.131   1
     1722  26.871431  102.961117    15.954     2268.8    -8704.0     9817.6    156.3    104.0    175.3 2023  1  9 16 57 16.320  4.2     0     0     1     3 -9.000  0.040   1
     1727  26.890422  102.961157    11.235     2273.4    -6599.9     5098.8    149.8    189.8    183.3 2023  1  9 19  8 38.020  2.9     0     0     3     2 -9.000  0.032   1
     1729  26.959784  102.914258     4.183    -2384.8     1085.7    -1953.6     66.1     82.6     50.3 2023  1  9 19 18 43.440  2.5     0     0     2     2 -9.000  0.116   1
     1730  26.870711  102.941463     7.836      316.6    -8783.7     1699.4    162.3    143.4    143.1 2023  1  9 19 27 32.320  2.9     0     0     6     4 -9.000  0.196   1
     1732  26.882664  102.954679    10.060     1629.5    -7459.3     3923.9    160.8    118.5    134.0 2023  1  9 20 35 17.480  4.9     0     0    22    17 -9.000  0.142   1
     1733  26.880998  102.942863    10.912      456.1    -7644.0     4775.2    117.7     70.2     58.6 2023  1  9 20 39 20.720  3.4     0     0    18    28 -9.000  0.154   1
     1734  26.874821  102.942049     8.236      374.7    -8328.4     2099.9    110.8     81.3    123.1 2023  1  9 21 45  5.520  3.0     0     0    10     8 -9.000  0.129   1
     1737  26.882751  102.937500    10.801      -77.1    -7449.8     4664.1    126.7     83.2     83.2 2023  1  9 22  7  4.400  3.6     0     0    22    22 -9.000  0.140   1
     1738  26.892582  102.946322    12.095      799.4    -6360.5     5958.2    156.5     73.8    123.6 2023  1  9 22 12 25.400  3.7     0     0     3     3 -9.000  0.137   1
     1742  27.041459  102.832096    11.116   -10539.4    10135.5     4979.6     82.4     61.8     63.3 2023  1  9 23 27  6.780  3.3     0     0     3     2 -9.000  0.058   1
     1748  26.884336  102.938908    10.166       63.3    -7274.2     4029.8    115.7     95.9     94.0 2023  1 10  1 44 54.350  2.7     0     0     5     6 -9.000  0.113   1
     1770  26.881016  102.915527     8.086    -2259.0    -7642.1     1949.1    159.2    164.3    135.6 2023  1 10  9 51  7.720  3.4     0     0     3     2 -9.000  0.132   1
     1778  26.865902  102.957300    19.590     1890.4    -9316.8    13453.7    395.0    225.7    237.6 2023  1 10 13 34 23.780  3.4     0     0     3     3 -9.000  0.133   1
     1779  26.848916  102.928833    10.984     -937.8   -11198.8     4847.6     77.4     45.4     61.7 2023  1 10 13 36 48.350  3.4     0     0    12    13 -9.000  0.135   1
     1781  26.825242  102.947266    11.066      893.8   -13821.9     4929.7     94.8    113.7    108.7 2023  1 10 15  7 20.690  2.9     0     0     1     2 -9.000  0.066   1
     1783  26.856960  102.912777    15.296    -2533.0   -10307.4     9159.8    103.6    128.9    122.0 2023  1 10 15 13 26.030  3.7     0     0     2     2 -9.000  0.028   1
     1785  26.852802  102.936841    11.462     -142.5   -10768.2     5325.7     97.8    110.7     82.1 2023  1 10 16 19 19.240  2.9     0     0     3     4 -9.000  0.157   1
     1790  26.967727  102.922168     6.524    -1599.1     1965.8      387.5    125.9    122.9     74.0 2023  1 10 18 32 50.960  2.7     0     0    11    11 -9.000  0.140   1
     1810  26.835683  102.931657    16.241     -657.6   -12665.1    10104.4    256.8    178.6    171.1 2023  1 11  0  7 17.720  3.6     0     0     3     0 -9.000  0.054   1
     1812  26.948608  102.910498     8.923    -2758.3     -152.6     2787.0    267.3    221.1     88.0 2023  1 11  0 36  5.310  2.7     0     0     3     0 -9.000  0.013   1
     1820  26.855792  102.930339     8.714     -787.9   -10436.8     2577.1     74.2     70.8    114.0 2023  1 11  4 17  4.110  2.8     0     0     1     1 -9.000  0.062   1
     1823  27.111011  102.843172    14.607    -9437.0    17842.0     8470.8    118.5     72.5     92.6 2023  1 11  4 48 25.990  4.3     0     0     8     8 -9.000  0.175   1
     1846  26.878526  102.932837    11.752     -540.1    -7918.0     5615.4    113.4    130.6    112.8 2023  1 11 12 40 18.390  3.3     0     0     3     4 -9.000  0.110   1
     1847  27.099571  102.863574    13.032    -7412.8    16574.5     6895.7    154.8     97.4     91.8 2023  1 11 12 47 56.300  2.5     0     0    10    12 -9.000  0.101   1
     1855  26.883042  102.941919    10.443      362.1    -7417.4     4307.0     70.1     62.3     46.7 2023  1 11 15 39  2.670  3.5     0     0    27    29 -9.000  0.143   1
     1862  26.888969  102.946411     9.756      808.1    -6760.7     3619.7    157.4    106.3    103.2 2023  1 11 18 31 49.360  3.0     0     0    13    16 -9.000  0.118   1
     1878  27.028652  102.802482    17.803   -13479.0     8716.4    11666.4    129.4     67.5    124.4 2023  1 12  1 42  1.970  3.9     0     0     4     4 -9.000  0.107   1
     1897  27.018947  102.851953     8.231    -8569.3     7641.0     2094.7    291.2    747.3    408.5 2023  1 12  9 59 57.650  2.5     0     0     1     1 -9.000  0.018   1
     1898  27.114187  102.819157    13.621   -11819.4    18194.0     7484.1    186.4     95.9    163.9 2023  1 12 11  0 25.610  4.2     0     0     6     6 -9.000  0.152   1
     1923  27.114589  102.824731    13.916   -11266.4    18238.6     7779.4     82.5     67.4     86.7 2023  1 12 21 27 16.800  4.8     0     0    10    11 -9.000  0.090   1
     1924  27.119948  102.822453    12.216   -11492.5    18832.4     6079.4     98.6     94.6     95.5 2023  1 12 22 30 23.440  3.9     0     0     4     4 -9.000  0.074   1
     1926  27.108234  102.828035    14.514   -10938.7    17534.4     8377.4    128.9    102.6    152.4 2023  1 12 22 45 29.580  3.7     0     0     5     5 -9.000  0.160   1
     1928  27.100789  102.866488    13.328    -7123.2    16709.4     7192.0    168.0    109.4    109.4 2023  1 13  0  2  4.890  3.5     0     0     5     6 -9.000  0.091   1
     1934  27.108057  102.859928    11.714    -7773.8    17514.7     5577.5    164.7    115.4    152.6 2023  1 13  1 42 41.430  3.2     0     0     5     5 -9.000  0.153   1
     1937  26.886119  102.891455     6.712    -4650.4    -7076.5      575.7      2.6      3.4      3.8 2023  1 13  2 33 16.050  1.8     0     0     1     1 -9.000  0.000   1
     1941  26.825535  102.978231    10.523     3970.2   -13789.4     4386.6    125.6    104.0    110.5 2023  1 13  5 13  5.590  3.6     0     0     3     3 -9.000  0.140   1
     1947  27.112587  102.829321    14.427   -10811.4    18016.7     8291.0     84.5     68.6     75.5 2023  1 13  9 37 46.460  2.8     0     0     4     5 -9.000  0.099   1
     1948  27.117824  102.855176    13.925    -8245.5    18596.9     7788.4    333.2    208.8    285.4 2023  1 13  9 48 48.180  3.4     0     0     3     3 -9.000  0.101   1
     1957  27.115934  102.826554    10.261   -11085.1    18387.6     4124.4     99.7     54.2     68.3 2023  1 13 11 23 47.670  3.1     0     0    10    10 -9.000  0.119   1
     1965  27.100606  102.814404    13.008   -12292.2    16689.1     6872.0    227.9    143.2    204.8 2023  1 13 13 55 47.150  3.4     0     0     6     6 -9.000  0.120   1
     1981  27.159186  103.119539    11.903    17983.0    23179.8     5766.3     47.7     69.3     99.6 2023  1 13 18 35 34.160  3.6     0     0     7     5 -9.000  0.101   1
     1983  27.107615  102.869873    12.832    -6787.5    17465.8     6695.2    141.3    110.8     86.3 2023  1 13 18 44 10.440  3.2     0     0     5     3 -9.000  0.133   1
     1999  26.787126  102.971126    13.869     3264.6   -18045.3     7732.9     98.5     70.8    109.9 2023  1 14  2  9 10.310  3.6     0     0     1     3 -9.000  0.072   1
     2014  26.880817  102.924194     8.861    -1398.2    -7664.1     2724.3    100.0     81.1     84.5 2023  1 14  8 57 21.170  2.8     0     0    12     7 -9.000  0.112   1
     2031  26.857104  102.900309    11.707    -3771.0   -10291.5     5570.7    198.6    162.3    181.4 2023  1 14 14 35  3.570  3.0     0     0     2     2 -9.000  0.145   1
     2044  26.939996  102.907666     6.117    -3039.8    -1106.8      -19.9     47.2     51.5     38.9 2023  1 14 16 43 44.030  2.8     0     0     7     5 -9.000  0.062   1
     2057  26.958559  102.915674     8.280    -2244.3      950.0     2143.2    110.7    102.4     91.3 2023  1 14 21 31 33.400  2.7     0     0     8    10 -9.000  0.148   1
     2063  27.107678  102.824707    10.544   -11269.6    17472.9     4407.8     50.9     36.2     57.0 2023  1 14 23 36 57.920  3.7     0     0     6     6 -9.000  0.095   1
     2081  27.129492  102.798348     1.060   -13883.7    19889.7    -5076.2     64.0     48.0     96.4 2023  1 15  4 24 51.640  3.0     0     0     7     6 -9.000  0.130   1
     2119  27.109296  102.838232    14.000    -9926.8    17651.9     7864.0    113.5     72.1     94.8 2023  1 15 17 11  5.080  3.8     0     0    10    11 -9.000  0.176   1
     2144  26.823415  102.710099     6.488   -22670.1   -14024.5      351.3     38.7     16.2     47.5 2023  1 15 22 47 40.380  3.2     0     0     1     2 -9.000  0.010   1
     2153  26.837962  102.954761    12.942     1638.0   -12412.5     6805.1     99.4    118.8    102.0 2023  1 16  2 13 26.430  3.6     0     0    40    53 -9.000  0.150   1
     2173  26.859019  102.954224    10.993     1584.5   -10079.4     4856.3    122.9    106.2    119.3 2023  1 16  8 53 26.370  3.6     0     0    20    12 -9.000  0.172   1
     2175  26.846743  102.969084    14.583     3060.6   -11439.5     8446.2    106.8     98.5    130.2 2023  1 16  8 58 50.990  3.3     0     0    11    11 -9.000  0.161   1
     2180  26.841337  102.947762     4.941      942.7   -12038.5    -1195.4    127.2    113.6    164.3 2023  1 16 10 14 47.620  2.7     0     0     2     3 -9.000  0.126   1
     2185  27.095752  102.997640     4.380     5891.6    16151.3    -1756.4     71.2     13.2     45.4 2023  1 16 12  1 53.170  2.9     0     0     0     3 -9.000  0.018   1
     2195  26.839122  102.976872    13.188     3834.8   -12284.1     7051.8     57.6     48.2     70.0 2023  1 16 16  3 19.020  3.4     0     0     5     2 -9.000  0.037   1
     2198  26.976190  102.923804     8.165    -1436.6     2903.4     2028.8     86.0     78.6     70.2 2023  1 16 16 16 44.680  3.2     0     0    18    18 -9.000  0.147   1
     2199  26.970170  102.945679     8.626      735.6     2236.4     2489.8    134.2    191.3    113.4 2023  1 16 16 20  5.890  3.0     0     0     5     4 -9.000  0.096   1
     2264  27.124845  102.819027     6.007   -11832.2    19375.0     -128.9    114.6     85.0    856.1 2023  1 17 12 11 25.230  2.8     0     0     3     2 -9.000  0.139   1
     2294  27.128713  102.800529     2.761   -13666.8    19803.5    -3375.8     60.5     43.3    113.6 2023  1 17 18 47 54.800  3.6     0     0     7     6 -9.000  0.137   1
     2303  27.134861  102.826912     3.221   -11049.3    20484.7    -2915.4     36.0     25.6    109.8 2023  1 17 20 19  3.500  2.4     0     0     4     2 -9.000  0.071   1
     2304  26.955536  102.912394     2.950    -2569.6      615.0    -3186.0     61.6     69.6     53.3 2023  1 17 20 37 19.520  1.9     0     0     2     2 -9.000  0.116   1
     2306  26.923342  102.916488    11.930    -2163.5    -2952.3     5793.4    373.1    313.9    244.1 2023  1 17 20 57  5.120  2.7     0     0     1     1 -9.000  0.007   1
     2348  26.994253  102.884985     5.606    -5290.1     4905.0     -530.7      4.3      3.2      2.8 2023  1 18  7 22 51.450  3.2     0     0     2     1 -9.000  0.000   1
     2385  27.040257  102.817277    12.407   -12010.3    10002.2     6271.1     73.9     64.3     62.0 2023  1 18 21 12 59.240  3.2     0     0     3     2 -9.000  0.058   1
     2438  27.095709  102.996745     1.585     5802.6    16146.7    -4551.8     39.5     23.6     34.5 2023  1 19 17 24 12.480  2.9     0     0     1     3 -9.000  0.009   1
     2443  26.574036  103.043604    12.890    10476.4   -41656.3     6754.6    135.9    114.6    125.8 2023  1 19 18 37 36.600  3.7     0     0     4     4 -9.000  0.161   1
     2447  26.858474  102.943400    11.840      509.2   -10139.9     5703.9    168.7    119.2    102.8 2023  1 19 22  6 22.880  3.6     0     0    29    26 -9.000  0.137   1
     2449  26.827419  102.946362     4.684      803.4   -13580.7    -1452.3     91.7     31.6     96.4 2023  1 19 22 27  6.220  2.2     0     0     2     1 -9.000  0.050   1
     2453  26.925818  102.690804    12.144   -24576.4    -2678.0     6007.6     49.2     58.3     59.1 2023  1 19 23 53 15.220  1.7     0     0     1     1 -9.000  0.000   1
     2463  26.982798  102.823389    14.246   -11406.4     3635.7     8109.9    161.4    112.2    106.0 2023  1 20  8 24  0.380  3.4     0     0     3     4 -9.000  0.142   1
     2473  27.005607  102.813770     6.054   -12360.4     6163.1      -82.6    196.7    310.5    243.0 2023  1 20 16 10 14.130  2.5     0     0     2     2 -9.000  0.209   1
     2490  27.116062  102.822811    14.347   -11456.9    18401.8     8211.1    102.1     72.9     93.9 2023  1 20 19  7 17.220  3.4     0     0    12    10 -9.000  0.151   1
     2499  26.730658  102.896558    13.772    -4146.3   -24302.1     7635.5     13.6     25.3     23.9 2023  1 20 20 43 14.960  1.3     0     0     2     2 -9.000  0.006   1
     2537  26.978756  102.803092    14.944   -13421.5     3187.8     8807.9    171.6    109.8    143.0 2023  1 21 19 43 34.300  3.3     0     0     5     4 -9.000  0.161   1
     2595  26.923702  102.932275    11.550     -596.0    -2912.4     5413.2    328.1    317.8    251.0 2023  1 22 20 26  0.040  2.7     0     0     1     1 -9.000  0.007   1
     2602  27.125559  102.829574     3.858   -10785.5    19454.0    -2278.4     36.4     25.6     92.3 2023  1 22 22 11 30.040  2.8     0     0     7     4 -9.000  0.107   1
     2608  27.129425  102.790527     9.886   -14659.6    19882.4     3749.9     61.1     72.5     86.8 2023  1 22 23 57 49.240  3.1     0     0     3     4 -9.000  0.125   1
     2654  27.105603  102.851725    14.736    -8588.3    17242.9     8600.0    173.4     89.4    107.5 2023  1 23 21 54 10.040  4.3     0     0     4     4 -9.000  0.166   1
     2670  26.748914  103.034554     9.679     9569.1   -22279.4     3542.6      7.9      8.4      6.2 2023  1 24  3 45 58.380  2.8     0     0     0     2 -9.000  0.000   1
     2674  27.110433  102.813615    11.650   -12369.9    17778.0     5513.5    294.1    198.6    297.8 2023  1 24  5 27  3.620  3.5     0     0     3     3 -9.000  0.072   1
     2700  26.980117  102.926807     9.439    -1138.6     3338.5     3302.2    136.9    179.6    134.4 2023  1 24 17  6 42.360  4.3     0     0    12     8 -9.000  0.217   1
     2703  26.843233  102.930949    13.956     -727.7   -11828.4     7819.2     98.0     71.7     62.7 2023  1 24 18 28 40.760  5.3     0     0    22    18 -9.000  0.152   1
     2705  26.842285  102.933846     9.765     -439.5   -11933.6     3628.2     66.8     83.7     97.1 2023  1 24 18 39  8.160  3.5     0     0     6     9 -9.000  0.099   1
     2706  26.842157  102.938175    13.378       -9.5   -11947.7     7241.6    115.5     75.5     95.4 2023  1 24 19  2 19.320  4.5     0     0    19    19 -9.000  0.175   1
     2720  26.496755  102.979997     9.563     4151.7   -50219.2     3426.8     64.0     78.1    113.2 2023  1 24 23 44 49.440  3.2     0     0     3     2 -9.000  0.055   1
     2729  26.862524  102.918319    14.697    -1982.6    -9690.9     8560.5    104.8    126.3     94.6 2023  1 25  2 54 47.010  3.1     0     0     2     2 -9.000  0.028   1
     2748  26.971045  102.916992     8.632    -2112.9     2333.3     2495.5     93.4     90.8     81.8 2023  1 25 12 51 58.630  3.5     0     0    26    25 -9.000  0.155   1
     2751  26.975972  102.923185     9.505    -1498.4     2879.3     3368.6    104.0    113.9     90.1 2023  1 25 14  8 38.660  3.4     0     0    22    22 -9.000  0.168   1
     2754  26.507159  102.995874    10.118     5731.1   -49066.2     3981.2     69.4     81.4     93.0 2023  1 25 14 54 48.260  3.8     0     0     3     2 -9.000  0.055   1
     2756  26.950517  102.916781     7.333    -2134.0       58.8     1196.8    161.1    132.6    162.9 2023  1 25 15 29  9.220  3.3     0     0     5     8 -9.000  0.166   1
     2790  26.720070  103.008504    11.817     6981.0   -25475.1     5680.7    106.1    106.4     96.7 2023  1 25 22 18 22.040  4.1     0     0     3     3 -9.000  0.127   1
     2804  26.731514  102.896802    13.687    -4122.3   -24207.1     7550.5     13.7     25.4     24.1 2023  1 25 23 33 14.980  3.5     0     0     2     2 -9.000  0.006   1
     2823  26.984607  102.906893    19.505    -3115.7     3836.0    13368.9     26.1     47.2     66.6 2023  1 26  8 13 13.910  1.8     0     0     5     2 -9.000  0.053   1
     2826  26.992719  102.820076    14.666   -11734.5     4735.0     8530.0    116.4     91.5    109.5 2023  1 26  8 57 51.340  3.5     0     0     8     6 -9.000  0.161   1
     2851  26.954944  102.940112    10.484      183.0      549.5     4347.8     86.9     93.4     62.9 2023  1 26 20 34 54.960  2.6     0     0     1     3 -9.000  0.042   1
     2868  26.858083  102.935132    11.404     -311.7   -10183.1     5267.8    153.8    108.3    113.1 2023  1 27  3  4  5.070  3.2     0     0    13     5 -9.000  0.148   1
     2876  26.862136  102.975586    12.876     3706.9    -9734.0     6739.8    156.5    116.6    102.3 2023  1 27  6 13 52.570  3.3     0     0    20    22 -9.000  0.138   1
     2877  26.686823  103.005420    14.327     6675.5   -29159.1     8191.0     74.3     23.1     42.4 2023  1 27  6 25 49.790  3.5     0     0     3     4 -9.000  0.100   1
     2889  26.990232  102.833822    13.360   -10370.3     4459.3     7223.5     85.9     48.0     63.4 2023  1 27 10 58 34.180  3.6     0     0     5     2 -9.000  0.067   1
     2895  26.980157  102.900488     9.705    -3751.5     3343.1     3569.1    244.1    548.9    147.6 2023  1 27 12  9 22.800  3.3     0     0     1     1 -9.000  0.003   1
     2898  26.974931  102.930957     9.407     -726.6     2763.9     3270.3     80.9    113.4     99.1 2023  1 27 13 50 19.850  3.3     0     0    22    17 -9.000  0.156   1
     2904  26.995624  102.829631    13.788   -10785.8     5056.8     7651.8     61.1     35.2     55.5 2023  1 27 15 33 32.180  3.2     0     0    10     4 -9.000  0.135   1
     2922  27.114923  102.850952     8.144    -8664.5    18275.4     2007.7    141.0     74.5    138.9 2023  1 27 20 21  5.680  3.1     0     0    12     9 -9.000  0.163   1
     2929  27.030497  102.774382    14.589   -16268.4     8920.8     8452.6    141.8    129.1    134.4 2023  1 27 23 50 57.140  3.2     0     0     3     3 -9.000  0.103   1
     2936  26.827169  102.971143    14.554     3266.0   -13608.5     8417.1    101.1    132.0     71.8 2023  1 28  2  0 52.440  3.3     0     0    28    28 -9.000  0.165   1
     2958  26.977193  102.793530    16.005   -14371.2     3014.6     9868.1    188.0    108.6    175.5 2023  1 28 11 46 10.260  3.4     0     0     4     2 -9.000  0.186   1
     2964  26.923031  102.900382     6.385    -3763.1    -2986.8      248.7     83.2     57.7     51.2 2023  1 28 12 13 23.850  3.3     0     0    12    11 -9.000  0.129   1
     2982  26.929850  102.888534    10.474    -4939.9    -2231.1     4337.6    112.1    145.3     72.2 2023  1 28 19 57 32.500  3.4     0     0     3     3 -9.000  0.052   1
     3022  26.716856  103.024284    11.211     8549.7   -25831.4     5074.3     99.3    105.5    100.2 2023  1 29 13 41  6.640  3.2     0     0     3     3 -9.000  0.127   1
     3047  26.859043  102.945402     8.169      708.5   -10076.7     2032.8    122.6     97.1     98.0 2023  1 29 22 51 44.640  3.2     0     0    15     8 -9.000  0.188   1
     3060  26.895957  102.934367    10.642     -388.1    -5986.6     4505.6    146.2     81.6    136.8 2023  1 30  7 18 56.360  3.1     0     0     3     3 -9.000  0.137   1
     3073  26.834886  102.941219     9.500      292.5   -12753.5     3364.0     71.2     93.3     69.8 2023  1 30 12  1 49.190  3.0     0     0     3     7 -9.000  0.074   1
     3077  26.855735  102.945532    15.321      721.4   -10443.2     9185.1    218.5    153.7    215.0 2023  1 30 12 26 51.820  3.5     0     0     6    10 -9.000  0.177   1
     3101  26.857402  102.971672     5.930     3318.1   -10258.5     -206.9    124.8    142.2    232.2 2023  1 30 23 34 55.440  2.2     0     0     5     5 -9.000  0.152   1
     3113  27.153257  103.121541    13.774    18181.8    22522.9     7637.3    132.0     79.6    125.2 2023  1 31  7  0 35.600  3.4     0     0     2     3 -9.000  0.053   1
     3116  27.240232  102.879736     5.662    -5805.0    32160.0     -474.7     27.8     43.7     54.9 2023  1 31  7 39 44.060  2.5     0     0     2     1 -9.000  0.014   1
     3136  26.622380  103.014396    11.950     7569.6   -36299.6     5813.3    114.0     66.2     99.8 2023  1 31 16 27 59.290  3.8     0     0     4     2 -9.000  0.109   1
     3140  26.882334  102.921427     8.666    -1673.5    -7496.0     2529.9    108.1     62.1    104.9 2023  1 31 17  3 23.840  3.8     0     0     3     2 -9.000  0.053   1
     3152  27.022207  102.942855     3.566      454.9     8002.2    -2570.7     22.0     22.3     30.1 2023  1 31 19 52 21.840  2.3     0     0     2     2 -9.000  0.014   1
     3153  26.928355  102.913908     8.480    -2419.3    -2396.9     2343.8    127.2     95.5     77.3 2023  1 31 20 31 50.900  2.5     0     0    23    15 -9.000  0.125   1
     3156  26.957424  102.910718    10.068    -2736.4      824.1     3931.4    119.7    138.2    116.6 2023  1 31 21 28 23.620  2.7     0     0     8     7 -9.000  0.162   1
     3161  26.930914  102.909033     7.697    -2903.6    -2113.3     1560.2    180.4    137.8    136.3 2023  1 31 22 23 52.400  2.7     0     0    27    19 -9.000  0.185   1
     3178  26.946822  102.894173     7.798    -4379.0     -350.6     1662.0    250.0    192.8     87.4 2023  2  1  8 53 40.410  3.3     0     0     3     0 -9.000  0.013   1
     3199  27.017934  102.807992     5.816   -12932.6     7528.9     -320.3    204.8    268.7    242.6 2023  2  1 19 32 32.800  2.8     0     0     2     3 -9.000  0.076   1
     3205  26.990637  102.871549     5.452    -6624.5     4504.4     -684.0      4.6      3.3      2.8 2023  2  1 21 43 10.900  1.7     0     0     2     1 -9.000  0.000   1
     3291  27.108486  102.842196     8.101    -9533.8    17562.3     1964.4    125.2     90.3    134.8 2023  2  3  9 59 32.710  3.5     0     0     6     5 -9.000  0.124   1
     3329  26.823169  102.725382     6.864   -21151.3   -14051.7      728.1     41.9     15.9     43.9 2023  2  4  6 34 26.550  2.7     0     0     1     2 -9.000  0.010   1
     3336  27.166620  103.129614    12.619    18981.6    24003.6     6482.8     76.4     61.3    114.3 2023  2  4 10 29 17.720  4.6     0     0     4     3 -9.000  0.042   1
     3365  26.956525  102.941577     9.286      328.0      724.5     3149.1    184.8    250.5    135.9 2023  2  4 19 34  7.960  2.5     0     0     2     2 -9.000  0.120   1
     3366  26.985152  102.899601    20.050    -3839.5     3896.5    13913.9     65.6     13.0     36.3 2023  2  4 20  3 13.900  1.6     0     0     2     1 -9.000  0.007   1
     3367  26.853859  102.948307    13.831      996.8   -10651.1     7694.8    144.1    134.7     81.9 2023  2  4 20  7 36.580  2.5     0     0    19    17 -9.000  0.152   1
     3373  26.980841  102.913680     6.412    -2442.1     3419.0      276.0    185.8    190.0    192.4 2023  2  4 21 12 48.300  2.8     0     0     2     3 -9.000  0.107   1
     3392  26.491685  102.988623     7.533     5009.9   -50780.9     1397.1     32.7     49.1     41.9 2023  2  5 11 56 53.640  3.3     0     0     2     1 -9.000  0.018   1
     3395  26.980031  102.764657    12.601   -17237.8     3329.2     6464.3     66.5     73.8     42.9 2023  2  5 12 41 57.270  3.3     0     0     2     2 -9.000  0.117   1
     3419  26.968730  102.920589     9.722    -1756.1     2077.0     3585.3     62.9     82.0     66.1 2023  2  6  1 12 27.430  4.9     0     0    27    23 -9.000  0.135   1
     3423  27.016988  102.934961     4.252     -329.1     7423.9    -1884.4     22.1     23.2     26.0 2023  2  6  2 11 43.790  2.9     0     0     2     2 -9.000  0.014   1
     3434  26.968884  102.916284    10.245    -2183.4     2094.1     4108.5    101.8     85.8     81.2 2023  2  6  8 30 31.050  4.5     0     0    16    15 -9.000  0.151   1
     3497  26.578347  103.057699    11.274    11878.2   -41178.6     5137.3     80.3     67.7     74.8 2023  2  7 12 22 33.630  3.9     0     0    11     6 -9.000  0.097   1
     3498  26.582888  103.048543     9.581    10966.9   -40675.5     3444.6    145.5    129.3    144.5 2023  2  7 12 27 53.210  3.8     0     0     4     0 -9.000  0.046   1
     3499  26.567706  103.060173    11.122    12124.7   -42357.6     4985.4    112.9    120.8    133.9 2023  2  7 12 51 50.690  3.6     0     0     6     7 -9.000  0.151   1
     3505  27.024559  102.798014    16.733   -13923.1     8262.8    10596.6     92.4     59.6     85.4 2023  2  7 14  0  9.570  3.1     0     0     7     5 -9.000  0.091   1
     3506  26.978164  102.932951     5.831     -528.2     3122.3     -305.5    115.7    132.5    106.8 2023  2  7 14 24 46.330  2.7     0     0     5     5 -9.000  0.114   1
     3521  26.574272  103.051473    11.883    11258.8   -41630.2     5746.4     87.3     77.2     83.5 2023  2  7 18 46 49.120  4.0     0     0    11    11 -9.000  0.172   1
     3533  27.103212  102.858350    14.010    -7930.7    16978.0     7873.6    142.2     93.9     87.3 2023  2  7 22 51 25.800  4.0     0     0    16    18 -9.000  0.149   1
     3556  26.920921  102.824113     5.936   -11337.3    -3220.5     -200.5    127.0     89.4    141.8 2023  2  8 11 37 32.570  3.3     0     0     2     1 -9.000  0.134   1
     3587  27.169084  103.116121    11.803    17643.1    24276.7     5666.5     80.3     77.5     99.3 2023  2  9 10  5 54.600  3.7     0     0     7     4 -9.000  0.080   1
     3597  26.942924  102.929370    10.950     -884.2     -782.4     4813.6    100.9     80.8     62.2 2023  2  9 13 58 42.230  2.9     0     0     1     3 -9.000  0.042   1
     3603  26.923763  102.920378     9.015    -1777.5    -2905.5     2879.1    189.7    117.7    134.2 2023  2  9 17 12 52.260  1.9     0     0     6     5 -9.000  0.165   1
     3641  26.822839  102.966382    13.245     2793.1   -14088.2     7108.3    189.5    215.8     78.0 2023  2 10  3 51 17.380  3.1     0     0     3     9 -9.000  0.113   1
     3643  26.864353  102.941935     5.196      363.6    -9488.3     -940.6    104.1     98.0    276.8 2023  2 10  4 12 31.520  3.3     0     0     2     2 -9.000  0.105   1
     3661  26.963088  102.925521     7.842    -1266.4     1451.8     1705.8    112.9    104.4     91.6 2023  2 10 13 44 34.710  3.2     0     0    16    21 -9.000  0.139   1
     3668  26.906616  102.871395     6.139    -6641.8    -4805.5        2.9      6.3      4.3      7.1 2023  2 10 15 49  8.740  1.8     0     0     2     0 -9.000  0.000   1
     3677  26.980863  102.758488    13.339   -17850.4     3421.2     7202.7     64.9     74.1     41.6 2023  2 10 18 13 48.160  2.2     0     0     2     2 -9.000  0.117   1
     3679  26.827584  102.963403    11.627     2496.6   -13562.5     5490.2    174.5    228.7    168.1 2023  2 10 18 51 51.300  2.9     0     0     4    10 -9.000  0.167   1
     3681  26.815393  102.968278    15.753     2981.5   -14913.3     9616.9    239.3    184.5    136.5 2023  2 10 18 59 17.400  3.7     0     0     4     4 -9.000  0.171   1
     3682  26.853174  103.010636    14.994     7188.4   -10727.0     8857.3     12.0     22.5     14.5 2023  2 10 20  1 54.080  2.5     0     0     2     3 -9.000  0.062   1
     3691  26.738824  102.989063     9.146     5047.8   -23397.2     3009.9     32.6     36.3     33.3 2023  2 10 22  2 19.880  3.3     0     0     1     2 -9.000  0.012   1
     3694  26.835628  102.959025    16.694     2062.0   -12671.2    10557.6     87.5     91.1     67.6 2023  2 10 22 52 55.720  3.0     0     0     5     4 -9.000  0.072   1
     3696  26.816250  102.956641    12.157     1824.9   -14818.4     6020.9    105.9    101.7    101.4 2023  2 10 23 21 27.340  3.0     0     0     9    20 -9.000  0.140   1
     3697  27.002026  102.809530     5.625   -12781.3     5766.3     -511.5    176.2    277.3    246.6 2023  2 10 23 27 25.960  2.8     0     0     8    10 -9.000  0.151   1
     3703  26.929150  102.901872    10.210    -3614.6    -2308.7     4073.2    143.7    143.3     72.4 2023  2 11  0 34 33.580  3.9     0     0     3     3 -9.000  0.052   1
     3721  27.128786  102.853361    10.788    -8425.2    19811.6     4651.2     90.7     73.5     82.2 2023  2 11  8 41  3.570  2.8     0     0     6     9 -9.000  0.136   1
     3744  26.869857  102.944287     4.166      597.7    -8878.6    -1970.8    103.2     96.8    214.1 2023  2 11 15  5 42.510  2.9     0     0     2     2 -9.000  0.105   1
     3763  26.677635  102.975163    11.290     3667.3   -30177.3     5153.2      4.0      2.4      4.1 2023  2 11 20 27 26.120  2.6     0     0     0     2 -9.000  0.000   1
     3787  27.007719  102.804077     4.325   -13322.3     6397.0    -1811.5    112.9    145.0    179.6 2023  2 12  3 34  5.010  4.2     0     0    10     9 -9.000  0.105   1
     3788  26.846102  102.951221    12.917     1286.5   -11510.6     6781.0    189.5    201.2    153.7 2023  2 12  3 36 55.310  3.0     0     0     4     4 -9.000  0.150   1
     3811  27.101898  102.986369     4.304     4772.4    16832.3    -1832.6     83.9     16.0     46.3 2023  2 12  9 24 42.560  1.7     0     0     0     3 -9.000  0.018   1
     3830  26.878178  102.925830    15.929    -1236.3    -7956.6     9792.6    186.5    120.8    122.0 2023  2 12 15 24 31.450  3.6     0     0     8     5 -9.000  0.166   1
     3886  26.492865  102.977979     7.639     3950.4   -50650.2     1503.9     27.7     50.3     43.6 2023  2 13 11 20 53.080  3.7     0     0     2     1 -9.000  0.018   1
     3943  26.880196  102.967798    14.848     2932.8    -7732.8     8711.2    133.7    112.9     70.4 2023  2 14 21 11 56.380  3.0     0     0     3     6 -9.000  0.065   1
     3948  27.118852  102.819051    13.352   -11830.0    18710.8     7216.1    185.6     97.5    165.8 2023  2 14 23  2 20.840  3.0     0     0     6     6 -9.000  0.163   1
     3970  27.114591  102.818750     9.215   -11859.6    18238.7     3078.4     99.3     65.0    105.0 2023  2 15 11 38  6.520  3.0     0     0     9     9 -9.000  0.119   1
     3973  26.967755  102.903467     8.100    -3455.8     1969.0     1963.6    148.9    161.2    116.5 2023  2 15 14 54  0.810  2.3     0     0     5     7 -9.000  0.101   1
     3976  27.109812  102.843840     8.094    -9370.3    17709.2     1957.2    107.7     77.0    138.3 2023  2 15 15 17 29.780  2.8     0     0    11    10 -9.000  0.136   1
     3977  26.849243  102.961792    13.034     2336.7   -11162.6     6897.1    157.6    107.2    158.5 2023  2 15 16  9 19.300  4.2     0     0     6     7 -9.000  0.201   1
     3978  27.110661  102.849976     7.963    -8761.8    17803.3     1826.8    171.7     89.6    201.1 2023  2 15 16 28  5.170  2.4     0     0     3     1 -9.000  0.108   1
     3983  26.837101  102.969727    16.672     3124.5   -12507.9    10535.5     84.1     60.2     72.8 2023  2 15 20 50 47.000  2.9     0     0     9    13 -9.000  0.153   1
     4041  26.951040  102.916610     7.083    -2151.3      116.7      946.4     65.2     36.2     61.3 2023  2 17 13 22  2.320  2.8     0     0     3     3 -9.000  0.030   1
     4046  26.886491  102.905127     8.047    -3292.5    -7035.4     1911.0      1.9      3.5      4.0 2023  2 17 17 38 54.960  2.8     0     0     1     1 -9.000  0.000   1
     4047  26.845494  102.887223    11.076    -5071.5   -11577.9     4939.5    196.1    164.1    180.7 2023  2 17 17 44 19.200  2.7     0     0     2     2 -9.000  0.145   1
     4058  26.829055  102.966064    13.394     2761.0   -13399.5     7257.8    110.2    111.6     81.6 2023  2 17 23  0 31.020  3.8     0     0    31    35 -9.000  0.142   1
     4084  26.824178  103.013184    15.132     7443.0   -13939.9     8995.4     51.4     62.7     49.6 2023  2 18 11 25  5.040  3.4     0     0     1     1 -9.000  0.000   1
     4109  27.012730  102.855868     2.439    -8180.9     6952.3    -3697.6      9.2      6.7     12.6 2023  2 19  2 13 23.690  3.2     0     0     1     1 -9.000  0.000   1
     4116  27.093534  103.009399     0.241     7058.2    15905.7    -5895.1     40.8     25.4     58.0 2023  2 19  6 32 11.390  3.1     0     0     1     3 -9.000  0.009   1
     4187  27.183223  103.033667    11.266     9462.9    25843.3     5129.7    294.5    202.6    163.7 2023  2 21  7 57 59.300  3.2     0     0     1     1 -9.000  0.013   1
     4208  27.104289  102.864502    14.082    -7320.8    17097.3     7946.1    203.3    154.4    120.0 2023  2 21 17 57 10.080  4.4     0     0     5     5 -9.000  0.093   1
     4224  26.915499  102.905444     6.432    -3260.6    -3821.2      295.3     89.2     53.2     46.5 2023  2 21 23 18 40.000  4.2     0     0    12     8 -9.000  0.156   1
     4257  27.117297  102.851579     8.733    -8602.5    18538.6     2596.7    134.5     87.7    133.0 2023  2 22 16 22 51.070  3.6     0     0    14    15 -9.000  0.134   1
     4275  27.168429  103.031299     8.630     9228.4    24204.1     2493.4    190.2    202.5    239.9 2023  2 22 23 54  9.460  3.0     0     0     1     1 -9.000  0.005   1
     4289  26.816335  102.894979    10.586    -4302.0   -14808.9     4450.0     10.1      6.4      8.7 2023  2 23 11 33 43.000  3.2     0     0     1     1 -9.000  0.000   1
     4306  27.224205  102.880135     5.751    -5765.7    30384.1     -385.9     27.9     40.3     55.9 2023  2 23 21 54 52.240  1.8     0     0     2     1 -9.000  0.014   1
     4311  27.218872  102.777808     7.118   -15915.1    29793.4      981.3     16.2     31.0     33.7 2023  2 24  1 42  1.600  3.7     0     0     2     2 -9.000  0.009   1
     4315  26.966461  102.888387     8.897    -4952.9     1825.4     2760.6    162.1    112.2    178.7 2023  2 24  5 13 31.730  3.6     0     0     6     4 -9.000  0.146   1
     4319  27.140383  102.880005     8.545    -5781.5    21096.6     2408.9     45.3     26.7     36.4 2023  2 24  9 52 31.420  2.7     0     0     1     0 -9.000  0.000   1
     4349  27.208248  102.803158    10.438   -13401.6    28616.2     4301.9     84.6    108.7    127.4 2023  2 25  5 47 20.470  3.6     0     0     3     4 -9.000  0.137   1
     4359  26.920500  102.920516     7.106    -1763.4    -3267.1      969.6    182.5    132.4    148.0 2023  2 25 10  3 20.880  2.7     0     0     8     0 -9.000  0.149   1
     4362  26.712136  102.822705     1.974   -11488.0   -26354.4    -4162.4    421.6    625.7    489.0 2023  2 25 11  2 22.980  2.8     0     0     1     1 -9.000  0.006   1
     4386  26.854458  102.952523     9.814     1415.9   -10584.8     3677.1     60.4     72.7     91.1 2023  2 25 17 28  3.440  3.4     0     0    32    27 -9.000  0.121   1
     4419  27.213869  102.795557    11.612   -14155.0    29238.9     5475.9     84.0    109.6    119.4 2023  2 26  2 50 36.090  4.6     0     0     3     4 -9.000  0.137   1
     4420  27.212199  102.794132     9.048   -14296.2    29053.8     2911.2     16.7     19.1     22.2 2023  2 26  2 54 34.200  3.8     0     0     2     2 -9.000  0.053   1
     4445  26.849231  102.971419     8.153     3293.1   -11163.9     2016.4     91.0     76.6     97.2 2023  2 26 16 17  1.680  2.8     0     0    38    34 -9.000  0.156   1
     4464  26.919326  102.924284     7.764    -1389.5    -3397.1     1627.8    106.0    120.6     89.6 2023  2 27  1 33 45.160  4.1     0     0    20    13 -9.000  0.129   1
     4471  26.865173  102.952271    14.118     1390.6    -9397.5     7981.9    126.5    102.3     77.2 2023  2 27  5 56 54.110  3.4     0     0     5     5 -9.000  0.110   1
     4478  27.136159  102.851489    10.643    -8610.9    20628.6     4506.2    149.6    106.1    139.5 2023  2 27 11 59 34.280  4.3     0     0     4     2 -9.000  0.046   1
     4491  26.827795  102.966740    10.242     2828.5   -13539.1     4105.5    133.8    101.8    111.6 2023  2 27 20 25 38.920  3.6     0     0     6     6 -9.000  0.139   1
     4510  26.787551  102.966113    12.583     2766.8   -17998.2     6447.1    100.3     63.2    116.3 2023  2 28 10 34 50.810  3.1     0     0     1     3 -9.000  0.072   1
     4517  26.875726  102.915820    14.909    -2230.4    -8228.2     8772.6    247.2    172.3    118.8 2023  2 28 15 11  6.050  3.4     0     0     7     6 -9.000  0.165   1
     4526  26.747546  102.984424    10.146     4586.7   -22430.7     4009.8     47.5     32.4     32.5 2023  2 28 18 42 34.160  2.2     0     0     1     2 -9.000  0.012   1
     4530  26.625022  103.008358    12.028     6969.2   -36006.8     5891.6    116.2     66.6    101.6 2023  2 28 21 42 45.820  3.9     0     0     4     2 -9.000  0.109   1
     4549  26.840483  102.974487     6.321     3597.9   -12133.3      184.4    199.7    153.9    250.6 2023  3  1 11 36  7.790  4.1     0     0     3     2 -9.000  0.061   1
     4550  26.904734  102.920785    17.614    -1737.0    -5014.1    11477.5     54.5     57.6     68.5 2023  3  1 11 42 30.680  3.5     0     0     2     3 -9.000  0.065   1
     4551  26.858317  102.936100    11.415     -216.2   -10157.1     5278.1    122.5    107.1     99.8 2023  3  1 11 57 26.360  3.6     0     0    35    31 -9.000  0.148   1
     4560  26.840245  102.968481     6.445     3000.8   -12159.7      308.8    109.4     87.1    135.1 2023  3  1 16 21 48.180  2.7     0     0    15    18 -9.000  0.161   1
     4565  26.852313  102.962663    12.966     2422.5   -10822.3     6830.0    128.7    101.0     92.2 2023  3  1 21 29 18.600  3.0     0     0    30    26 -9.000  0.149   1
     4580  27.128813  102.834977     5.845   -10249.2    19814.5     -291.2     85.5     40.8     68.0 2023  3  2 12  8 46.480  3.7     0     0     4     3 -9.000  0.082   1
     4591  27.006407  102.796509     5.769   -14073.5     6251.7     -367.5    186.0    288.4    262.5 2023  3  2 16 50 48.280  4.2     0     0    10     7 -9.000  0.134   1
     4596  26.859648  102.955192    13.887     1680.9   -10009.8     7750.9     94.2     81.0     83.0 2023  3  2 22 25 24.260  5.2     0     0    40    33 -9.000  0.125   1
     4597  26.853802  103.024333     6.967     8549.5   -10657.3      830.8     55.9     46.4     81.0 2023  3  2 22 32 59.740  2.6     0     0     2     3 -9.000  0.053   1
     4599  26.847422  102.972070     7.282     3357.8   -11364.2     1146.9     81.9     81.0    105.0 2023  3  2 22 48 55.240  3.7     0     0    34    34 -9.000  0.152   1
     4601  26.840137  102.928532    14.122     -967.4   -12171.6     7985.7    125.9    108.7     84.8 2023  3  3  1 24  8.240  3.3     0     0     6     8 -9.000  0.140   1
     4615  26.825631  102.958887    11.405     2048.4   -13778.9     5268.6     93.8     65.8     68.4 2023  3  3 18 35 14.100  2.7     0     0    12    11 -9.000  0.138   1
     4618  27.123590  102.793091     2.408   -14405.7    19235.8    -3728.0     57.2     38.6    184.9 2023  3  4  3  1  2.580  3.2     0     0     6     4 -9.000  0.063   1
     4629  26.860657  102.942285     9.327      398.4    -9897.8     3191.1     89.1    102.8     82.4 2023  3  4 14 18 51.100  2.9     0     0     2     0 -9.000  0.002   1
     4638  27.223468  102.942448     1.956      413.9    30302.6    -4180.1     14.5     17.3     22.9 2023  3  4 17 43 19.360  1.4     0     0     2     1 -9.000  0.006   1
     4645  27.216223  102.790487     8.450   -14658.2    29499.8     2313.4     16.3     19.2     23.3 2023  3  4 22 23 24.080  2.7     0     0     4     4 -9.000  0.038   1
     4646  27.112528  102.854956     8.485    -8267.3    18010.2     2348.3    150.7     75.0     88.1 2023  3  4 22 34 25.960  3.0     0     0     8     5 -9.000  0.103   1
     4648  27.135883  102.795931     9.006   -14122.9    20597.9     2869.6     61.6     72.0     99.9 2023  3  5  0  8  8.950  3.6     0     0     3     4 -9.000  0.125   1
     4651  26.858177  102.962939     7.646     2450.0   -10172.6     1510.0     95.4    110.9    122.7 2023  3  5  8 40 14.080  2.9     0     0     4     3 -9.000  0.093   1
     4656  27.043205  103.121948    11.710    18230.9    10329.0     5573.2    523.7    480.7    709.9 2023  3  5 14  7  6.970  4.1     0     0     1     0 -9.000  0.000   1
     4659  26.855682  102.949202    11.411     1085.5   -10449.0     5274.3    104.4     88.3     82.4 2023  3  5 15 55  1.580  3.5     0     0    52    50 -9.000  0.125   1
     4668  27.127437  102.846240     4.789    -9131.5    19662.1    -1347.8     69.4     39.2     71.5 2023  3  5 23 36 50.720  3.5     0     0     4     3 -9.000  0.082   1
     4673  26.863210  102.956234    12.391     1784.2    -9615.0     6254.7     62.3     46.1     66.6 2023  3  6  3 24 59.920  3.1     0     0    17    17 -9.000  0.096   1
     4680  27.131252  102.824325    14.856   -11306.3    20084.8     8719.6    174.8    140.1    131.3 2023  3  6  7 11 16.000  4.4     0     0     4     2 -9.000  0.134   1
     4681  27.206728  102.830086     8.673   -10730.7    28447.6     2536.5    341.1    460.8    384.5 2023  3  6  7 20 37.450  2.5     0     0     1     1 -9.000  0.086   1
     4682  27.130900  102.855933     9.853    -8169.7    20045.7     3716.8     93.1     71.6     98.8 2023  3  6  7 43  0.280  2.5     0     0     8     8 -9.000  0.118   1
     4685  27.123663  102.875106     9.600    -6267.3    19243.9     3463.4    218.6    116.4    126.2 2023  3  6 11 41 37.030  4.0     0     0     3     2 -9.000  0.064   1
     4699  26.844958  102.946069    14.308      774.3   -11637.3     8171.6    156.2    109.1    108.4 2023  3  6 20 48 46.280  6.1     0     0    11     9 -9.000  0.147   1
     4702  26.837242  102.985132     7.509     4655.4   -12492.4     1372.9     84.7     89.9     88.5 2023  3  6 21  4 33.320  2.8     0     0     7     8 -9.000  0.127   1
     4710  26.860463  102.942782    10.833      448.0    -9919.3     4696.8    104.4     98.0    112.4 2023  3  6 22 22 54.660  3.4     0     0    24    19 -9.000  0.137   1
     4716  26.863285  102.957178    11.923     1878.2    -9606.6     5786.2     66.8     47.6     53.5 2023  3  6 23 32 30.920  2.8     0     0    20    20 -9.000  0.082   1
     4717  26.842360  102.903410    13.131    -3463.6   -11925.2     6994.9    115.2     77.3     97.4 2023  3  6 23 33 54.580  4.2     0     0     2     3 -9.000  0.075   1
     4718  26.840932  102.994865     6.702     5622.4   -12083.4      565.2    110.7     86.6    104.6 2023  3  6 23 47  1.120  2.9     0     0     5     6 -9.000  0.088   1
     4719  26.860944  102.967122    14.209     2865.8    -9866.2     8072.2    105.5     78.1     79.3 2023  3  6 23 51 24.040  3.8     0     0    34    34 -9.000  0.167   1
     4726  26.865558  102.873031     3.693    -6480.7    -9354.8    -2443.3     10.0      6.2     12.9 2023  3  7  1 24 15.250  3.8     0     0     1     1 -9.000  0.000   1
     4727  26.854952  102.968327    11.992     2985.8   -10530.0     5856.1     87.7     61.9     82.3 2023  3  7  1 31 58.900  3.6     0     0    13    16 -9.000  0.150   1
     4728  26.845048  102.956453    11.303     1805.9   -11627.4     5166.3    133.4     92.5    127.8 2023  3  7  2 24 31.740  4.1     0     0    15    14 -9.000  0.132   1
     4730  26.847697  102.938224     7.363       -4.9   -11333.9     1226.9    157.9    124.9    137.6 2023  3  7  3 21 32.580  3.4     0     0    24    18 -9.000  0.159   1
     4731  26.860203  102.997453    13.747     5878.4    -9948.2     7610.4    249.5    196.8    220.5 2023  3  7  3 41 31.150  4.1     0     0     4     6 -9.000  0.122   1
     4733  27.149034  103.119051    12.366    17935.3    22055.0     6229.4     68.0     81.2     68.1 2023  3  7  4 18 49.310  3.6     0     0     6     6 -9.000  0.109   1
     4734  26.865505  102.927344    10.679    -1085.5    -9360.6     4542.2    119.6     87.9    142.0 2023  3  7  4 37  7.130  3.5     0     0    11     9 -9.000  0.186   1
     4738  27.030318  102.782161    14.533   -15496.6     8901.1     8397.0    144.6    130.0    134.5 2023  3  7  5 32 22.600  4.8     0     0     3     3 -9.000  0.103   1
     4739  26.859432  102.978255     8.995     3971.6   -10033.6     2858.3    279.1    290.4    359.9 2023  3  7  5 48 34.840  3.6     0     0    11     8 -9.000  0.217   1
     4741  26.855198  102.963713    13.522     2527.0   -10502.8     7385.1     98.8     85.2     69.2 2023  3  7  7  3 58.770  4.4     0     0    43    41 -9.000  0.155   1
     4744  26.852319  102.942163    12.866      386.7   -10821.8     6729.8    217.9    189.3    144.5 2023  3  7  8 29 47.720  3.6     0     0    12    10 -9.000  0.142   1
     4745  26.850057  102.958276     6.799     1987.2   -11072.5      662.8    104.9    108.7    141.5 2023  3  7  9  0 10.460  3.3     0     0    26    19 -9.000  0.145   1
     4753  26.848004  102.939868    13.784      158.1   -11299.9     7647.1    112.6    102.3     94.5 2023  3  7 14  7 58.410  3.7     0     0    26    19 -9.000  0.133   1
     4754  26.855947  102.925667    10.702    -1252.2   -10419.8     4565.5    147.6    112.7    124.8 2023  3  7 14 12 42.930  4.2     0     0     3     3 -9.000  0.069   1
     4755  26.855282  102.947754    11.291      941.8   -10493.4     5154.7    121.1    115.3     87.3 2023  3  7 14 38 37.140  4.4     0     0    36    35 -9.000  0.135   1
     4756  26.841490  102.971200    13.437     3271.0   -12021.6     7300.6    118.6    142.7     98.3 2023  3  7 14 40 28.780  5.1     0     0    19    16 -9.000  0.147   1
     4759  26.842122  102.968506    11.357     3003.1   -11951.6     5221.1     80.3     65.6     82.7 2023  3  7 15 16 58.040  4.7     0     0    14    14 -9.000  0.121   1
     4764  26.852566  102.977401    11.430     3887.0   -10794.5     5293.7    161.1    173.2    160.9 2023  3  7 19  1 47.400  3.4     0     0     4     4 -9.000  0.210   1
     4765  26.854287  102.968188    10.756     2971.8   -10603.7     4619.1     91.7     95.1     70.3 2023  3  7 19 34 57.700  3.5     0     0    39    36 -9.000  0.148   1
     4769  26.851613  102.963566    15.031     2512.3   -10900.0     8894.9    100.1     73.9     77.6 2023  3  7 21 13 56.560  4.2     0     0    23    20 -9.000  0.171   1
     4770  26.845544  102.978752    10.484     4021.1   -11572.3     4347.7    113.5    101.9     88.2 2023  3  7 21 21 38.020  4.7     0     0    32    21 -9.000  0.140   1
     4771  26.856596  102.969287     7.230     3081.2   -10347.9     1093.3    121.4     97.4    104.2 2023  3  7 21 31 15.840  3.3     0     0    25    23 -9.000  0.170   1
     4773  26.853033  102.970451     6.993     3196.8   -10742.5      856.9     94.9    112.9    183.4 2023  3  7 21 37  4.560  3.1     0     0    18    20 -9.000  0.188   1
     4774  26.852144  102.962907    15.769     2447.3   -10841.1     9632.5    111.0     79.5     80.7 2023  3  7 21 44 29.640  4.6     0     0    13    13 -9.000  0.153   1
     4775  26.857880  102.940072    10.895      179.0   -10205.5     4759.0     93.8     69.2    119.2 2023  3  7 21 58 11.280  3.5     0     0    32    28 -9.000  0.120   1
     4776  26.844830  102.946753     7.027      842.2   -11651.6      890.8    183.8    153.0    202.8 2023  3  7 22 12 12.560  3.0     0     0     6     3 -9.000  0.142   1
     4777  26.869545  102.938232    11.258       -4.1    -8912.9     5121.1     90.6     74.4     66.7 2023  3  7 22 18  8.300  2.5     0     0    18    27 -9.000  0.107   1
     4780  26.845005  102.971151     7.939     3266.3   -11632.2     1803.0    156.6    130.5    197.6 2023  3  7 22 43 48.500  3.1     0     0     3     8 -9.000  0.144   1
     4784  26.844071  102.988981    12.084     5037.9   -11735.6     5947.5     85.5     76.5    130.1 2023  3  7 23 35 24.640  3.5     0     0    20    18 -9.000  0.169   1
     4788  26.864252  102.963542    15.007     2509.7    -9499.6     8870.7    219.7    128.3    184.3 2023  3  8  0 27 48.740  3.5     0     0     4     2 -9.000  0.160   1
     4789  26.858531  102.929671    14.800     -854.1   -10133.5     8664.0     98.7     50.2     63.3 2023  3  8  0 57 16.900  4.1     0     0     3     4 -9.000  0.062   1
     4790  26.842299  102.961133    10.511     2271.1   -11931.9     4374.3    360.1    293.2    324.1 2023  3  8  1  6 50.120  2.6     0     0     2     3 -9.000  0.079   1
     4791  26.851693  102.978263    11.949     3973.0   -10891.1     5813.0    123.3    163.4     98.9 2023  3  8  3  2 53.700  3.9     0     0     8     5 -9.000  0.133   1
     4796  26.853951  102.989990    11.816     5137.9   -10641.0     5680.1     83.3     79.6    137.5 2023  3  8  4 57 33.810  3.8     0     0    13    12 -9.000  0.133   1
     4797  26.851955  102.950854    11.229     1249.7   -10862.0     5092.9    158.2    160.5    143.1 2023  3  8  5 35 56.780  3.5     0     0    21    18 -9.000  0.183   1
     4800  26.864571  102.961060    12.870     2263.6    -9464.1     6733.6    137.0     85.2    104.3 2023  3  8  8 34 31.890  2.9     0     0    14    20 -9.000  0.125   1
     4804  26.863318  102.969596    13.867     3111.7    -9603.1     7730.4    106.6     95.0     62.5 2023  3  8 10 57 26.320  3.6     0     0    27    19 -9.000  0.134   1
     4807  26.852653  102.985506    11.301     4691.9   -10784.8     5164.2    104.3     93.6    116.3 2023  3  8 11 16  2.750  4.7     0     0    19    15 -9.000  0.139   1
     4808  26.846419  103.003825    11.325     6512.0   -11475.5     5188.8    121.0    117.9     72.5 2023  3  8 11 32  0.890  4.6     0     0    10    11 -9.000  0.158   1
     4811  26.846747  102.977352    14.204     3882.1   -11439.3     8067.9    135.8    102.5     88.8 2023  3  8 12 16  0.120  3.5     0     0     3     2 -9.000  0.095   1
     4815  26.851554  102.927889     9.422    -1032.0   -10906.5     3285.4    390.8    310.8    359.7 2023  3  8 13 18 43.500  4.4     0     0     3     3 -9.000  0.167   1
     4817  26.857585  102.975773     8.133     3725.1   -10238.2     1996.2     88.3     93.5    119.5 2023  3  8 14 11 31.430  3.5     0     0    22    20 -9.000  0.162   1
     4819  26.870066  102.932780    13.993     -545.4    -8855.2     7856.8    192.9    145.9     92.7 2023  3  8 14 20 24.350  3.3     0     0     3     2 -9.000  0.142   1
     4820  26.862097  102.948714    16.683     1037.0    -9738.2    10546.7    277.4    191.0    254.1 2023  3  8 14 27 34.340  3.3     0     0     5     6 -9.000  0.203   1
     4823  26.893274  102.929362    18.610     -885.0    -6283.8    12473.5     57.8     50.5     68.6 2023  3  8 15 31 26.140  3.0     0     0     2     3 -9.000  0.065   1
     4826  26.852020  102.997371    13.250     5870.6   -10854.9     7113.3    126.7    141.7    145.0 2023  3  8 16 15 45.570  3.2     0     0     3     3 -9.000  0.153   1
     4829  27.128402  102.838241    10.526    -9925.5    19768.9     4389.4    107.2    104.0    123.5 2023  3  8 16 47  0.030  4.2     0     0    13    12 -9.000  0.149   1
     4831  26.851288  102.936043     7.383     -221.2   -10935.9     1246.5    217.7    157.6    213.6 2023  3  8 17 18 39.840  3.2     0     0    14    11 -9.000  0.195   1
     4833  26.840641  102.951766    13.994     1340.3   -12115.6     7857.1    210.6    164.7    168.5 2023  3  8 17 31 52.080  3.1     0     0     4     3 -9.000  0.231   1
     4837  26.856557  102.955835    14.372     1744.7   -10352.2     8235.5    211.1    127.6    152.8 2023  3  8 17 50 51.000  4.7     0     0    14     9 -9.000  0.133   1
     4844  26.853363  102.935807    14.376     -245.1   -10706.0     8239.1    107.3     89.4     66.9 2023  3  8 18 45 27.600  2.8     0     0    15    17 -9.000  0.138   1
     4845  26.830385  102.962663     5.890     2423.2   -13252.1     -246.0    145.9    111.7    203.9 2023  3  8 18 49 31.020  3.0     0     0     6     4 -9.000  0.110   1
     4847  26.850228  102.971655     9.185     3315.9   -11053.4     3048.4    174.1    155.6    187.4 2023  3  8 18 57 27.040  2.7     0     0     4    10 -9.000  0.142   1
     4851  26.847746  102.932389     8.265     -584.3   -11328.4     2128.5    189.8    175.8    214.3 2023  3  8 19 33  5.000  3.0     0     0    14    11 -9.000  0.145   1
     4861  26.840204  102.952515     6.658     1415.2   -12164.1      522.1    144.3    113.6    175.8 2023  3  8 21  9 16.860  3.3     0     0    10     7 -9.000  0.108   1
     4863  26.851235  102.952100    10.007     1373.7   -10941.9     3870.2     70.2     48.8     89.7 2023  3  8 22  6  3.920  2.9     0     0    29    24 -9.000  0.113   1
     4866  26.850399  102.982812     6.747     4424.9   -11034.4      610.6    112.4     97.5    166.6 2023  3  8 22 33 59.480  2.5     0     0     1     2 -9.000  0.065   1
     4867  26.851019  102.975968    14.178     3745.1   -10965.7     8041.9     87.6    123.3     77.2 2023  3  8 22 37 22.900  5.3     0     0    19    16 -9.000  0.167   1
     4869  26.841457  102.970150     8.165     3166.5   -12025.2     2028.2     76.0     86.7    151.3 2023  3  8 22 47 56.400  3.4     0     0    23    15 -9.000  0.156   1
     4870  26.848287  102.962557    10.835     2412.4   -11268.5     4698.7    116.9     81.4    105.9 2023  3  8 22 53 20.280  4.4     0     0    15    13 -9.000  0.156   1
     4871  26.857149  102.961751    11.255     2332.6   -10286.6     5118.5    188.5    135.6    159.2 2023  3  8 23  1 14.040  4.4     0     0     8     7 -9.000  0.125   1
     4874  26.853190  103.025781     8.168     8693.5   -10725.2     2032.0     57.0     47.8     86.2 2023  3  8 23 13 55.440  3.0     0     0     2     3 -9.000  0.053   1
     4875  26.848995  102.943929     9.375      562.1   -11190.1     3239.0     85.3     96.8     95.4 2023  3  8 23 18 10.480  3.7     0     0    10     9 -9.000  0.112   1
     4876  26.846594  102.930794    10.907     -742.8   -11456.1     4770.2     61.1     59.9     88.3 2023  3  8 23 31 30.240  3.5     0     0    23    20 -9.000  0.139   1
     4879  26.839905  102.938957    10.756       68.1   -12197.2     4619.7    101.2     79.9     76.4 2023  3  8 23 46 48.440  3.6     0     0    17    13 -9.000  0.171   1
     4881  26.861348  102.935710     8.176     -254.5    -9821.3     2039.2     71.4     83.3     87.5 2023  3  9  0  8 16.120  3.0     0     0    11    15 -9.000  0.127   1
     4882  26.842485  102.996419     9.943     5776.2   -11911.5     3806.6     71.9     63.3     84.4 2023  3  9  0 11 32.910  3.5     0     0     9     8 -9.000  0.097   1
     4883  26.849255  102.933976    11.319     -427.1   -11161.3     5183.0    117.1     64.2     87.9 2023  3  9  0 20 14.480  4.0     0     0    24    13 -9.000  0.123   1
     4884  26.865511  102.956527    18.015     1813.2    -9360.1    11878.2    356.8    243.1    232.2 2023  3  9  0 23 49.980  4.0     0     0     6     6 -9.000  0.164   1
     4890  26.848796  102.921053    11.937    -1711.1   -11212.2     5800.7    100.6    102.4     80.2 2023  3  9  1 40 14.730  3.8     0     0    10     6 -9.000  0.121   1
     4893  26.852537  102.968481    10.274     3000.9   -10797.6     4137.7    109.2     96.4    119.2 2023  3  9  5 13 22.820  5.9     0     0    23    23 -9.000  0.174   1
     4894  26.856498  102.978638    14.034     4009.7   -10358.7     7897.3    100.6     84.8     84.3 2023  3  9  5 38 49.370  3.3     0     0    10    10 -9.000  0.139   1
     4898  26.863896  102.969914     8.956     3143.0    -9539.1     2820.0     85.4     72.4     74.3 2023  3  9  6 15 57.510  3.5     0     0     8     8 -9.000  0.070   1
     4900  26.858488  102.972624    10.684     3412.1   -10138.3     4547.1    157.5    140.2    152.9 2023  3  9  6 32  3.610  4.3     0     0    22    17 -9.000  0.189   1
     4902  26.857497  102.969678    10.802     3119.4   -10247.9     4665.3    112.8    112.3     97.1 2023  3  9  6 45 48.850  4.0     0     0    28    31 -9.000  0.132   1
     4903  26.864573  102.955396    11.385     1700.8    -9463.9     5248.8    112.7    132.3     94.2 2023  3  9  6 46 51.910  3.8     0     0    11     9 -9.000  0.150   1
     4905  26.845170  102.949618     4.771     1127.2   -11613.8    -1365.6    124.2    113.9    122.1 2023  3  9  7  8 25.650  3.1     0     0     2     3 -9.000  0.126   1
     4909  26.873407  102.946737    15.609      840.9    -8485.1     9472.7    238.2    158.3    173.1 2023  3  9  7 34 40.930  4.3     0     0     3     2 -9.000  0.077   1
     4910  26.863359  102.960368    11.591     2194.5    -9598.4     5454.2     61.0     66.3     79.7 2023  3  9  7 45 48.900  3.3     0     0    31    36 -9.000  0.127   1
     4911  26.858209  102.982910    10.479     4434.1   -10169.1     4342.5     57.8     68.7     37.2 2023  3  9  7 50 26.170  3.9     0     0    20    17 -9.000  0.110   1
     4912  26.847640  102.978206    12.305     3967.1   -11340.2     6168.3    130.0     81.0    152.2 2023  3  9  8  5  8.560  4.8     0     0     4     3 -9.000  0.038   1
     4914  26.852616  102.945011     6.945      669.6   -10788.7      808.5    170.7    132.3    152.6 2023  3  9  8 52 12.480  3.2     0     0    15     9 -9.000  0.121   1
     4916  26.854515  102.981226    11.300     4266.8   -10578.4     5163.9     86.3     72.1     81.6 2023  3  9  9  0 32.350  4.1     0     0    26    26 -9.000  0.161   1
     4917  26.850698  102.974186     7.904     3567.6   -11001.3     1767.6     85.3     53.0    130.0 2023  3  9  9  4 21.030  3.5     0     0    20    24 -9.000  0.139   1
     4918  26.852966  102.941886     8.936      358.7   -10749.9     2800.0     80.4     90.7     83.4 2023  3  9  9 17 12.020  4.3     0     0    15    11 -9.000  0.124   1
     4923  26.842601  102.942830     4.150      452.6   -11898.6    -1986.8     94.1     28.5     91.1 2023  3  9 10 14 26.430  3.2     0     0     2     1 -9.000  0.050   1
     4926  27.117686  102.844946    10.965    -9260.3    18581.7     4828.5    147.5     88.0    106.0 2023  3  9 10 41  7.160  4.5     0     0     2     3 -9.000  0.129   1
     4929  26.870909  102.966105    13.731     2764.9    -8761.8     7594.3    115.7     83.6     64.7 2023  3  9 11 29 19.240  3.4     0     0    11    10 -9.000  0.108   1
     4930  26.858714  102.988940    10.168     5033.4   -10113.1     4031.8     84.7     80.6     81.0 2023  3  9 11 30 47.950  3.3     0     0     7     7 -9.000  0.131   1
     4941  26.846106  102.966699     7.530     2823.9   -11510.2     1394.1    157.9    129.3    203.5 2023  3  9 12 37 22.550  3.2     0     0     1     7 -9.000  0.165   1
     4948  26.841978  102.990194    11.170     5158.1   -11967.5     5033.8     67.9     81.7     81.7 2023  3  9 14 21 16.530  3.2     0     0    12    11 -9.000  0.137   1
     4952  26.840407  102.990820     8.195     5220.0   -12141.6     2059.0     78.6    111.9    101.9 2023  3  9 16 32  5.670  4.1     0     0     4     4 -9.000  0.136   1
     4959  26.851162  102.915584    11.005    -2253.9   -10950.0     4868.6    115.7    111.0     89.9 2023  3  9 19 16 19.380  2.8     0     0    13     8 -9.000  0.154   1
     4963  26.850610  102.942757    11.155      445.5   -11011.0     5018.8     93.3     72.7     56.1 2023  3  9 20 12 33.260  2.8     0     0    40    37 -9.000  0.143   1
     4966  26.856826  102.939478    13.877      119.7   -10322.3     7740.7     98.5     95.8     78.4 2023  3  9 20 28 34.200  3.9     0     0    15    15 -9.000  0.103   1
     4969  26.850287  102.948421    10.765     1007.9   -11046.8     4628.5     76.9     66.8     74.1 2023  3  9 20 49 10.040  3.5     0     0    33    26 -9.000  0.137   1
     4972  26.857192  102.937785    13.919      -48.3   -10281.8     7783.0    105.9    105.5     93.1 2023  3  9 20 59 26.920  3.3     0     0     6     6 -9.000  0.117   1
     4974  26.866282  102.963916    13.284     2547.6    -9274.6     7147.4     79.4    102.0     84.0 2023  3  9 21  6 49.480  5.2     0     0    11    12 -9.000  0.157   1
     4975  26.870005  102.933032    15.406     -520.7    -8862.1     9270.0    171.0    139.1    137.2 2023  3  9 21 12 29.000  3.3     0     0     7     3 -9.000  0.119   1
     4977  26.888483  102.870890     7.433    -6692.6    -6814.6     1297.0     30.9     24.8     55.0 2023  3  9 21 21 14.440  2.6     0     0     2     3 -9.000  0.040   1
     4978  26.852435  102.986589    12.534     4800.0   -10808.8     6397.3    171.5    160.8    173.5 2023  3  9 21 23 54.440  3.0     0     0     5     7 -9.000  0.151   1
     4981  26.857343  102.957267    11.356     1886.5   -10265.2     5220.1    133.1    104.7    106.8 2023  3  9 21 36  5.600  3.9     0     0    16    11 -9.000  0.171   1
     4982  26.854016  102.941479    15.891      318.7   -10633.7     9754.8    290.8    171.4    258.8 2023  3  9 21 40 47.960  3.0     0     0     4     2 -9.000  0.064   1
     4992  26.857959  102.943644    10.869      533.2   -10196.9     4732.3    158.6    134.0    112.1 2023  3  9 22 48 34.380  3.8     0     0    15     9 -9.000  0.182   1
     4997  26.862170  102.957520    12.941     1911.6    -9730.2     6804.2     86.0     80.2     74.0 2023  3 10  0 20 44.840  5.5     0     0    28    24 -9.000  0.146   1
     4999  26.852462  102.947974    11.661      963.4   -10806.0     5524.3    179.4    179.9    178.5 2023  3 10  0 50 10.760  4.2     0     0    19    16 -9.000  0.173   1
     5000  26.853585  102.971175    16.106     3268.9   -10681.5     9969.5    139.2    110.0    141.8 2023  3 10  1 32 16.950  4.6     0     0    11    11 -9.000  0.184   1
     5001  26.860089  102.964697    12.265     2624.6    -9960.7     6128.2     74.4     67.4     71.4 2023  3 10  1 58 31.490  2.6     0     0    25    24 -9.000  0.092   1
     5004  26.864964  102.904696     8.838    -3335.8    -9420.7     2701.4     70.0     51.5     93.2 2023  3 10  2 51 15.760  3.4     0     0     4     4 -9.000  0.164   1
     5007  26.841146  102.971818     9.133     3332.5   -12059.8     2996.8     94.5     97.1    125.6 2023  3 10  3 17 29.420  3.0     0     0    14    14 -9.000  0.099   1
     5009  26.849799  103.013322    14.795     7455.6   -11100.9     8658.8     17.0     21.3     15.9 2023  3 10  3 28 22.530  3.7     0     0     3     4 -9.000  0.030   1
     5010  26.841939  102.943579    10.276      527.2   -11971.9     4139.6    124.3     88.9    126.8 2023  3 10  3 57 59.820  3.5     0     0     5     5 -9.000  0.119   1
     5011  26.868540  102.936759    11.306     -150.4    -9024.4     5170.0    147.7    122.4    126.4 2023  3 10  5 39 34.000  2.9     0     0    10    10 -9.000  0.163   1
     5014  26.866907  102.951904    11.817     1354.0    -9205.4     5681.0     64.3     59.6     48.6 2023  3 10  6 35 52.570  3.3     0     0    25    25 -9.000  0.063   1
     5021  26.861115  102.913542     8.361    -2456.4    -9847.3     2224.5     85.4     84.0    121.3 2023  3 10 10 18  2.120  2.9     0     0     4     3 -9.000  0.166   1
     5022  26.844344  102.992326    10.145     5369.5   -11705.3     4008.1     53.6     57.1     84.9 2023  3 10 11 21 23.470  3.4     0     0    17    16 -9.000  0.112   1
     5023  26.850026  102.963835    13.635     2539.3   -11075.8     7498.4    112.3     88.1    108.6 2023  3 10 12 19 19.350  3.5     0     0    14    11 -9.000  0.139   1
     5024  26.831158  102.988298    13.229     4969.8   -13166.4     7092.9     50.5     61.5     76.3 2023  3 10 13 19 21.810  4.1     0     0     6     3 -9.000  0.117   1
     5030  26.858602  102.943132    10.449      482.5   -10125.6     4312.8     90.0    105.1     73.5 2023  3 10 14 54 39.740  2.6     0     0     2     0 -9.000  0.002   1
     5032  26.843966  102.926400    14.522    -1179.5   -11747.3     8385.6     97.8     51.3     63.4 2023  3 10 16 13 27.750  3.8     0     0     6     4 -9.000  0.059   1
     5036  27.031557  102.887899    11.277    -5000.3     9038.3     5140.6    209.2    103.4    127.5 2023  3 10 18  8  4.240  4.8     0     0     7     7 -9.000  0.145   1
     5041  27.022825  102.899357    11.995    -3863.3     8070.7     5858.6     56.3     57.4     49.7 2023  3 10 18 52 49.720  3.7     0     0     8     7 -9.000  0.121   1
     5043  27.039414  102.910946     9.359    -2712.6     9909.0     3222.3    138.8    111.2    130.9 2023  3 10 18 57 22.580  3.7     0     0     3     6 -9.000  0.052   1
     5045  27.029256  102.900212     9.615    -3778.1     8783.3     3478.8     81.8     51.1     44.4 2023  3 10 19  5 56.400  3.2     0     0     9     8 -9.000  0.076   1
     5048  27.016860  102.897087    11.765    -4088.9     7409.8     5628.3     56.3     52.1     35.7 2023  3 10 19 23 42.920  2.3     0     0     2     1 -9.000  0.020   1
     5049  26.867440  102.940202    10.556      191.2    -9146.4     4419.8    136.0    120.1     97.6 2023  3 10 19 42 54.000  3.0     0     0    13    20 -9.000  0.098   1
     5052  27.026778  102.905754     9.270    -3228.2     8508.9     3133.4     99.2     60.0     78.8 2023  3 10 19 55 36.440  3.2     0     0    10     8 -9.000  0.092   1
     5054  26.853780  102.965560     7.284     2710.3   -10659.8     1147.9    106.1     87.2    141.5 2023  3 10 20 14 21.700  3.4     0     0     6     7 -9.000  0.143   1
     5055  27.026375  102.898796    10.149    -3918.5     8464.2     4012.7    123.4     81.9     75.9 2023  3 10 20 25 38.080  3.9     0     0    15    11 -9.000  0.155   1
     5057  27.001760  102.860807     9.322    -7690.7     5736.7     3185.9     83.0    110.8     73.9 2023  3 10 20 42 23.660  2.8     0     0     1     0 -9.000  0.000   1
     5064  26.848431  102.968148     6.005     2967.8   -11252.4     -130.9    113.0     95.6    159.4 2023  3 10 21 25  8.920  3.2     0     0    16    17 -9.000  0.143   1
     5065  26.845894  102.946395     8.777      806.8   -11533.7     2640.3    139.7    129.1    106.9 2023  3 10 21 37 59.600  3.1     0     0    16    13 -9.000  0.169   1
     5070  26.854555  102.965495     8.538     2703.9   -10574.0     2402.0    115.1    100.0    115.5 2023  3 10 22 15  6.040  3.0     0     0    35    31 -9.000  0.152   1
     5071  27.114014  102.856966    13.343    -8067.5    18174.6     7206.4    150.1    176.5    131.4 2023  3 10 22 20 47.800  3.5     0     0     3     4 -9.000  0.178   1
     5072  26.866602  102.937061    12.831     -120.7    -9239.2     6694.9    109.3    105.3     80.8 2023  3 10 22 47  7.080  2.2     0     0    17    16 -9.000  0.130   1
     5074  26.907745  102.856185     6.079    -8152.9    -4680.4      -57.2      6.2      4.3      7.5 2023  3 10 22 54 53.160  2.8     0     0     2     0 -9.000  0.000   1
     5080  26.863190  102.969499     8.295     3102.2    -9617.2     2158.4     78.4     57.6     89.2 2023  3 10 23 23 55.580  3.3     0     0     7     6 -9.000  0.146   1
     5083  27.107857  102.831160     9.855   -10628.5    17492.5     3718.4     32.4     23.9     51.2 2023  3 11  0  8 26.730  3.5     0     0    12    12 -9.000  0.082   1
     5087  26.860286  102.950155    12.812     1180.0    -9939.0     6675.5    190.0    151.6    146.4 2023  3 11 13  1 44.520  3.3     0     0     4     7 -9.000  0.152   1
     5092  27.099548  102.825448     9.832   -11195.7    16571.8     3695.7    102.9     64.3     98.7 2023  3 11 14 41 36.200  2.8     0     0     9     9 -9.000  0.139   1
     5106  26.873458  102.874040     7.558    -6380.1    -8479.5     1421.4     39.7     17.1     57.0 2023  3 11 21  1 59.440  2.7     0     0     2     3 -9.000  0.040   1
     5114  27.178735  103.128833    12.274    18903.7    25346.1     6137.9     99.1    117.7    117.1 2023  3 11 23 17 37.400  4.2     0     0     3     2 -9.000  0.080   1
     5115  27.159554  103.124438    12.217    18468.9    23220.6     6081.1     74.4     34.2     96.5 2023  3 11 23 30 29.680  4.9     0     0     9     9 -9.000  0.069   1
     5121  26.839331  102.946672    12.724      834.7   -12260.9     6587.9    180.1    114.3    126.1 2023  3 12  1 19  0.320  4.1     0     0    17    15 -9.000  0.176   1
     5132  26.844741  102.956006     9.347     1761.9   -11661.4     3210.6    115.6    108.7    108.2 2023  3 12  8 12 14.210  3.6     0     0    15     7 -9.000  0.124   1
     5150  27.017507  102.806079    16.221   -13122.6     7481.6    10084.2    144.0     96.8    126.9 2023  3 12 15 38 22.550  3.2     0     0     3     1 -9.000  0.048   1
     5152  26.865257  102.930754     9.175     -746.8    -9388.1     3038.9     66.9     82.6    107.1 2023  3 12 16  1 19.550  2.5     0     0     9     7 -9.000  0.104   1
     5157  26.883677  102.906185    14.549    -3186.9    -7347.1     8413.1    215.4    159.3    118.3 2023  3 12 19  9 25.160  3.2     0     0     3     2 -9.000  0.147   1
     5158  26.999361  102.793587     4.196   -14364.4     5470.9    -1940.5    106.0    109.3    164.4 2023  3 12 19 23 38.080  3.5     0     0     8     5 -9.000  0.111   1
     5162  27.128674  102.841243     8.906    -9627.6    19799.1     2769.3    187.7    146.1    239.0 2023  3 12 20 30 52.060  2.9     0     0     2     5 -9.000  0.114   1
      832  26.945522  103.044165     1.525     4064.0    -3229.5      156.1   2119.3    981.9   2435.5 2022 10 20 13 55 59.580  3.3     0     0     2     2 -9.000  0.368   2
     2025  26.990733  103.010636     1.921      734.4     1780.0      551.6   2502.6   2578.3   4656.0 2023  1 14 13  2  8.110  3.0     0     0     2     3 -9.000  0.654   2
     2338  27.002108  102.999097     1.127     -411.1     3040.3     -242.3    743.2    733.0   2121.1 2023  1 18  5 19 25.630  2.9     0     0     4     5 -9.000  0.519   2
     2676  26.999495  102.993750     1.576     -942.2     2750.9      206.6    746.9    743.4   1474.8 2023  1 24  6  5  2.570  2.6     0     0     2     2 -9.000  0.268   2
     3349  26.940051  103.057633     1.267     5401.0    -3835.7     -102.0   1940.3    990.1   2458.4 2023  2  4 14 38  6.830  2.5     0     0     2     2 -9.000  0.368   2
      230  26.984253  102.925741     1.235    -1149.5    -2188.0       57.1   5627.8   1716.4   2522.4 2022  9  9 13 29 31.760  2.2     0     0     1     1 -9.000  0.307   3
     2273  26.996261  102.952091     0.967     1466.1     -857.5     -211.2    980.1    566.1   1632.1 2023  1 17 14 15 23.710  2.1     0     0     1     3 -9.000  0.371   3
     2563  26.997911  102.921696     1.244    -1550.5     -674.8       65.3   4009.8   1687.9   2937.0 2023  1 22  7 23 19.350  1.5     0     0     1     1 -9.000  0.307   3
     4321  26.993009  102.943359     1.126      599.4    -1217.7      -52.3    993.5    568.6   1104.2 2023  2 24 12 34 16.750  2.2     0     0     1     3 -9.000  0.371   3
     1775  26.742145  102.992000     0.843     -746.5    -1479.9        9.7     61.6     26.1     36.5 2023  1 10 12 27 12.470  2.0     0     0     1     1 -9.000  0.244   4
     3710  26.753487  102.998991     0.803      -50.8     -223.3      -29.9     38.4     38.8     27.0 2023  2 11  4 22 25.770  1.9     0     0     1     1 -9.000  0.244   4
      823  26.962828  102.951611     1.410     -716.3     -554.6     -236.2   1276.9    719.0    907.0 2022 10 20  1 31 35.680  3.2     0     0     3     3 -9.000  0.253   5
     2221  26.960459  102.951473     1.363     -730.4     -817.0     -283.3   1276.4    719.0    907.0 2023  1 16 21 14  1.880  2.7     0     0     2     2 -9.000  0.154   5
     4495  26.978129  102.942285     1.268    -1642.4     1141.0     -379.0    503.1    708.9   1268.6 2023  2 27 22 37 58.740  1.4     0     0     3     3 -9.000  0.321   5
     4523  26.971206  102.927677     0.941    -3093.3      373.7     -705.5    515.9    588.0   1305.1 2023  2 28 17 54 56.040  1.4     0     0     2     2 -9.000  0.287   5
      809  26.840206  102.865682     0.882    -1045.2      887.3       57.6   2419.3    885.0   3406.9 2022 10 19 14 25 11.960  2.0     0     0     2     2 -9.000  0.391   7
      976  26.839876  102.868709     1.187     -744.2      850.6      362.8   2395.9    885.3   3438.1 2022 11  3 23 13 53.660  3.6     0     0     2     2 -9.000  0.391   7
     1017  27.073920  102.892546     1.342      672.9     1597.9      377.0    999.8    639.3   2324.4 2022 11  9 19  3 37.960  2.4     0     0     0     3 -9.000  0.389   8
     3660  27.046688  102.887590     1.403      182.0    -1419.6      438.0   1116.8   1122.6   2661.1 2023  2 10 13 37 41.730  2.8     0     0     2     2 -9.000  0.363   8
     3941  27.044539  102.881250     0.566     -447.0    -1657.7     -398.7   1116.6   1131.4   4063.3 2023  2 14 18 55  8.240  2.4     0     0     2     2 -9.000  0.363   8
     4072  27.072882  102.881730     0.669     -399.7     1483.0     -295.9    974.2    645.5   2350.5 2023  2 18  6 37 12.020  3.1     0     0     0     3 -9.000  0.389   8
     1230  26.959713  102.832088     1.524    -2324.5     1214.7      279.3    161.8    177.8    305.4 2023  1  3  2 40 46.620  3.0     0     0     2     2 -9.000  0.389   9
     3591  26.959226  102.848096     1.361     -735.3     1160.9      116.4    179.8    170.0    201.5 2023  2  9 10 41 48.240  2.8     0     0     2     2 -9.000  0.389   9
      773  26.942137  102.902083     0.854    -1207.0      126.2      -10.9    180.4     96.6    172.0 2022 10 17 14 23 33.190  3.1     0     0     1     0 -9.000  0.026  14
     2253  26.946318  102.919279     1.068      500.1      589.5      203.1    249.8    122.4    219.1 2023  1 17  8 54 54.650  2.3     0     0     0     1 -9.000  0.339  14
     3731  26.949416  102.908944     0.683     -526.2      932.9     -181.8    156.8     82.0    146.2 2023  2 11 11 35 58.500  3.3     0     0     1     1 -9.000  0.240  14
      324  27.224115  102.923446     1.805     -797.7    -1095.3      -32.7   8742.8    970.1   1368.8 2022  9 15  8 55 43.930  2.5     0     0     2     2 -9.000  0.258  15
     4649  27.224862  102.927865     1.844     -360.6    -1012.4        7.0   3285.7    976.1   1351.1 2023  3  5  6 25 19.670  2.4     0     0     2     2 -9.000  0.258  15
      290  26.832094  102.861938     1.282     -801.1     -959.1      367.4      9.7     12.4     30.4 2022  9 13 20 19 55.900  1.3     0     0     5     3 -9.000  0.019  16
      550  26.844008  102.873975     0.761      395.5      360.9     -154.2      4.3      6.1     23.4 2022 10  1  8 43 15.960  1.9     0     0     7     5 -9.000  0.016  16
      969  26.842957  102.870093     0.882        9.4      244.4      -33.1      7.0      7.2     26.5 2022 11  2  7  3 15.900  2.1     0     0     5     5 -9.000  0.018  16
      998  26.844012  102.873983     0.725      396.5      361.3     -189.6      7.2      3.5     29.8 2022 11  7 14 19 55.960  1.3     0     0     7     5 -9.000  0.015  16
      479  26.821092  102.787923     0.577    -1300.2     1007.2     -213.5    221.0    225.6   1227.6 2022  9 27  5 53 41.430  3.2     0     0     2     2 -9.000  0.150  21
     2667  26.816911  102.799040     0.884     -194.9      543.9       94.5    219.7    226.9    978.3 2023  1 24  1 54 10.670  3.0     0     0     2     2 -9.000  0.150  21
      708  27.140643  102.937980     1.829      692.3     -851.9      226.1    404.8    280.8    362.2 2022 10 12 19  3 45.360  1.7     0     0     3     4 -9.000  0.375  26
     2335  27.155589  102.927962     2.218     -300.6      804.1      614.4    127.4    241.6    390.3 2023  1 18  4 47 26.310  2.6     0     0     3     3 -9.000  0.409  26
     3935  27.148472  102.927091     0.809     -387.3       15.7     -794.6     99.8    245.5    493.1 2023  2 14 13 52 59.610  2.2     0     0     2     5 -9.000  0.502  26
     2292  26.821934  103.170964     1.812    -1096.9     -745.9       12.1    171.8    194.5    325.2 2023  1 17 18 26 30.440  3.0     0     0     2     2 -9.000  0.400  27
     3576  26.830105  103.159009     1.824    -2285.4      159.4       24.2    175.6    196.7    309.6 2023  2  9  0 17 38.860  2.5     0     0     2     2 -9.000  0.400  27
      305  26.852014  103.108032     1.649     1559.7      149.7       75.9    313.8    302.4    350.2 2022  9 14 13 53 47.700  3.2     0     0     1     3 -9.000  0.348  28
     2220  26.848043  103.107951     1.644     1551.6     -290.3       70.9    308.1    329.7    346.7 2023  1 16 21  5 16.480  2.5     0     0     1     3 -9.000  0.348  28
     1400  26.724994  103.081030     0.290     -146.3       54.5     -355.0     49.4     22.3     37.0 2023  1  5 17 56 29.540  2.9     0     0     2     2 -9.000  0.049  48
     4057  26.724007  103.083968     1.001      145.8      -54.7      355.9     48.9     22.4     33.5 2023  2 17 22 46 29.560  4.6     0     0     2     2 -9.000  0.049  48
      171  26.962065  102.868994     1.198     -249.6     -491.5       47.9    329.9    366.9   1114.6 2022  9  4 19 53 39.720  1.5     0     0     1     3 -9.000  0.358  59
     3839  26.970935  102.874007     1.102      248.0      491.4      -48.2    335.5    365.0   1135.5 2023  2 12 18 14 47.400  2.7     0     0     1     3 -9.000  0.358  59
      163  27.002014  102.924129     1.244     -384.4      389.2      -40.8      4.2      1.1      1.8 2022  9  4  9 43 48.470  3.2     0     0     1     2 -9.000  0.070  65
     3542  26.994987  102.931909     1.327      387.4     -389.2       42.0      3.4      1.1      1.6 2023  2  7 23 43 50.120  2.1     0     0     1     2 -9.000  0.070  65
     3098  26.952539  102.950700     1.531      913.6     -217.4      -54.0      6.3      9.4     16.8 2023  1 30 22 48 18.600  2.0     0     0     2     2 -9.000  0.518  73
     3282  26.956476  102.932300     1.675     -912.8      218.9       89.8      6.3      9.3     17.0 2023  2  3  6 13 13.030  1.6     0     0     2     2 -9.000  0.518  73
      947  26.869023  102.869043     0.585      948.9       57.9     -249.8      0.4      0.4      1.7 2022 10 30 21 30 53.960  2.6     0     0     2     2 -9.000  0.411  77
     3038  26.867981  102.849951     1.050     -948.7      -57.4      215.2      0.4      0.4      1.3 2023  1 29 20 13 16.800  1.2     0     0     2     2 -9.000  0.411  77
     1813  26.626951  103.047135     0.565      411.6      160.8      -69.9    823.8    476.4   1409.8 2023  1 11  0 37 54.040  3.4     0     0     2     2 -9.000  0.315  81
     2722  26.624048  103.038826     0.704     -415.8     -160.9       69.3    876.2    473.5   1417.0 2023  1 25  0 24 14.860  3.0     0     0     2     2 -9.000  0.315  81
     1135  27.045017  102.949032     1.439     -740.1       57.3      144.1    784.9    372.8   1543.9 2023  1  1 13 37  7.020  2.2     0     0     2     2 -9.000  0.440  95
     1949  27.043984  102.963818     1.133      726.7      -57.3     -161.8    852.8    370.9   1732.8 2023  1 13  9 59 14.140  3.1     0     0     2     2 -9.000  0.440  95
      419  27.189036  102.867041     1.018     -442.2     -605.5      -91.8    705.0    399.5    940.6 2022  9 21 14 17 54.850  2.5     0     0     2     2 -9.000  0.496 101
     1244  27.199965  102.875960     1.202      441.5      605.4       92.4    691.6    428.0    873.8 2023  1  3  8 30 26.580  3.2     0     0     2     2 -9.000  0.496 101
      310  26.781081  102.904858     0.896     -412.3      452.2       31.1    686.1    545.1    878.1 2022  9 14 16 35 51.590  3.2     0     0     2     2 -9.000  0.467 102
     1070  26.772921  102.913143     0.834      412.2     -452.1      -31.1    683.0    546.1    877.9 2022 12  6 19  6 52.680  2.7     0     0     2     2 -9.000  0.467 102
      882  27.053994  102.930688     1.749      -31.1      442.6       53.5   4516.8    815.8   2034.9 2022 10 24  4 15 55.450  3.0     0     0     2     2 -9.000  0.380 106
      944  27.046006  102.931242     1.641       24.6     -442.5      -53.8   4031.3    816.2   2006.0 2022 10 30 17 23 42.840  1.6     0     0     2     2 -9.000  0.380 106
      648  26.958877  102.956055     1.263      -93.8      -13.7        8.2    302.4    529.9    473.5 2022 10  8 18 46 11.840  2.3     0     0     2     2 -9.000  0.134 108
      910  26.959123  102.957951     1.246       94.2       13.6       -8.9    300.8    540.0    488.2 2022 10 28  9 45 39.900  3.0     0     0     2     2 -9.000  0.134 108
      637  27.047011  102.925692     1.345      911.8      222.9       60.4     25.3     12.7     20.3 2022 10  7 17 29  1.720  2.2     0     0     2     2 -9.000  0.467 110
      815  27.042989  102.907357     1.226     -907.5     -222.7      -59.0     21.6     12.8     20.2 2022 10 19 20 50 40.400  3.1     0     0     2     2 -9.000  0.467 110
      228        NaN         NaN       NaN        NaN        NaN        NaN      NaN      NaN      NaN **** ** ** **  3 36.000  0.8     0     0     2     2 -9.000    NaN 113
      614        NaN         NaN       NaN        NaN        NaN        NaN      NaN      NaN      NaN **** ** ** ** 39 36.000  1.4     0     0     2     2 -9.000    NaN 113
